64010.jpg r_spike 1179 377 65 158 moving 1111 352 69 165 standing 1004 420 97 172 standing 834 382 120 175 spiking 794 403 145 141 moving 729 355 65 151 standing 265 337 86 122 standing 388 341 88 120 moving 191 436 74 173 standing 601 362 40 230 blocking
64110.jpg l-spike 1159 355 72 147 standing 1064 417 99 148 waiting 1035 312 52 125 standing 818 388 51 161 standing 615 242 35 182 blocking 513 364 57 154 standing 392 363 92 161 standing 451 217 72 162 spiking 398 327 51 137 standing 313 323 83 116 moving 181 395 65 150 standing
65795.jpg r-pass 1049 389 71 120 waiting 938 305 92 111 waiting 973 437 68 148 waiting 907 427 58 130 digging 783 431 83 142 moving 830 382 60 130 digging 691 397 55 224 standing 538 349 103 127 standing 385 313 89 128 standing 278 428 66 182 moving 78 376 75 142 waiting
47385.jpg l-spike 1037 334 51 126 standing 991 450 86 127 standing 846 422 91 137 standing 671 280 36 191 blocking 468 293 52 135 spiking 526 399 68 115 standing 465 412 70 132 standing 366 415 64 112 standing 383 376 55 109 standing
44010.jpg l-spike 1117 359 94 145 standing 926 310 88 117 standing 984 425 58 147 standing 629 322 72 147 standing 577 314 30 220 blocking 464 342 54 130 standing 440 284 43 105 standing 344 361 66 88 falling 164 354 119 178 spiking 229 369 54 137 standing 238 329 51 119 standing
63940.jpg r-pass 963 422 115 162 standing 788 452 118 167 moving 823 374 64 148 standing 860 350 63 141 standing 919 339 114 100 digging 699 327 84 158 standing 573 397 68 166 standing 620 357 52 168 standing 594 336 47 149 standing 323 328 66 129 standing 194 414 82 173 standing 55 336 76 152 standing
74785.jpg l_set 1148 344 53 124 standing 1099 481 73 131 standing 853 362 57 125 standing 801 399 53 151 standing 805 375 49 135 standing 657 329 63 192 setting 711 427 52 165 standing 485 305 46 102 moving 319 380 57 116 standing 296 350 62 116 standing 208 453 94 161 moving
63745.jpg r_spike 1037 383 54 188 standing 999 254 45 126 standing 935 321 45 146 standing 860 251 65 169 setting 758 338 54 133 standing 633 226 45 203 blocking 489 370 54 165 standing 270 325 73 118 standing 171 412 77 165 standing 28 358 73 152 standing 841 397 69 175 standing
63770.jpg l-pass 1045 392 75 164 standing 1053 323 56 174 standing 1022 285 48 131 standing 807 372 59 166 standing 793 326 35 157 standing 789 293 54 117 standing 676 300 70 142 standing 610 291 64 140 standing 551 361 72 170 standing 432 356 89 87 falling 222 409 82 157 standing 123 350 81 147 standing
64030.jpg l-pass 1104 457 77 172 standing 943 407 57 185 standing 865 446 95 107 falling 839 352 63 145 standing 730 414 62 187 standing 741 414 52 182 standing 106 408 60 140 digging 326 419 65 175 standing 389 341 90 128 standing 495 319 88 135 standing
44115.jpg r_spike 877 421 63 179 standing 1080 399 96 116 standing 856 373 61 137 standing 712 402 66 164 standing 654 261 41 158 blocking 183 427 66 148 standing 42 398 69 162 standing 190 341 65 102 waiting 831 277 58 105 moving 553 404 82 131 standing 595 359 65 134 standing
30515.jpg l_set 1195 420 56 154 standing 1003 482 71 134 standing 957 392 53 124 standing 704 423 57 151 standing 700 383 52 161 blocking 718 379 40 127 standing 557 345 62 159 jumping 551 375 56 169 setting 411 357 58 101 moving 336 446 51 130 standing 261 395 53 132 moving 111 495 109 175 moving
64160.jpg r-pass 830 437 108 184 standing 864 377 119 154 moving 787 361 178 80 falling 809 269 38 136 standing 502 280 80 120 standing 112 314 57 125 standing 59 331 72 148 standing 546 302 35 141 standing 377 302 26 156 standing 362 339 27 156 standing 340 376 54 172 standing
74470.jpg r-pass 924 438 54 141 digging 899 371 62 139 standing 857 320 62 131 standing 770 422 74 168 standing 623 332 47 119 moving 586 361 45 143 standing 514 323 54 139 standing 487 352 43 139 standing 486 395 52 158 standing 348 322 74 133 standing 136 419 64 162 standing
44085.jpg r_set 894 481 137 181 moving 936 396 65 145 standing 1007 354 90 138 standing 928 276 110 114 moving 617 383 81 149 standing 612 235 70 193 setting 456 394 62 157 standing 485 344 59 167 standing 472 304 55 150 standing 67 407 63 166 standing 98 312 65 113 standing
74680.jpg r_set 336 439 37 195 standing 333 388 54 160 standing 337 353 50 149 standing 1008 373 91 98 moving 768 490 87 205 standing 867 439 102 153 moving 965 372 98 141 moving 608 443 74 167 digging 603 390 76 146 standing
35545.jpg r_spike 995 428 35 91 falling 1016 445 48 128 setting 942 443 71 116 standing 709 423 60 117 standing 671 501 68 144 standing 627 492 37 122 moving 555 470 41 128 standing 463 446 54 116 standing 421 397 48 110 standing 241 438 61 82 waiting 242 467 48 128 standing 124 443 61 125 standing
43980.jpg l_set 1117 364 83 156 standing 962 385 47 144 standing 867 304 53 137 standing 479 363 76 131 setting 685 388 55 161 standing 682 360 47 157 standing 705 318 65 145 standing 520 321 59 127 standing 522 285 49 120 standing 384 320 74 122 standing 93 358 105 142 moving
30480.jpg l-pass 154 455 58 136 standing 292 459 57 112 standing 284 395 34 116 standing 404 375 34 105 standing 521 381 66 103 digging 649 435 47 128 standing 727 397 39 134 blocking 741 426 38 137 standing 750 394 39 120 standing 952 449 46 115 standing 1104 386 68 120 moving 1164 419 42 129 standing
43955.jpg l-pass 169 364 44 127 standing 211 419 77 153 standing 543 376 69 148 standing 666 341 65 136 standing 1046 382 62 149 standing 888 342 76 140 moving 937 353 79 117 standing 783 416 59 172 standing 779 371 52 140 standing 794 327 56 113 standing 420 368 99 80 falling
66485.jpg r-pass 972 448 94 97 falling 901 328 63 148 standing 702 400 91 158 standing 657 334 86 120 standing 463 312 82 140 standing 449 304 103 138 standing 380 335 54 168 standing 316 401 47 176 standing 253 384 78 158 standing 256 292 69 141 standing
65710.jpg r-pass 161 413 65 140 standing 116 360 60 131 standing 286 418 60 170 standing 331 388 74 142 standing 337 327 60 136 standing 624 379 49 133 digging 829 457 112 86 falling 692 329 88 112 standing 875 324 47 136 standing 432 424 43 153 standing 433 404 39 149 standing
74510.jpg r_spike 135 305 95 142 standing 336 314 77 138 standing 171 417 54 166 standing 527 372 40 193 blocking 719 353 97 209 spiking 653 352 79 161 standing 931 434 84 157 standing 1016 346 73 166 standing 805 383 57 148 standing 781 317 52 139 standing
77100.jpg l-pass 838 441 60 170 moving 852 386 39 122 standing 862 348 51 135 standing 956 336 59 122 standing 991 440 64 133 moving 1011 302 54 122 moving 720 354 45 152 standing 681 415 53 160 standing 358 421 86 123 digging 412 347 54 109 standing 209 396 89 132 standing
53045.jpg l_set 147 505 94 64 falling 122 372 86 126 moving 359 308 77 116 moving 638 332 48 169 setting 554 371 58 141 standing 1019 455 75 137 waiting 1162 393 64 139 standing 1028 368 62 122 standing 742 426 62 163 standing 729 306 50 167 blocking 719 359 43 167 blocking 289 496 94 171 standing
65655.jpg l_set 1017 346 76 107 standing 1094 464 71 115 standing 776 339 38 123 standing 744 408 57 156 standing 742 366 35 137 standing 416 365 76 194 setting 488 345 54 126 standing 453 286 38 109 standing 246 374 68 120 standing 198 482 93 175 standing
63855.jpg r-pass 1005 457 77 94 falling 1047 345 44 137 standing 901 337 68 110 standing 657 406 81 148 digging 654 344 48 127 standing 523 406 49 162 standing 455 344 46 154 standing 358 377 66 164 standing 381 299 51 140 standing 243 437 60 164 standing 139 372 88 154 standing 11 373 55 130 standing
74375.jpg r_set 864 477 55 112 standing 838 434 61 108 standing 877 397 62 110 standing 841 347 29 109 standing 680 423 43 121 standing 610 415 71 86 digging 429 438 36 145 standing 438 410 30 133 standing 442 395 27 133 standing 189 372 56 97 standing 142 439 48 137 standing 71 404 66 127 standing
36040.jpg l-pass 1052 443 57 125 standing 782 385 33 141 standing 712 409 39 139 standing 795 335 35 125 standing 454 378 50 141 standing 395 311 62 115 standing 203 377 52 107 digging 89 449 49 156 standing 156 386 54 139 standing 1140 338 60 129 standing
53125.jpg l_set 209 486 128 187 moving 227 358 91 154 standing 325 332 77 125 moving 380 305 74 119 moving 517 333 61 184 setting 572 354 60 148 standing 738 407 44 168 standing 964 334 83 119 standing 1197 373 76 151 standing 1077 436 66 141 standing 705 329 65 176 blocking 713 293 60 178 blocking
58450.jpg l-pass 95 399 49 139 standing 161 441 88 145 standing 264 385 49 115 standing 361 373 62 115 digging 395 439 60 152 standing 645 404 52 139 standing 794 388 35 133 standing 745 374 54 166 blocking 751 421 49 152 standing 1052 381 54 117 standing 1182 374 52 139 standing 1007 478 62 137 standing
63900.jpg r_set 205 333 54 137 standing 53 428 86 181 standing 531 412 48 176 standing 540 363 52 179 blocking 699 344 72 197 setting 546 324 49 153 standing 809 374 71 150 standing 832 502 122 189 moving 1069 415 79 179 standing 1046 353 94 150 moving 1050 284 94 134 moving
43870.jpg r-pass 885 448 87 118 digging 937 413 68 112 standing 877 382 45 97 standing 728 450 58 127 standing 573 372 59 123 standing 479 422 27 125 standing 499 390 46 124 standing 466 388 31 122 standing 203 414 41 118 moving 146 408 31 130 standing 58 408 59 129 standing 1063 399 64 118 moving
35805.jpg l-pass 1186 419 57 142 standing 1110 476 57 142 standing 1012 369 72 122 standing 772 415 42 153 standing 799 365 26 138 standing 772 373 46 165 blocking 712 437 42 142 standing 444 409 65 142 standing 396 329 49 115 standing 305 429 65 84 digging 174 401 53 142 standing 62 477 61 157 standing
35615.jpg l_set 960 395 45 119 standing 700 386 40 121 standing 247 490 91 148 moving 208 450 87 127 moving 388 362 56 102 moving 387 422 51 101 standing 556 426 57 173 setting 571 414 59 134 standing 1108 436 59 129 standing 990 491 58 134 standing 688 406 39 155 blocking 690 462 43 150 standing
65750.jpg r_set 998 408 95 142 moving 823 493 117 183 moving 917 442 72 195 standing 972 293 101 119 moving 789 330 55 172 setting 664 385 83 169 moving 437 395 42 185 standing 451 355 49 165 digging 444 311 65 130 standing 188 337 53 126 standing 0 335 70 164 moving
36080.jpg l_set 1020 445 48 132 standing 983 349 69 117 standing 722 371 41 154 blocking 721 350 40 157 blocking 739 332 36 130 standing 571 360 48 169 setting 582 349 54 140 standing 447 310 59 102 moving 262 384 103 127 moving 167 469 70 166 standing 1175 408 67 125 digging
35580.jpg l-pass 1124 429 42 133 standing 1077 419 30 132 standing 991 466 40 120 standing 762 431 51 133 standing 716 472 33 132 standing 734 433 27 105 standing 649 480 44 131 standing 408 509 61 107 digging 460 435 58 119 standing 395 377 49 102 standing 353 432 34 103 standing 176 448 60 126 moving
51575.jpg l_set 137 401 47 162 standing 216 389 97 140 moving 409 312 48 113 standing 391 513 97 169 moving 469 366 58 205 setting 646 420 68 172 standing 786 420 46 162 standing 794 388 39 145 standing 776 334 62 140 standing 1009 343 64 138 standing 1090 449 61 149 standing
47600.jpg r-pass 1016 360 62 133 standing 776 407 80 128 standing 663 414 91 137 standing 667 301 72 155 setting 459 326 43 120 standing 465 291 38 123 standing 374 340 47 147 standing 319 380 45 148 standing 336 310 51 128 standing 277 340 45 124 standing 142 403 47 153 standing 0 334 52 131 standing
62835.jpg l_set 1125 470 86 130 waiting 1192 393 67 139 digging 1098 328 53 130 standing 757 374 62 163 standing 750 349 56 149 standing 774 332 56 139 standing 644 303 74 202 setting 575 351 58 137 standing 416 285 72 105 standing 69 458 105 165 moving 136 354 91 118 digging 79 356 62 125 standing
64220.jpg l-pass 1117 402 90 172 standing 1180 321 76 164 standing 1116 297 57 142 standing 841 307 49 142 standing 807 377 52 172 standing 790 335 38 164 standing 639 383 87 183 standing 401 275 65 137 moving 398 362 85 161 standing 381 406 131 63 falling 152 407 63 183 standing 102 322 60 161 standing
58720.jpg l-spike 1167 400 60 138 digging 1080 446 63 121 digging 1055 347 57 115 standing 933 432 84 156 digging 601 290 39 177 blocking 609 275 52 166 blocking 470 366 66 135 standing 424 258 50 143 spiking 295 357 79 107 standing 179 361 70 127 standing 150 474 97 183 moving 127 414 82 143 standing
64125.jpg r-pass 55 373 63 154 standing 237 315 53 121 standing 247 367 107 144 standing 291 319 56 142 standing 376 333 53 154 standing 385 294 51 133 standing 466 306 62 119 standing 460 284 34 121 standing 719 399 93 151 standing 856 301 60 128 setting 1017 322 76 140 standing 890 397 88 153 standing
35845.jpg l_set 1065 429 62 123 standing 906 375 74 114 standing 992 478 63 112 standing 679 354 39 130 standing 662 378 37 144 blocking 660 392 42 163 blocking 342 332 63 107 moving 497 383 51 161 setting 532 391 51 114 standing 271 385 53 107 moving 193 414 63 121 moving 55 487 107 161 moving
51300.jpg r_set 988 512 89 180 moving 915 360 43 132 standing 842 313 86 120 moving 694 355 65 141 setting 686 284 43 152 setting 492 424 53 167 standing 531 389 60 154 blocking 535 350 48 120 standing 163 461 102 147 waiting 196 339 50 125 standing 1 411 47 153 standing
74740.jpg l-pass 52 412 70 127 digging 299 352 68 102 standing 412 422 95 135 standing 514 337 73 122 standing 709 425 52 182 standing 789 417 32 161 standing 796 379 57 159 standing 871 356 78 125 standing 935 435 51 138 standing 1040 385 55 157 standing 1141 441 85 167 standing
74415.jpg r_spike 932 474 103 62 falling 948 443 78 122 standing 900 359 55 115 standing 728 308 86 104 spiking 783 414 65 152 standing 654 387 70 141 standing 459 409 82 140 standing 277 360 64 108 standing 136 453 110 136 standing 575 315 36 169 blocking
63660.jpg r-pass 1023 410 62 137 standing 908 364 95 122 digging 857 322 73 97 standing 600 370 69 142 standing 567 330 80 130 standing 480 363 82 147 jumping 391 331 49 157 standing 348 286 53 140 standing 261 439 93 151 standing 178 362 85 117 standing 157 425 55 137 standing 294 402 60 107 waiting
47340.jpg l-pass 964 369 51 172 standing 947 338 62 158 standing 959 315 51 133 standing 778 389 46 151 standing 559 343 98 137 standing 467 391 53 140 standing 442 301 62 119 moving 372 336 53 140 standing 113 416 77 189 digging
63910.jpg r_spike 1022 409 106 182 moving 948 357 107 158 moving 1005 289 82 127 moving 816 472 85 186 moving 766 405 68 158 standing 763 311 100 170 spiking 554 435 82 176 standing 592 346 51 175 blocking 591 304 46 151 blocking 268 339 68 126 standing 126 432 88 180 standing 1 367 68 148 standing
58675.jpg l-pass 926 393 61 164 standing 931 349 59 155 standing 934 333 39 121 standing 476 393 78 194 digging 418 321 59 137 standing 503 279 61 106 moving 599 345 80 149 standing
47580.jpg l-spike 1123 381 75 151 standing 893 442 90 140 standing 837 338 98 125 moving 681 436 116 147 standing 534 259 42 202 blocking 409 247 45 167 spiking 399 373 78 129 standing 372 391 62 145 standing 351 393 52 89 standing 227 442 52 175 standing 97 354 53 137 standing 543 258 35 175 blocking
66340.jpg l-pass 1129 394 45 141 standing 1110 356 69 120 standing 933 438 43 129 standing 793 383 47 128 standing 743 390 50 141 standing 706 376 50 148 blocking 550 421 67 156 standing 452 341 56 112 standing 377 388 58 139 standing 280 352 50 129 spiking 232 439 62 148 standing 187 397 43 111 digging
58490.jpg l_set 197 361 105 139 moving 269 410 69 167 standing 359 328 43 128 standing 394 289 75 94 moving 442 416 85 145 moving 785 343 52 128 standing 766 382 51 131 standing 787 412 61 156 standing 1239 387 38 136 standing 1096 453 95 136 standing 1098 329 57 123 standing 592 294 42 180 setting
47550.jpg l_set 879 324 58 142 standing 608 389 85 172 standing 600 349 66 181 blocking 605 310 66 120 standing 1187 357 55 189 standing 288 516 117 127 falling 483 397 38 161 setting 266 292 100 122 standing 251 360 69 150 standing 395 352 82 170 standing 0 363 79 164 standing
53055.jpg l-spike 1113 405 67 136 standing 967 458 110 135 standing 953 367 97 121 moving 686 444 69 161 standing 670 324 43 209 blocking 690 335 38 144 standing 556 403 92 153 standing 544 306 72 162 spiking 414 311 50 122 moving 367 473 77 176 standing 85 502 89 66 falling 137 366 62 117 standing
65690.jpg l-spike 1016 455 82 105 digging 1002 349 70 118 standing 799 342 80 90 standing 674 360 62 118 standing 544 358 40 209 blocking 423 385 71 132 standing 390 309 52 125 standing 305 368 56 202 spiking 239 408 66 127 standing 64 373 107 140 moving
74620.jpg r-pass 1162 462 64 150 standing 1108 369 71 146 standing 952 347 90 116 digging 649 364 101 129 standing 542 349 92 220 blocking 420 394 77 165 standing 346 368 94 126 digging 255 447 88 158 standing 278 402 47 161 standing 151 403 69 143 standing 73 356 82 141 standing
62805.jpg l-pass 647 370 75 152 standing 579 346 75 133 standing 627 299 50 126 standing 301 333 45 129 digging 241 413 99 148 moving 1113 326 39 137 standing 913 347 45 122 standing 862 403 52 167 standing 1194 365 84 148 standing 1163 445 86 135 standing 858 369 56 105 standing
63835.jpg l-spike 1015 317 72 131 waiting 1184 329 65 150 standing 662 350 61 153 moving 700 322 75 127 standing 605 317 63 216 blocking 534 327 49 139 standing 433 264 41 145 standing 386 386 103 168 standing 144 357 66 127 standing 266 337 100 190 spiking 302 352 48 125 moving
62745.jpg r_set 1105 480 126 82 falling 991 336 82 148 standing 959 281 50 128 standing 736 415 88 196 digging 623 409 71 156 standing 669 322 68 131 standing 429 378 49 170 standing 439 342 29 158 standing 450 324 32 140 standing 147 313 69 123 standing 50 404 72 168 standing
51335.jpg r_spike 1210 418 69 150 moving 1014 411 83 134 moving 824 326 95 225 spiking 890 287 61 110 standing 823 330 62 142 standing 776 343 65 127 standing 678 342 74 213 blocking 400 347 96 110 standing 293 335 50 127 standing 232 485 82 135 waiting 79 416 83 140 standing
36100.jpg l-spike 1078 396 68 128 standing 911 429 91 136 standing 875 323 77 130 standing 612 360 60 136 standing 617 294 37 181 blocking 527 350 60 128 standing 402 390 52 148 standing 384 357 47 142 standing 272 441 80 178 standing 472 257 60 127 spiking 616 255 37 156 blocking
51255.jpg r-pass 1058 444 78 141 moving 992 452 82 103 digging 991 376 46 107 standing 816 426 88 140 standing 826 332 53 112 standing 654 364 53 138 standing 548 412 49 155 standing 561 357 44 161 blocking 540 374 37 119 standing 255 430 44 138 standing 257 379 46 117 standing 86 367 60 130 standing
58515.jpg l-spike 1083 462 90 126 standing 1026 348 72 135 standing 861 323 65 116 standing 633 359 105 116 standing 581 338 37 189 blocking 572 319 65 200 blocking 317 394 93 154 moving 232 353 39 121 standing 245 377 86 158 standing 408 279 46 142 standing 360 313 90 147 standing 389 340 86 198 spiking
47520.jpg l-pass 1135 391 72 165 standing 848 365 49 136 standing 735 438 74 161 standing 630 360 69 143 standing 591 428 43 159 standing 487 464 69 179 standing 341 488 89 117 digging 394 394 94 127 standing 259 421 66 111 standing 301 318 57 137 standing
51390.jpg l-pass 592 381 100 117 falling 716 385 64 176 standing 338 455 93 183 digging 159 372 99 173 standing 71 406 98 191 standing 380 495 88 203 standing 851 339 61 121 standing 832 392 42 187 standing 1081 304 65 161 standing 1193 441 54 168 standing
51485.jpg r_set 949 357 67 147 standing 662 385 93 168 digging 808 353 67 146 standing 887 500 80 191 moving 911 426 46 150 standing 835 311 56 123 standing 473 425 64 167 standing 490 348 34 142 standing 510 385 45 154 standing 113 465 70 152 waiting 166 354 80 128 standing 0 398 37 132 waiting
51350.jpg l-pass 138 406 95 154 moving 265 356 65 126 standing 295 461 130 153 standing 476 393 81 87 digging 716 410 65 202 blocking 839 467 68 165 standing 834 359 82 141 moving 979 289 44 133 standing 1035 444 61 146 standing 1216 393 61 163 standing 856 333 43 139 standing
62780.jpg r_spike 959 422 65 155 standing 851 347 52 141 standing 686 379 70 141 moving 616 426 60 182 standing 592 365 59 141 standing 850 254 89 141 spiking 43 319 87 120 standing 48 420 117 149 standing 416 362 89 146 standing 480 348 61 132 standing 458 323 75 124 standing
66380.jpg l_set 1000 356 55 102 digging 708 380 57 150 standing 704 352 52 133 blocking 721 340 57 127 standing 549 320 74 178 setting 546 365 68 119 standing 412 306 52 100 moving 206 498 122 178 standing 229 333 51 122 standing 248 384 48 125 standing 1159 377 51 143 standing 1030 461 79 116 standing
64080.jpg l_set 809 380 49 170 blocking 819 318 55 113 standing 1200 342 49 118 standing 1194 389 83 136 standing 223 367 103 122 moving 457 274 55 93 moving 463 330 38 133 standing 719 403 43 170 standing 678 303 62 205 setting 123 464 105 158 moving
74570.jpg l_set 74 345 88 133 moving 135 398 95 184 standing 469 327 44 121 digging 320 292 53 155 standing 691 390 57 190 standing 463 382 103 139 standing 817 377 65 183 standing 819 342 56 166 standing 833 310 47 146 standing 1229 295 49 146 standing
63975.jpg r_set 1047 378 114 117 falling 978 365 75 167 standing 935 456 102 193 standing 848 312 69 190 setting 779 371 57 142 standing 679 287 55 135 standing 426 406 52 173 standing 427 358 58 128 standing 431 316 63 148 standing 131 323 56 131 standing 48 420 97 164 standing
63620.jpg l_set 30 474 157 159 moving 136 355 85 123 moving 393 284 62 109 moving 246 407 69 142 standing 542 337 75 197 setting 570 355 60 123 standing 1188 454 71 168 standing 1154 405 64 142 standing 1060 331 60 130 standing 713 374 55 142 standing 715 348 53 139 standing 732 347 52 125 standing
77135.jpg l_set 1134 349 66 158 standing 1065 470 92 137 standing 1006 342 72 127 standing 701 402 61 139 standing 711 348 54 150 standing 725 331 55 134 standing 549 332 68 213 setting 511 381 83 133 standing 460 311 69 119 standing 307 319 71 141 standing 105 364 119 131 moving 170 422 91 170 standing
47635.jpg r_set 1170 369 107 165 moving 981 447 116 195 moving 733 286 67 135 standing 720 374 71 101 falling 661 411 103 101 falling 585 315 65 143 standing 458 406 52 173 standing 489 364 48 167 standing 471 306 50 161 standing 106 317 54 135 standing 14 426 120 178 moving
35660.jpg r-pass 939 457 96 88 falling 838 458 57 117 waiting 700 450 91 130 standing 774 391 54 85 waiting 558 354 44 117 standing 525 341 38 128 standing 218 440 65 144 standing 351 456 43 145 standing 407 400 41 137 standing 307 390 35 120 standing 364 385 34 94 standing 430 372 41 97 standing
35510.jpg r-pass 988 433 40 95 moving 924 470 45 40 falling 863 430 43 85 moving 890 522 86 119 moving 742 479 65 87 standing 600 453 37 87 standing 523 455 33 94 standing 500 429 42 99 standing 342 444 55 67 standing 230 437 42 100 standing 195 467 55 109 moving 513 480 42 107 standing
30575.jpg r-pass 850 367 79 100 digging 833 414 44 133 standing 639 419 92 145 standing 606 350 60 133 standing 521 362 58 122 standing 476 346 46 108 standing 361 420 38 130 standing 403 392 40 141 standing 409 354 35 136 standing 133 438 60 141 standing 174 366 43 139 standing 127 385 49 119 standing
64265.jpg l-spike 1155 433 86 167 standing 939 324 79 134 standing 1162 337 80 150 standing 603 331 88 203 blocking 623 357 72 150 standing 660 321 72 137 standing 484 454 88 123 falling 164 416 82 161 standing 217 337 75 151 standing 408 383 48 102 falling 324 253 61 141 moving 435 358 82 207 spiking
51450.jpg r-pass 964 349 50 145 standing 872 417 66 149 standing 824 272 46 194 setting 675 433 103 147 standing 641 356 82 130 moving 576 377 62 147 standing 439 415 51 162 standing 468 384 43 156 standing 484 352 43 144 standing 314 370 52 145 standing 146 462 54 155 standing 152 388 75 144 standing
30635.jpg l-pass 1050 329 65 152 standing 1003 416 58 146 standing 843 448 118 180 moving 789 314 56 137 moving 749 333 58 150 standing 715 380 52 146 standing 599 407 69 154 standing 631 353 65 143 standing 562 310 62 137 standing 389 357 50 112 standing 230 446 80 116 falling 219 435 88 107 falling
64245.jpg l_set 32 426 140 182 moving 82 341 108 133 moving 288 263 92 115 moving 372 394 121 162 moving 453 417 92 76 falling 593 358 90 209 setting 719 386 61 169 standing 726 329 49 149 standing 744 311 49 135 standing 1064 312 63 144 standing 1164 426 105 173 standing
58635.jpg l-pass 1238 447 41 148 standing 1182 363 68 150 standing 1131 338 51 141 standing 1025 370 54 153 standing 963 408 57 178 standing 925 357 51 158 standing 726 381 57 168 standing 710 347 94 120 moving 751 307 83 133 moving 463 321 57 119 standing 205 328 75 204 setting 106 390 57 154 standing
65840.jpg r_set 1016 290 94 122 moving 980 362 86 151 moving 911 491 119 182 moving 877 411 49 145 standing 844 332 62 172 setting 695 329 47 155 standing 534 407 43 175 standing 539 370 61 165 standing 543 308 68 156 standing 257 332 50 120 standing 199 415 66 161 standing
77205.jpg l-pass 332 332 61 141 setting 436 356 68 139 standing 348 374 44 136 standing 367 405 105 164 standing 204 350 49 120 standing 82 416 69 158 standing 579 380 85 151 standing 568 346 51 151 standing 541 331 44 144 standing 1068 422 60 80 falling 891 437 66 122 waiting 902 334 48 103 standing
30535.jpg l-spike 439 280 69 130 spiking 236 467 55 159 standing 592 397 94 123 standing 579 284 44 181 blocking 499 378 41 122 standing 387 387 63 128 standing 275 412 52 130 standing 332 361 41 120 standing 1080 399 63 130 standing 870 449 77 125 standing 823 355 61 127 standing
35640.jpg l-spike 1005 434 71 117 standing 893 459 79 122 standing 835 370 60 113 standing 726 448 69 127 standing 595 336 40 165 blocking 589 300 40 170 blocking 298 452 57 140 moving 370 455 74 131 standing 367 405 58 140 standing 432 409 60 89 standing 452 301 54 120 spiking 492 397 69 136 moving
77065.jpg r_set 615 385 55 137 setting 671 409 58 130 standing 869 522 133 165 moving 845 399 52 113 standing 900 337 74 119 standing 779 322 49 116 standing 478 363 49 199 blocking 455 447 52 159 standing 47 411 55 134 standing 177 446 49 144 standing 198 359 55 110 standing
63805.jpg l_set 1221 422 57 189 standing 1028 301 100 148 standing 769 385 70 156 standing 807 313 49 142 standing 774 314 44 162 standing 591 303 58 229 setting 641 293 53 147 standing 517 268 57 109 standing 401 346 49 113 moving 165 353 96 147 moving 16 469 173 188 moving
64190.jpg r_spike 768 386 98 196 setting 693 300 47 137 standing 684 316 75 145 standing 958 277 46 148 standing 961 366 96 159 standing 829 385 130 65 falling 389 314 77 135 standing 441 403 82 179 standing 454 364 86 155 standing 179 335 92 130 standing 59 423 85 175 standing
66520.jpg r_set 853 267 55 161 setting 923 416 89 97 falling 868 445 86 192 standing 680 289 57 117 standing 512 312 40 151 standing 621 325 49 141 standing 300 412 40 182 standing 325 356 44 170 standing 258 305 55 136 standing 71 408 52 181 standing 0 350 58 141 standing
35870.jpg l-spike 1035 419 69 128 standing 990 466 69 131 standing 894 350 89 117 standing 643 350 53 128 moving 569 384 45 194 blocking 492 359 56 121 standing 426 315 50 122 moving 361 361 63 115 moving 239 389 124 169 jumping 288 389 57 128 standing 244 373 47 152 standing
66400.jpg l-spike 1005 342 52 128 digging 911 436 79 114 digging 859 335 75 96 digging 575 332 61 130 standing 570 265 41 182 blocking 355 359 92 116 standing 397 279 58 119 standing 265 443 80 176 standing 212 388 54 117 standing 201 327 69 122 standing 456 295 46 141 jumping
58570.jpg r_set 1003 372 68 144 standing 999 313 58 111 standing 903 384 72 151 setting 749 456 77 185 standing 687 549 88 65 falling 594 393 71 161 standing 504 383 37 145 standing 507 338 34 133 standing 457 390 44 168 standing 227 351 38 120 standing 181 369 77 147 moving 104 427 69 154 standing
58535.jpg r-pass 665 420 47 87 digging 495 381 55 186 standing 873 483 128 69 falling 878 373 73 114 standing 744 335 93 110 standing 410 310 50 141 standing 342 340 38 130 standing 324 442 101 150 standing 177 392 48 156 standing 143 369 54 135 standing
58600.jpg r_spike 29 371 73 126 standing 105 436 121 132 standing 263 334 62 114 standing 479 378 78 155 standing 599 298 47 163 blocking 688 377 63 122 standing 810 446 46 146 standing 830 436 64 186 standing 896 355 55 130 standing 918 262 92 126 spiking 1050 429 73 143 standing
34995.jpg l_winpoint 530 429 45 152 standing 298 395 55 150 standing 347 430 35 127 standing 368 442 56 147 standing 421 395 61 144 standing 438 372 56 134 standing 602 462 49 157 standing 670 470 78 173 standing 939 453 36 159 standing 744 345 42 135 standing 896 348 40 130 standing 1031 384 44 147 standing
51645.jpg r_winpoint 88 408 71 177 standing 248 406 65 159 standing 304 350 95 148 standing 388 329 36 137 standing 437 378 65 156 standing 470 459 46 95 falling 591 408 56 173 standing 716 329 53 133 standing 865 316 70 144 standing 989 342 59 156 standing 698 415 103 180 standing 926 424 69 158 standing
32370.jpg r_winpoint 265 450 106 84 falling 444 352 56 124 standing 489 419 53 162 standing 624 326 62 144 standing 747 448 59 183 standing 751 408 67 178 standing 1017 385 45 171 standing 1049 354 65 158 standing 1084 450 93 195 standing 1165 393 67 176 standing 1154 335 85 135 standing
50250.jpg r_winpoint 463 379 52 98 falling 303 368 87 168 standing 461 416 52 166 standing 654 320 46 148 standing 571 438 69 189 standing 766 367 50 168 standing 955 428 87 180 standing 943 306 81 152 standing 996 364 68 148 standing 1031 347 68 167 standing 1173 361 58 168 standing
47730.jpg l_winpoint 227 355 94 184 standing 322 387 77 199 standing 329 326 80 178 standing 413 396 59 202 standing 495 419 108 196 standing 509 315 55 129 standing 721 419 43 202 standing 781 383 56 198 standing 836 331 62 175 standing 873 460 76 93 falling 954 408 84 205 standing 1173 351 105 192 standing
31755.jpg l_winpoint 930 398 50 127 standing 779 430 72 117 waiting 783 326 67 120 standing 711 425 40 154 standing 497 349 37 127 standing 495 339 52 125 standing 379 416 52 147 standing 407 386 51 129 standing 405 366 43 124 standing 290 370 66 111 standing 237 417 64 136 standing 238 378 59 124 standing
33630.jpg l_winpoint 1022 358 60 141 standing 851 329 46 134 standing 761 429 58 156 standing 736 332 47 129 standing 639 432 75 155 standing 605 438 54 156 standing 422 402 69 135 standing 450 347 42 128 standing 343 402 50 128 standing 291 442 58 163 standing 277 419 51 146 standing 273 400 52 149 standing
30720.jpg l_winpoint 1029 425 64 112 standing 818 456 109 140 standing 780 350 92 162 standing 591 488 140 91 falling 645 323 66 151 standing 572 367 66 161 standing 428 381 90 157 standing 340 407 94 164 standing 287 414 62 168 standing 271 369 85 141 standing 171 363 80 162 standing 382 330 52 140 standing
49020.jpg r_winpoint 1128 323 93 159 jumping 1086 392 110 148 standing 880 403 79 163 standing 906 374 64 152 standing 861 320 65 167 standing 928 311 44 139 standing 739 350 72 145 standing 596 413 59 169 standing 568 325 89 123 standing 367 331 54 124 standing 186 476 120 63 falling 61 470 111 87 falling
