19915.jpg l-pass 1565 650 68 176 standing 1365 664 88 144 standing 1265 706 74 153 standing 779 698 77 159 standing 863 543 98 99 falling 994 520 107 126 standing 745 547 91 126 standing 1149 630 84 191 standing 1210 670 40 116 standing 1270 463 55 145 standing 1358 520 79 121 standing 1344 565 57 153 standing
53125.jpg r-pass 1156 588 97 121 falling 1190 702 65 146 moving 1050 566 114 95 digging 834 563 100 133 standing 786 675 65 193 blocking 781 618 44 212 blocking 648 508 62 140 standing 572 599 51 149 standing 670 704 64 173 standing 604 667 65 166 standing 296 595 79 137 standing
19975.jpg l-spike 1408 699 92 146 moving 1526 567 55 142 standing 1386 528 89 116 moving 1008 525 54 205 blocking 1005 514 54 189 blocking 887 524 84 133 standing 831 681 54 160 standing 840 626 68 160 standing 736 525 64 169 spiking 695 613 69 160 standing 670 546 68 128 standing
34765.jpg r-pass 1562 808 116 106 falling 1015 658 111 104 falling 1237 714 60 134 standing 956 804 79 197 standing 910 720 67 183 standing 883 570 67 106 standing 697 724 48 176 standing 690 620 48 160 standing 715 613 30 113 standing 418 720 67 176 standing 305 679 88 155 standing 389 613 44 139 standing
26940.jpg r_spike 1477 695 51 174 standing 1512 601 106 123 moving 1264 667 97 204 spiking 1235 761 72 74 falling 1109 710 76 102 digging 1235 566 58 146 standing 1033 608 67 220 blocking 1044 661 55 202 blocking 788 550 65 130 standing 632 716 69 132 standing 498 633 83 134 waiting 658 539 81 137 standing
34855.jpg l_set 857 648 88 169 digging 796 580 92 127 moving 481 657 96 96 falling 599 559 62 130 standing 698 487 72 123 standing 1179 714 67 162 standing 1073 585 69 160 blocking 1070 542 62 92 blocking 1411 563 62 113 waiting 1385 709 83 134 waiting 625 756 118 185 moving 1695 603 86 155 standing
27145.jpg l-spike 933 604 49 188 blocking 940 573 42 176 blocking 1041 548 80 111 standing 1220 524 69 119 waiting 1391 706 99 130 standing 1517 569 72 134 standing 461 580 57 157 standing 661 640 80 188 spiking 605 654 49 157 standing 738 592 61 169 standing 753 475 49 119 standing 778 591 30 115 standing
14220.jpg l-pass 1550 609 91 145 standing 1349 674 67 162 standing 1287 537 80 118 standing 1150 656 75 176 standing 1025 588 48 161 standing 1013 517 53 166 standing 951 611 60 172 standing 778 656 109 138 digging 719 576 55 172 standing 560 621 53 172 standing 529 570 48 139 standing 642 467 60 127 standing
14185.jpg r-pass 1269 717 107 165 digging 1274 606 58 165 standing 1215 580 52 104 moving 1088 508 94 143 standing 962 582 77 159 standing 939 522 60 149 standing 712 676 96 169 standing 672 636 68 152 standing 718 588 107 158 standing 690 570 96 102 waiting 443 543 48 131 standing 392 604 56 173 standing
34810.jpg r_spike 1555 633 92 83 falling 1321 721 106 146 spiking 1296 693 55 137 standing 1025 640 65 153 standing 1073 553 55 139 standing 761 739 72 155 standing 821 647 55 167 standing 723 708 99 155 standing 763 617 76 116 standing 436 648 55 155 standing 547 584 86 120 standing
34825.jpg l-pass 549 628 76 167 digging 777 739 69 176 standing 961 691 106 151 standing 835 611 62 160 standing 604 581 79 120 standing 783 570 67 137 standing 1591 597 76 125 standing 1411 752 83 174 standing 1379 702 62 146 standing 1114 611 51 162 standing 1120 550 58 146 standing
27010.jpg l_set 1600 595 93 142 standing 1379 674 54 148 standing 1412 522 49 123 standing 1082 634 49 164 standing 1101 522 46 123 standing 1073 578 60 96 standing 870 548 82 192 setting 777 627 93 159 standing 723 458 74 107 moving 570 505 85 150 standing 486 580 87 145 moving 384 760 109 156 moving
14330.jpg r_set 1366 560 68 148 standing 1317 661 68 145 standing 1113 471 68 120 standing 996 738 65 178 standing 918 633 117 175 digging 1029 634 49 128 standing 778 672 63 175 standing 774 564 54 153 standing 782 527 65 150 standing 562 652 90 164 standing 360 582 65 170 standing 421 539 49 148 standing
52995.jpg r_set 1456 588 92 146 standing 1118 744 97 62 falling 1110 788 106 181 standing 957 634 90 181 standing 1094 619 65 125 digging 1057 503 65 134 moving 527 627 62 176 standing 480 557 51 123 standing 722 581 65 141 moving 792 525 53 137 standing 837 594 48 167 standing 869 623 46 178 standing
14075.jpg r_set 1388 826 68 186 standing 1213 679 68 239 setting 1513 569 78 148 standing 1316 528 50 146 standing 1222 476 82 105 standing 1027 644 60 184 standing 910 639 49 170 standing 891 552 31 176 standing 908 534 49 127 standing 691 648 88 166 standing 565 532 49 141 standing 462 587 78 160 standing
14370.jpg r_spike 1037 633 95 231 spiking 1425 658 92 130 waiting 1288 697 86 148 standing 1138 635 69 152 standing 1033 490 57 153 standing 888 623 88 219 blocking 675 546 106 116 waiting 492 550 92 114 waiting 299 622 73 177 waiting 568 697 67 151 standing 977 653 79 146 standing
15580.jpg l-spike 701 684 68 189 spiking 653 704 132 95 falling 781 577 65 152 standing 640 493 59 144 standing 595 660 48 163 standing 413 629 54 149 standing 866 636 67 217 blocking 909 562 62 126 waiting 1407 609 93 125 standing 1319 762 85 128 waiting 1211 568 83 112 standing
53090.jpg l_set 900 600 57 192 setting 849 676 76 175 standing 649 746 123 175 moving 714 527 90 139 moving 474 600 93 134 moving 544 537 60 128 standing 1429 702 87 145 waiting 1447 576 63 145 standing 1205 537 76 156 standing 1005 651 46 172 standing 996 565 57 134 blocking 1003 540 41 104 standing
26865.jpg r-pass 1118 475 46 195 setting 1185 713 84 148 standing 803 590 91 146 standing 750 723 81 164 standing 722 709 64 163 standing 1258 562 90 123 moving 210 652 77 182 standing 380 640 84 150 standing 484 745 86 159 standing 488 673 62 151 standing 581 596 45 169 standing 558 538 52 144 standing
20055.jpg r_spike 1319 659 95 166 spiking 1380 643 62 140 standing 1173 648 58 141 standing 1201 594 82 141 standing 1231 559 64 114 standing 1081 639 46 165 blocking 1072 708 64 155 standing 889 599 117 110 standing 679 708 78 162 standing 591 631 92 149 standing 1370 576 79 88 standing 719 557 72 111 waiting
53035.jpg r_spike 1029 609 89 219 blocking 1027 576 99 191 blocking 1176 623 81 235 spiking 1233 719 57 93 falling 1152 597 60 149 standing 1372 646 49 173 standing 1427 619 68 165 standing 1278 537 49 138 standing 927 586 81 114 standing 731 668 81 173 standing 662 533 99 107 waiting 366 658 102 142 standing
15555.jpg l_set 842 611 104 167 setting 568 770 130 169 moving 639 642 62 125 standing 609 615 60 132 standing 627 490 81 95 moving 815 576 48 141 standing 1001 664 74 153 standing 978 582 65 137 blocking 972 556 69 97 standing 1267 588 109 92 waiting 1350 724 76 137 waiting 1528 613 81 144 waiting
53055.jpg l-pass 936 592 91 158 digging 872 661 88 165 standing 760 545 91 109 standing 467 633 91 158 standing 1006 703 82 160 standing 1071 660 51 184 standing 1152 689 82 160 standing 1257 657 81 131 standing 1216 571 58 175 standing 1279 536 60 138 standing 1438 670 66 160 standing 1474 621 74 170 standing
34740.jpg r-pass 1246 748 70 135 standing 989 573 60 129 standing 886 597 75 140 standing 872 783 49 180 standing 910 729 52 161 standing 717 734 83 177 standing 589 704 63 167 standing 689 613 52 165 standing 713 580 49 133 standing 470 699 77 149 standing 484 636 70 132 standing 1357 705 97 107 falling
34885.jpg l-spike 505 729 121 88 falling 344 592 74 171 standing 595 569 74 142 jumping 1368 748 99 138 waiting 1437 595 80 133 waiting 1256 562 70 115 standing 961 576 69 126 moving 896 638 76 203 blocking 893 606 77 174 blocking 694 485 55 130 standing 773 594 64 157 standing 744 678 87 172 spiking
53110.jpg l-spike 699 654 116 179 spiking 770 678 56 172 standing 790 656 49 112 standing 890 633 56 203 blocking 910 623 35 165 standing 921 571 63 123 standing 1162 525 67 119 standing 699 505 77 123 standing 570 590 90 151 standing 413 592 93 123 standing 1366 735 102 149 moving 1347 569 76 133 moving
20075.jpg l-pass 707 685 74 152 standing 642 587 89 88 standing 875 543 91 131 standing 1080 683 59 158 standing 1082 655 59 151 standing 1494 613 76 133 standing 1326 685 85 168 standing 1363 629 63 183 standing 1277 573 84 113 moving 1170 641 82 143 standing 1173 583 63 125 standing 532 712 91 78 falling
26970.jpg l-pass 684 546 82 150 digging 791 685 85 170 standing 791 538 71 139 standing 961 485 49 145 standing 1133 685 74 172 moving 1203 701 57 181 standing 1324 629 63 167 standing 1460 741 124 175 moving 1586 680 76 159 standing 1517 701 60 150 standing 1389 548 63 150 moving 1517 555 84 137 moving
54430.jpg r-pass 1067 491 68 148 moving 896 466 83 131 moving 810 531 62 146 standing 777 478 76 148 standing 1303 666 106 78 falling 656 552 67 176 standing 402 536 67 106 standing 356 650 48 157 standing 286 650 80 178 standing 602 479 72 131 moving 396 675 103 156 moving 1342 509 95 130 falling
14110.jpg r_spike 1505 715 73 146 standing 1260 715 68 186 standing 1109 683 133 135 waiting 1327 530 127 182 spiking 1227 484 59 160 standing 1021 626 50 143 standing 1006 576 58 169 blocking 639 534 80 99 waiting 452 596 65 154 waiting 549 688 100 152 digging
27040.jpg l-spike 649 445 105 108 spiking 547 502 56 147 standing 697 584 60 171 standing 503 699 61 171 standing 376 607 78 143 standing 837 466 49 177 blocking 916 610 81 158 standing 1203 690 73 144 waiting 1420 586 69 109 waiting 1278 519 82 111 waiting 633 569 58 139 standing
15665.jpg r_spike 1022 536 109 165 spiking 1159 502 104 134 moving 1306 600 132 134 moving 1418 652 51 144 standing 1319 806 102 186 standing 1012 604 90 146 standing 933 524 53 211 blocking 935 730 58 165 standing 486 610 74 137 waiting 593 729 76 160 waiting 578 584 67 104 standing
20120.jpg r-pass 1362 623 107 131 moving 1302 694 87 126 moving 1279 549 85 115 moving 1088 681 60 164 standing 1060 592 117 161 digging 1046 551 57 137 standing 891 682 46 172 standing 939 606 52 156 standing 793 681 60 159 standing 787 502 82 101 moving 698 567 65 134 standing 361 749 96 98 falling
14120.jpg r_spike 1322 587 71 169 moving 1326 550 47 130 standing 1502 680 69 137 standing 1268 697 81 166 standing 1154 677 137 127 digging 1223 499 48 145 standing 1079 531 77 193 blocking 700 524 99 116 waiting 489 613 65 151 waiting 615 698 75 155 digging
20155.jpg r_set 1304 768 158 149 moving 1410 572 81 135 moving 1306 628 60 133 standing 1129 624 79 164 standing 1194 530 60 187 setting 1235 506 61 88 moving 967 532 52 133 standing 963 598 67 166 standing 971 692 52 169 standing 665 688 67 157 standing 657 548 51 119 standing 478 616 49 157 standing
19940.jpg l_set 933 528 86 105 digging 759 623 68 159 moving 788 551 61 93 falling 602 530 66 137 standing 962 668 62 191 standing 1037 676 67 179 standing 1507 609 51 162 standing 1351 641 75 139 waiting 1399 505 51 137 standing 1145 493 51 113 standing 1162 569 44 148 standing 1143 608 48 174 standing
20020.jpg r-pass 1324 609 76 142 standing 1238 611 110 126 digging 1193 697 86 162 standing 1122 670 89 54 falling 1071 621 39 162 standing 1075 596 58 153 standing 981 570 43 127 standing 993 607 42 130 standing 980 675 51 153 standing 824 609 49 151 standing 706 672 65 165 standing 685 566 36 128 standing
14250.jpg l_set 1585 607 60 144 waiting 1348 681 72 153 waiting 1304 527 97 109 waiting 1014 636 58 158 standing 997 557 48 169 blocking 989 510 48 139 standing 861 530 62 199 setting 781 562 65 141 standing 656 679 123 139 moving 585 610 92 155 standing 633 434 55 102 moving 531 551 60 134 standing
14140.jpg r-pass 1442 669 128 85 falling 1337 691 82 164 standing 1201 655 142 156 standing 1192 526 96 117 standing 1248 583 96 120 standing 1307 638 109 145 standing 1096 575 76 164 standing 1106 611 54 167 standing 532 585 76 164 standing 781 528 68 128 standing 654 665 109 161 standing
26905.jpg r_set 1137 534 66 168 setting 1339 561 62 129 moving 1245 547 68 150 standing 1201 697 68 131 standing 891 662 56 168 standing 1194 795 119 174 moving 777 702 43 170 standing 756 620 50 168 standing 749 570 58 117 standing 373 549 56 145 standing 326 737 88 162 standing 300 641 88 133 standing
14275.jpg l-spike 657 623 79 200 spiking 732 536 65 152 standing 605 452 64 133 standing 632 611 103 162 standing 482 602 67 172 standing 399 567 50 148 standing 828 610 54 216 blocking 816 559 58 176 blocking 851 528 82 121 standing 1364 560 71 133 waiting 1173 529 58 107 waiting 1234 707 89 141 waiting
20195.jpg r-pass 1502 648 79 139 standing 1367 714 48 137 standing 1184 595 53 144 digging 1059 733 53 148 standing 1046 665 90 141 moving 1059 529 58 144 standing 806 553 97 120 standing 971 716 55 172 blocking 974 642 53 204 blocking 728 704 60 169 standing 636 573 92 104 standing 447 605 95 151 standing
27065.jpg l-pass 604 565 76 140 digging 674 577 91 143 standing 662 492 62 117 standing 568 526 60 123 standing 790 516 47 129 standing 808 512 37 107 standing 920 581 85 131 moving 1096 673 67 137 standing 1270 569 91 124 moving 1255 534 54 70 waiting 457 671 88 128 standing 281 607 82 123 waiting
43245.jpg l-spike 1392 658 79 141 standing 1117 573 95 111 standing 882 676 85 139 standing 1235 715 95 139 waiting 777 502 51 181 blocking 634 476 81 160 spiking 618 657 62 134 standing 643 606 67 141 standing 573 584 51 137 standing 484 743 79 160 standing 379 636 53 139 standing
15620.jpg r-pass 1217 660 74 150 standing 1208 524 47 172 setting 1049 493 68 122 standing 882 573 100 130 standing 1015 771 86 172 standing 892 710 103 186 moving 686 614 47 175 standing 668 559 58 139 standing 622 744 64 171 standing 517 686 88 152 standing 397 651 49 163 standing 313 616 41 136 standing
43215.jpg l_set 514 800 127 164 moving 649 520 97 116 moving 466 655 41 132 standing 648 579 58 151 standing 893 575 41 188 setting 928 597 44 151 standing 1022 566 55 111 standing 1024 627 62 148 standing 1034 679 58 151 standing 1592 629 88 144 waiting 1351 747 74 158 waiting 1353 589 79 97 waiting
54470.jpg r-pass 1421 462 63 82 falling 1402 595 46 123 digging 1380 554 79 148 digging 1012 443 43 112 standing 883 592 68 148 standing 856 502 65 126 standing 477 722 93 183 standing 613 670 71 150 standing 595 548 49 156 standing 511 491 76 137 standing 336 669 43 172 standing 204 594 90 134 standing
20185.jpg r_spike 1084 692 99 150 jumping 1364 708 62 137 waiting 1475 609 55 154 standing 1194 605 54 143 standing 1108 504 48 141 standing 1046 667 88 143 standing 969 649 94 178 blocking 980 594 64 172 blocking 822 565 95 109 standing 685 708 64 164 standing 635 558 95 113 waiting 457 623 88 133 waiting
15525.jpg l-pass 1394 605 56 137 waiting 1233 698 70 142 standing 1177 574 89 115 waiting 892 574 60 132 standing 896 609 42 126 standing 910 642 58 154 standing 780 651 77 164 standing 720 583 88 138 standing 627 656 77 105 digging 653 504 62 132 standing 544 654 56 146 standing 585 734 73 166 standing
54400.jpg r-pass 1267 641 117 145 falling 1374 576 87 150 standing 1033 510 68 145 moving 833 498 60 148 blocking 822 482 38 145 blocking 727 575 76 120 standing 613 536 52 123 standing 682 455 57 142 standing 384 683 74 175 standing 324 593 57 159 standing 514 676 57 137 waiting
20180.jpg r_spike 1455 613 67 149 standing 1365 713 57 136 waiting 1189 622 65 146 standing 1116 689 104 166 jumping 1133 500 48 133 standing 1045 670 91 129 standing 605 712 131 144 moving 984 639 50 220 blocking 968 616 59 219 blocking 893 558 52 103 standing 641 562 83 103 standing 488 624 72 140 waiting
19905.jpg r_spike 1283 618 79 187 spiking 1395 650 61 135 standing 1577 625 62 170 standing 1373 545 55 133 moving 1321 484 53 133 standing 1279 442 50 137 standing 1176 594 55 193 blocking 1141 578 48 176 blocking 989 523 91 111 digging 804 518 93 109 jumping 702 544 84 133 standing 751 684 62 153 digging
14285.jpg r-pass 1187 663 57 200 setting 1290 574 82 120 digging 1150 541 76 123 standing 845 529 88 114 standing 794 602 38 205 blocking 788 587 82 161 blocking 695 532 71 142 standing 614 466 57 142 standing 613 642 60 150 standing 655 701 85 153 standing 445 604 52 172 standing 344 607 71 139 waiting
19875.jpg r_set 1508 599 97 105 moving 1386 613 68 133 standing 1287 731 141 166 moving 1109 474 62 139 setting 1183 471 86 96 moving 1053 483 62 105 moving 928 644 50 170 standing 920 550 54 156 standing 932 514 49 143 blocking 576 652 76 170 standing 517 575 52 145 standing 599 526 56 111 standing
20000.jpg r-pass 1461 596 79 126 moving 1226 660 61 120 moving 1141 622 128 62 falling 1021 642 68 154 standing 1001 590 39 168 blocking 1031 600 35 151 standing 877 626 86 154 standing 855 562 85 123 standing 848 691 48 161 standing 667 580 69 117 moving 673 657 82 149 standing
27110.jpg l_set 1263 665 60 137 standing 1315 596 69 141 standing 1329 525 58 102 waiting 1000 607 53 146 standing 1004 558 39 123 standing 1008 522 47 137 standing 860 547 65 190 setting 804 550 60 153 standing 667 464 65 99 moving 608 519 53 151 standing 410 617 97 137 moving 405 739 102 172 standing
44040.jpg l_winpoint 1442 674 90 90 falling 1264 538 58 137 standing 1086 493 49 139 standing 976 596 73 156 standing 970 771 162 68 falling 1028 789 82 135 falling 782 572 74 159 standing 770 530 61 139 standing 689 541 46 144 standing 717 644 79 183 standing 597 613 57 145 standing 547 583 58 136 standing
38220.jpg r_winpoint 1358 644 66 160 standing 1341 622 59 138 standing 1295 634 56 150 standing 1179 653 77 172 standing 1122 681 69 174 moving 1183 561 64 137 standing 982 654 59 166 standing 920 712 59 175 standing 837 593 51 151 standing 641 689 54 175 standing 618 590 86 130 standing 436 674 74 174 standing
32460.jpg r_winpoint 588 605 67 162 standing 751 553 40 132 standing 897 599 52 162 standing 1073 587 69 158 standing 1025 524 70 159 standing 1003 456 75 125 standing 1438 597 77 155 standing 1393 573 90 153 standing 1473 549 82 155 standing 1640 627 63 146 standing 1712 569 79 157 standing 1663 516 53 122 standing
43275.jpg r_winpoint 1238 628 53 142 standing 1062 681 90 162 standing 901 540 61 149 standing 820 626 68 153 standing 653 568 86 134 standing 629 573 62 136 standing 565 601 56 135 standing 437 614 59 155 standing 414 727 55 167 standing 391 590 58 146 standing 319 686 55 150 standing 230 646 67 134 standing
40620.jpg l_winpoint 1430 592 55 156 standing 1351 648 50 156 standing 1283 521 68 135 standing 1006 606 75 153 standing 1011 583 115 149 standing 1023 542 97 139 standing 806 616 51 172 standing 695 545 68 157 standing 640 614 134 165 standing 532 634 84 145 standing 466 571 90 146 standing 562 519 61 120 standing
31620.jpg r_winpoint 674 693 87 95 falling 642 554 67 141 standing 852 565 63 150 standing 827 527 44 130 standing 958 578 74 151 standing 954 552 74 156 standing 1107 529 91 151 standing 1266 587 68 160 standing 1350 589 54 132 standing 1422 548 73 148 standing 1448 509 71 118 standing 1263 485 72 115 standing
30960.jpg l_winpoint 1269 570 83 114 falling 1192 500 52 142 standing 1151 630 73 160 standing 1052 623 119 86 falling 1020 683 49 172 standing 950 638 58 173 standing 645 574 80 173 standing 574 564 65 162 standing 534 657 66 172 standing 486 631 50 175 standing 540 602 55 139 standing 416 595 65 131 standing
50700.jpg r_winpoint 1401 616 57 123 standing 1301 534 77 151 standing 1343 452 121 143 jumping 1214 477 111 148 standing 1186 561 67 166 standing 1184 623 118 157 standing 946 533 69 156 standing 963 498 62 141 standing 853 583 81 153 standing 713 651 76 153 standing 662 483 44 123 standing 470 549 63 153 standing
51990.jpg l_winpoint 1267 614 83 87 falling 1229 609 68 142 standing 1107 544 56 97 falling 1052 497 86 80 falling 1101 702 92 172 standing 957 654 46 179 standing 720 582 77 154 standing 676 562 92 152 standing 641 649 55 172 standing 582 653 52 163 standing 549 584 95 146 standing 440 551 82 127 standing
42120.jpg r_winpoint 1309 567 52 151 standing 1321 560 45 123 standing 1250 540 56 130 standing 1160 606 47 157 standing 1114 567 63 142 standing 1092 526 76 136 standing 962 454 50 130 standing 913 487 53 149 standing 841 657 56 170 standing 639 668 139 74 falling 664 531 52 122 standing 463 666 61 112 falling
44895.jpg r_winpoint 1398 539 69 132 standing 1321 627 75 141 standing 1187 628 99 164 standing 1116 535 52 158 standing 1060 589 74 175 standing 1062 586 47 157 standing 942 695 47 171 standing 872 707 71 174 standing 733 498 55 138 standing 675 550 44 129 standing 632 684 56 160 standing 434 582 64 147 standing
35880.jpg r_winpoint 1187 602 48 139 standing 1204 584 61 137 standing 1176 563 74 157 standing 1122 575 73 169 standing 1108 573 44 151 standing 1140 563 48 147 standing 797 560 63 154 standing 773 531 59 133 standing 666 706 74 136 falling 674 629 52 140 standing 616 585 43 123 standing 590 601 49 152 standing
30180.jpg r_winpoint 536 547 49 147 standing 694 586 84 157 standing 814 591 51 161 standing 620 529 61 82 falling 960 467 44 135 standing 944 431 35 120 standing 1145 444 71 109 moving 1148 533 49 137 standing 1195 573 75 149 standing 1256 527 50 155 standing 1296 481 48 133 standing 1298 590 60 143 standing
37545.jpg l_winpoint 433 611 77 164 standing 542 583 59 124 standing 566 694 85 177 standing 722 728 85 178 standing 730 555 68 167 standing 804 670 95 179 standing 1030 650 66 168 standing 1152 686 70 152 standing 1135 499 44 144 standing 1196 572 57 144 standing 1640 569 74 154 standing 1273 791 82 186 standing
50010.jpg r_winpoint 1349 499 47 191 standing 1313 471 97 154 jumping 1258 559 65 146 standing 1214 481 48 133 standing 1114 511 59 157 standing 1103 465 38 141 standing 951 457 70 135 standing 942 446 64 132 standing 815 609 59 179 standing 598 584 70 153 standing 515 529 78 154 standing 624 473 64 121 standing
