36790.jpg l-pass 977 363 45 120 standing 863 317 46 125 standing 863 423 50 112 waiting 708 418 67 131 standing 709 343 40 129 standing 754 276 46 106 standing 610 444 51 139 standing 512 440 79 150 standing 485 278 39 110 standing 360 292 48 122 setting 243 346 70 118 standing 341 416 76 126 moving
36865.jpg l-spike 382 342 47 120 standing 448 303 41 109 standing 535 236 57 113 spiking 500 333 64 116 standing 479 409 56 139 standing 430 430 52 138 standing 658 240 38 144 blocking 658 239 36 158 blocking 822 298 55 102 standing 815 401 68 130 standing 983 434 62 116 standing 1070 326 61 95 standing
36450.jpg r-pass 238 362 47 113 standing 390 316 47 93 standing 366 421 78 122 standing 616 300 39 112 standing 613 393 39 146 standing 618 441 49 140 standing 692 326 57 110 standing 812 367 80 112 standing 839 252 55 105 standing 1015 358 48 120 standing 867 436 69 120 digging 707 540 80 72 falling
28015.jpg r-pass 320 328 44 107 standing 457 310 40 110 standing 359 469 45 126 standing 505 367 61 114 standing 534 302 53 104 standing 566 272 39 107 standing 628 290 45 105 standing 634 270 38 87 standing 695 318 75 105 digging 865 417 53 103 standing 928 377 60 104 moving 991 305 51 118 standing
43570.jpg r_set 950 330 44 111 standing 898 383 67 131 standing 821 469 101 156 standing 727 349 71 129 standing 710 278 54 137 setting 749 259 65 100 moving 551 414 46 142 standing 539 354 51 116 standing 510 271 37 117 standing 287 305 42 92 waiting 270 428 75 99 waiting 138 358 61 101 digging
38935.jpg r_spike 239 357 46 102 digging 323 413 79 114 waiting 356 294 60 84 moving 506 422 72 114 waiting 637 220 49 133 blocking 629 250 33 151 blocking 705 228 56 118 spiking 691 346 56 102 standing 681 389 42 122 standing 736 446 61 134 standing 836 319 40 101 standing 1012 346 34 105 standing
43485.jpg r_set 951 344 58 40 falling 918 376 41 121 standing 901 475 117 139 moving 836 284 67 112 moving 729 276 56 106 moving 641 244 55 118 setting 547 398 48 142 standing 543 305 46 138 standing 557 255 30 109 standing 274 295 43 91 waiting 160 346 58 108 waiting 201 430 51 125 waiting
36175.jpg l_set 236 343 54 109 standing 318 480 69 143 standing 358 346 57 137 setting 390 323 51 103 standing 521 298 47 93 standing 524 337 53 120 standing 710 277 38 113 standing 695 360 40 127 standing 707 433 53 130 standing 907 295 50 111 standing 938 423 63 117 standing 1056 344 44 109 standing
36760.jpg r_spike 246 456 72 122 digging 236 368 83 104 digging 354 323 65 87 standing 562 290 39 112 standing 625 352 38 158 blocking 617 358 56 190 blocking 691 334 41 127 standing 735 413 71 128 spiking 757 317 60 110 standing 770 251 49 107 standing 819 418 44 113 standing 950 355 53 109 standing
43700.jpg l-spike 1039 318 55 106 standing 942 396 52 122 standing 791 260 54 113 standing 725 389 81 123 standing 607 219 46 147 blocking 603 192 47 160 blocking 485 193 65 136 spiking 489 318 43 125 standing 411 289 51 104 standing 373 390 39 124 standing 255 336 44 120 standing 474 450 79 142 standing
36315.jpg r_spike 983 427 67 109 standing 842 410 46 112 standing 750 414 61 134 spiking 751 259 34 109 standing 710 319 50 105 standing 671 351 50 117 standing 633 373 47 173 blocking 620 355 44 164 blocking 542 287 34 109 standing 358 322 67 86 standing 310 446 82 117 standing 207 383 59 108 digging
36485.jpg r_set 235 363 51 113 waiting 346 309 47 86 standing 339 426 76 115 standing 625 305 41 123 standing 625 334 42 126 standing 624 398 41 124 standing 749 446 51 132 standing 747 358 51 121 standing 762 290 62 112 setting 870 237 42 88 moving 1023 353 64 97 moving 977 404 51 123 standing
43625.jpg l-pass 140 342 55 136 digging 214 315 62 100 standing 355 410 64 124 standing 391 295 61 104 standing 551 404 65 116 standing 598 420 37 125 standing 660 398 58 134 moving 647 279 43 117 moving 768 329 62 114 standing 857 293 63 106 standing 838 394 54 133 standing 991 398 52 122 standing
36240.jpg r-pass 244 380 49 133 standing 290 416 56 133 standing 414 367 41 117 standing 445 394 73 142 standing 555 399 37 133 standing 538 327 38 122 standing 678 311 52 112 standing 627 409 61 115 standing 609 454 75 133 standing 772 322 63 112 standing 818 461 81 110 standing 1084 417 46 106 digging
27115.jpg l-pass 194 393 57 99 waiting 211 318 52 97 digging 296 325 50 80 falling 302 443 47 141 standing 436 278 46 97 standing 526 348 56 107 standing 637 339 35 122 standing 682 375 35 128 standing 655 314 26 120 standing 959 417 55 114 standing 959 345 40 116 standing 1097 286 82 96 moving
27160.jpg r-pass 446 444 60 147 moving 486 407 100 63 falling 569 294 43 139 standing 447 310 48 114 standing 335 315 51 124 standing 336 393 64 116 standing 651 427 97 109 standing 635 270 34 141 blocking 636 288 45 148 blocking 813 305 58 105 standing 888 435 65 109 digging 985 351 43 106 waiting
38905.jpg r_set 1086 360 44 87 standing 979 329 56 103 standing 840 247 53 81 moving 734 362 47 119 standing 655 287 48 135 setting 596 407 40 136 standing 603 338 47 135 standing 612 309 38 133 blocking 339 327 45 81 waiting 314 432 81 115 waiting 214 385 54 93 waiting 910 491 106 142 moving
36665.jpg l-pass 1018 352 40 115 standing 958 408 51 115 standing 775 411 52 122 standing 703 350 77 120 standing 775 325 46 107 standing 782 283 47 104 standing 604 435 59 66 falling 568 438 46 148 standing 512 434 90 131 standing 543 407 53 113 standing 525 343 61 105 digging 300 360 45 120 standing
36560.jpg r_set 225 352 48 102 standing 391 310 43 98 standing 336 403 58 124 standing 607 385 42 134 standing 586 268 34 103 standing 601 285 44 102 standing 680 258 34 104 standing 728 290 54 125 setting 770 299 54 68 moving 802 330 47 112 standing 924 425 75 134 standing 1022 339 36 94 moving
27920.jpg l-pass 1108 274 68 100 standing 978 335 35 119 standing 957 433 61 105 waiting 688 372 34 134 standing 651 329 40 130 standing 657 311 42 111 standing 551 353 40 115 standing 447 288 46 99 standing 298 278 47 111 standing 235 339 48 82 digging 181 385 68 108 standing 297 446 52 138 standing
38960.jpg r-pass 233 351 53 103 waiting 342 402 84 115 standing 414 318 47 89 moving 601 255 49 101 standing 613 288 52 93 moving 671 294 42 102 standing 709 330 45 120 standing 711 393 60 126 moving 719 436 83 112 standing 903 373 105 79 falling 801 324 72 76 standing 555 403 74 122 moving
38870.jpg r-pass 1053 359 49 99 digging 1021 435 54 136 standing 1007 304 57 112 standing 850 295 59 112 standing 811 247 42 109 standing 658 322 59 107 standing 607 289 29 138 blocking 590 338 36 130 standing 578 367 40 132 standing 330 425 62 110 waiting 302 340 58 74 waiting 155 367 47 124 standing
28055.jpg r_set 296 426 52 112 standing 280 333 57 115 standing 303 293 38 93 standing 578 382 40 127 standing 579 322 42 135 standing 576 286 35 116 standing 664 310 38 108 standing 730 304 41 113 standing 816 231 46 87 standing 872 324 48 101 digging 958 342 70 119 standing 1035 494 73 153 standing
27270.jpg l_set 990 334 39 117 standing 956 440 68 96 waiting 857 298 45 94 standing 643 291 38 116 standing 639 326 36 123 standing 668 396 42 134 standing 511 298 43 140 setting 505 316 51 105 standing 385 263 73 82 moving 367 325 57 115 standing 246 402 52 111 standing 287 485 94 131 moving
27150.jpg l-spike 355 469 90 139 moving 276 400 60 117 standing 295 314 61 123 standing 364 317 87 98 moving 520 271 87 118 spiking 543 377 86 96 falling 637 279 37 157 blocking 634 279 45 141 blocking 648 411 52 128 standing 866 291 50 99 moving 992 338 42 111 standing 934 435 75 113 digging
43720.jpg r-pass 988 302 43 99 standing 887 375 66 100 moving 822 412 63 140 moving 717 291 58 98 digging 606 267 71 110 standing 607 246 41 124 standing 538 279 37 106 standing 489 304 49 121 standing 447 295 53 102 standing 354 372 68 116 moving 360 425 47 139 standing 253 308 41 120 standing
36405.jpg r_spike 228 373 67 109 waiting 349 329 72 87 waiting 350 435 62 128 waiting 599 288 54 100 standing 638 371 45 170 blocking 643 372 43 187 blocking 714 387 48 116 standing 794 336 52 116 standing 801 255 46 103 standing 765 434 90 128 spiking 915 430 60 111 standing 935 333 51 87 moving
28100.jpg r_spike 149 325 47 117 standing 291 288 59 88 moving 262 430 75 106 standing 443 407 64 122 standing 610 217 41 137 blocking 596 220 52 166 blocking 663 345 81 83 waiting 745 321 67 91 waiting 727 219 51 119 spiking 878 349 59 99 waiting 951 329 52 107 standing 900 406 49 131 standing
36075.jpg r-pass 992 383 55 88 standing 953 444 62 135 standing 910 323 70 87 digging 739 300 47 95 standing 738 253 41 106 standing 594 321 44 105 standing 509 382 38 130 standing 517 355 39 111 standing 534 298 32 133 blocking 263 438 63 113 waiting 237 355 58 80 waiting 99 354 46 106 waiting
36830.jpg l_set 224 348 92 112 moving 355 314 45 101 standing 428 241 44 82 moving 550 338 47 152 setting 420 401 59 131 moving 379 482 77 150 moving 688 305 41 120 standing 679 346 44 121 standing 687 423 48 127 standing 897 292 42 99 standing 1002 432 61 114 standing 1066 364 48 107 standing
43535.jpg r-pass 982 339 40 92 standing 843 297 61 117 standing 801 405 46 138 setting 672 419 74 118 standing 649 364 85 89 standing 601 252 42 110 standing 546 413 56 169 standing 544 382 57 176 standing 377 266 51 118 standing 306 431 53 117 waiting 215 324 73 81 standing 75 377 55 127 digging
27235.jpg l-pass 211 399 41 116 standing 312 362 96 83 digging 409 427 53 123 standing 480 295 55 138 digging 481 295 38 106 standing 524 377 57 117 standing 656 399 41 115 standing 673 351 46 122 standing 693 279 49 90 standing 824 286 42 103 standing 861 328 49 114 standing 949 403 51 121 standing
43765.jpg r_set 706 390 79 59 falling 638 328 36 105 digging 752 269 41 106 standing 567 382 38 141 standing 997 319 46 111 standing 317 281 35 110 standing 166 320 44 127 standing 277 397 74 112 standing 933 465 90 144 moving 556 293 35 143 blocking 562 274 39 108 standing 851 245 56 91 moving
36125.jpg r_spike 199 374 45 114 digging 284 437 77 119 digging 297 323 51 93 standing 579 270 34 151 blocking 566 278 43 175 blocking 556 426 53 137 standing 655 300 58 102 standing 662 268 52 148 spiking 758 248 46 98 standing 840 303 42 107 standing 833 396 59 112 standing 807 480 83 138 moving
27300.jpg l-spike 829 302 54 103 standing 638 246 28 150 blocking 638 222 35 134 blocking 1034 307 41 113 standing 993 409 49 119 standing 701 429 94 115 standing 536 303 73 113 standing 530 209 56 121 spiking 455 431 55 133 moving 456 357 38 108 standing 466 297 39 106 standing 307 363 41 114 standing
43455.jpg r-pass 9 438 81 138 standing 167 302 48 128 standing 277 333 63 84 waiting 538 383 43 130 moving 561 301 29 143 standing 560 287 34 127 standing 644 268 68 102 standing 845 345 57 132 moving 846 459 102 145 moving 1014 370 66 135 standing 976 338 53 68 digging 913 271 47 112 standing
43605.jpg r_spike 131 366 70 113 digging 269 303 67 90 standing 277 421 84 117 standing 453 278 53 120 standing 566 334 48 186 blocking 566 349 57 194 blocking 668 344 74 180 spiking 670 247 38 109 standing 745 286 59 111 standing 790 315 55 124 standing 842 416 53 126 standing 961 360 40 120 standing
38990.jpg r_set 234 356 52 110 standing 386 319 44 92 standing 352 423 65 117 waiting 611 269 40 112 standing 616 321 49 126 standing 617 397 42 138 standing 728 284 45 120 setting 753 254 40 103 standing 737 373 91 118 standing 841 360 56 87 standing 938 334 50 102 moving 899 477 92 131 moving
36695.jpg r-pass 272 349 35 122 standing 411 392 54 122 standing 502 328 45 111 standing 605 400 42 132 standing 580 366 44 120 standing 597 319 46 93 standing 659 307 38 111 standing 852 345 69 119 standing 848 261 46 98 standing 1028 314 44 106 setting 1014 383 54 106 standing 960 463 86 137 moving
43800.jpg r_spike 898 302 62 111 standing 787 376 62 70 falling 730 389 77 144 moving 727 238 72 134 spiking 760 251 37 112 standing 622 319 65 108 standing 543 297 70 120 standing 541 265 51 113 standing 473 395 50 130 standing 215 413 79 114 waiting 132 335 66 125 standing 247 277 51 98 standing
36340.jpg r-pass 254 369 49 107 waiting 387 350 60 74 falling 429 434 81 111 standing 493 297 74 91 moving 604 464 68 134 moving 625 441 63 139 moving 768 328 51 103 standing 781 375 52 115 standing 794 265 41 67 moving 851 423 68 114 digging 834 502 73 131 standing 965 415 55 122 standing
36380.jpg r_set 1033 343 71 112 moving 1005 408 42 123 standing 894 247 43 80 standing 794 299 47 136 setting 796 370 49 123 standing 958 497 114 137 moving 639 423 41 138 standing 643 360 47 130 standing 647 306 33 116 standing 358 437 83 105 waiting 384 324 44 87 waiting 257 359 49 113 standing
27215.jpg r_spike 896 381 50 118 standing 869 329 54 111 standing 796 287 49 108 standing 657 444 81 77 falling 672 359 46 122 standing 664 250 48 145 spiking 544 332 49 117 standing 518 295 45 103 standing 477 419 73 129 standing 442 391 73 102 standing 320 342 64 117 standing 216 405 52 110 waiting
36115.jpg r_set 152 399 57 95 digging 260 438 80 119 waiting 257 326 48 87 waiting 542 317 44 110 standing 535 344 44 123 standing 534 407 39 139 standing 623 273 57 129 setting 669 314 42 131 standing 763 243 66 84 moving 854 289 39 99 standing 871 392 56 115 standing 870 502 100 138 moving
36285.jpg r_set 160 360 44 117 standing 309 327 44 86 waiting 282 426 54 133 standing 554 299 40 122 standing 556 346 45 120 standing 551 409 39 132 standing 636 288 44 137 setting 653 349 51 129 standing 776 256 68 79 moving 969 408 52 106 moving 842 486 99 134 moving 1134 470 70 129 moving
27990.jpg l-spike 1063 290 50 110 standing 984 440 85 117 moving 858 436 86 125 moving 815 298 47 100 standing 636 230 33 156 blocking 502 306 52 115 standing 486 206 56 131 spiking 402 311 51 115 moving 432 376 48 104 standing 351 350 49 109 standing 406 545 45 131 moving
27140.jpg l_set 941 439 67 101 waiting 984 335 38 121 standing 927 282 49 101 standing 662 398 40 132 standing 635 319 43 134 blocking 635 310 43 112 standing 551 324 65 138 setting 515 310 58 107 standing 342 324 49 100 standing 257 310 55 119 standing 228 397 60 116 standing 278 475 97 129 moving
36140.jpg l-pass 400 350 66 73 falling 342 419 86 133 standing 274 364 51 106 standing 535 435 130 110 standing 642 302 41 140 standing 638 328 43 128 standing 693 337 43 110 standing 786 255 50 108 standing 765 304 45 118 standing 776 408 64 90 standing 868 329 51 108 standing 775 456 68 139 standing
43660.jpg l_set 150 349 69 115 standing 278 296 39 104 standing 367 230 49 92 moving 549 374 67 134 standing 522 420 82 130 digging 472 465 53 155 moving 678 266 37 118 standing 663 319 37 122 standing 683 408 50 147 standing 912 299 40 118 standing 999 356 60 123 standing 974 422 48 130 standing
27950.jpg l_set 1039 321 46 120 standing 1030 430 55 118 standing 942 270 62 107 moving 703 396 49 131 standing 673 341 39 118 standing 674 295 43 100 standing 469 482 59 86 falling 475 331 48 130 standing 369 452 90 139 digging 236 379 47 116 standing 264 368 49 72 falling 356 248 46 94 standing
36515.jpg r_spike 1013 338 44 106 standing 880 343 52 127 standing 859 305 48 103 moving 780 387 55 129 standing 681 362 47 131 standing 718 212 42 125 spiking 629 225 38 153 blocking 633 208 45 139 blocking 494 381 79 108 standing 326 406 62 120 digging 346 288 65 85 moving 223 356 45 107 digging
36620.jpg l-pass 201 395 62 110 waiting 390 325 59 104 standing 424 408 134 108 falling 518 383 111 83 falling 581 426 72 138 standing 631 430 44 140 standing 692 318 53 107 standing 687 406 54 138 standing 750 386 54 118 standing 794 413 47 117 standing 744 256 45 106 standing 1002 374 47 125 standing
27190.jpg r-pass 941 328 69 141 standing 298 409 43 112 waiting 379 333 46 116 standing 563 359 55 112 standing 485 304 43 116 moving 428 437 93 56 falling 508 447 74 108 falling 806 308 57 101 waiting 639 305 40 113 standing 668 363 38 108 standing 656 453 84 89 falling 856 414 53 120 moving
43520.jpg r_spike 940 306 52 94 standing 788 265 57 110 standing 802 413 55 123 waiting 713 358 75 164 spiking 661 326 63 132 standing 608 239 39 105 standing 448 260 44 118 moving 270 301 62 92 standing 86 379 91 115 waiting 234 436 68 119 waiting 552 359 45 182 blocking 548 334 46 179 blocking
36215.jpg l-spike 262 401 73 120 moving 309 376 41 123 standing 461 348 44 115 standing 484 393 61 135 standing 513 360 80 178 spiking 552 312 42 119 standing 661 344 52 172 blocking 658 345 59 185 blocking 743 326 45 105 standing 883 310 52 103 waiting 1008 458 84 113 moving 1136 366 61 108 waiting
36735.jpg r_set 256 358 52 110 waiting 361 314 47 86 waiting 324 427 77 122 waiting 613 302 42 105 standing 610 332 38 111 standing 597 406 41 135 standing 705 290 50 131 setting 737 294 43 156 jumping 824 241 71 86 moving 897 386 40 112 standing 1048 344 57 87 standing 928 497 76 138 moving
36600.jpg r_spike 194 390 56 119 digging 325 321 63 95 waiting 354 431 57 136 waiting 528 294 49 120 standing 624 340 50 154 blocking 627 350 61 172 blocking 714 258 50 104 standing 709 295 40 107 moving 709 363 96 153 spiking 778 361 43 116 standing 846 404 40 117 standing 953 334 52 106 moving
36530.jpg r-pass 1012 326 41 92 waiting 890 371 66 115 standing 824 384 46 122 standing 782 325 61 78 digging 676 369 57 104 standing 674 268 37 103 standing 626 261 44 117 blocking 619 243 40 115 blocking 474 383 82 110 waiting 407 298 43 86 standing 312 408 83 116 waiting 213 342 42 106 digging
31725.jpg r_winpoint 731 368 37 135 moving 848 303 54 115 standing 730 317 37 116 standing 736 292 47 105 standing 823 279 40 110 standing 833 275 40 94 standing 593 241 46 116 standing 472 338 41 118 standing 196 292 45 122 standing 233 298 61 54 falling 271 403 95 114 standing
43845.jpg l_winpoint 236 301 57 118 standing 281 297 47 109 standing 451 223 32 103 standing 358 362 44 122 standing 466 286 27 127 standing 448 364 62 160 standing 1013 318 51 118 standing 736 276 49 117 standing 806 276 35 118 standing 873 317 60 123 standing 810 376 46 115 standing 729 359 36 140 standing
34710.jpg r_winpoint 852 352 61 123 standing 891 322 33 113 standing 865 276 51 108 standing 784 263 40 106 standing 720 303 44 114 standing 714 283 51 116 standing 462 286 54 120 standing 410 370 41 123 standing 370 347 47 127 standing 341 272 52 114 standing 356 255 51 109 standing 231 351 47 111 standing
46035.jpg r_winpoint 324 340 51 125 standing 354 267 42 95 standing 498 251 39 103 standing 579 270 49 115 standing 472 362 57 131 standing 427 392 44 124 standing 783 286 41 101 standing 816 301 52 100 standing 774 332 56 131 standing 811 391 50 133 standing 831 334 92 118 standing 879 318 53 120 standing
35550.jpg l_winpoint 1081 379 96 125 standing 1063 294 52 114 standing 908 364 46 121 standing 888 334 69 120 standing 887 308 54 116 standing 610 313 45 119 standing 514 298 61 130 standing 483 296 54 116 standing 438 351 56 132 standing 434 351 32 115 standing 460 294 32 112 standing
32745.jpg r_winpoint 980 322 57 116 standing 937 346 48 116 standing 939 307 33 103 standing 901 355 44 128 standing 838 330 64 116 standing 850 305 44 119 standing 711 266 34 109 standing 638 278 37 118 standing 451 289 55 118 standing 410 406 37 125 standing 253 315 32 123 standing 31 449 74 57 falling
36900.jpg l_winpoint 981 332 106 40 falling 1014 379 38 117 standing 784 439 86 73 falling 780 298 32 115 standing 677 307 39 119 standing 656 273 40 108 standing 567 331 44 125 standing 492 384 59 147 standing 524 291 37 152 standing 421 373 59 132 standing 426 307 41 100 standing 351 286 25 150 jumping
46905.jpg r_winpoint 880 335 61 122 standing 842 344 61 115 standing 823 294 37 111 standing 782 377 50 132 standing 725 326 40 107 standing 723 273 40 91 standing 610 349 37 119 standing 610 272 36 120 standing 566 262 48 107 standing 526 317 47 106 standing 481 398 61 72 falling 272 321 38 121 standing
42810.jpg l_winpoint 821 325 67 114 standing 777 359 42 115 standing 725 341 54 126 standing 640 349 52 136 standing 666 323 52 130 standing 741 294 58 118 standing 489 317 81 122 standing 432 353 62 120 standing 432 265 36 123 standing 369 320 42 113 standing 343 328 70 157 standing 299 308 53 148 standing
