44990.jpg r_spike 819 372 48 124 standing 767 437 52 131 standing 571 429 45 143 moving 570 359 37 103 standing 436 355 37 116 standing 434 311 47 135 spiking 365 313 41 133 blocking 261 365 50 116 standing 317 392 69 111 standing 218 460 60 124 standing 77 451 50 116 standing 9 428 56 120 standing
50835.jpg r_spike 890 470 51 121 standing 831 419 68 112 standing 876 445 46 131 standing 792 367 38 104 standing 758 440 116 146 spiking 707 419 44 137 standing 643 398 33 169 blocking 515 402 73 104 standing 397 386 37 96 standing 283 495 57 122 standing 120 446 103 112 standing
30290.jpg l-spike 1038 472 69 131 standing 1051 382 88 120 standing 909 368 54 114 standing 713 369 30 107 standing 697 328 65 144 standing 531 393 56 161 spiking 573 399 71 118 standing 509 308 50 133 standing 396 351 62 118 moving 320 392 69 141 standing 269 451 73 131 moving 682 404 37 169 blocking
26355.jpg r-pass 1038 382 69 139 standing 853 373 107 77 falling 900 459 62 156 standing 625 389 80 124 standing 583 438 45 135 standing 518 436 50 156 standing 523 378 35 160 standing 422 336 62 146 standing 350 415 39 150 standing 278 392 71 131 standing 95 404 56 165 standing
26210.jpg r_spike 974 378 52 145 standing 856 394 63 124 standing 810 440 63 123 standing 721 391 42 145 standing 758 387 81 165 standing 764 330 35 164 setting 559 354 85 202 blocking 581 327 46 218 blocking 446 372 70 131 standing 237 356 52 111 standing 143 471 68 148 standing 0 415 75 140 standing
38095.jpg l-spike 836 435 57 140 jumping 641 280 39 167 blocking 967 357 40 111 standing 1019 449 57 114 standing 1123 387 82 130 standing 467 301 44 130 spiking 451 374 47 106 standing 436 450 53 137 moving 559 393 41 131 standing 525 380 40 123 standing 241 398 57 120 standing
50970.jpg l-spike 1139 472 60 109 standing 1174 402 52 111 standing 992 374 45 99 standing 861 437 69 137 standing 773 318 37 146 blocking 689 410 48 99 standing 606 295 30 144 spiking 601 437 47 122 moving 541 389 39 107 standing 366 451 73 129 moving 275 406 58 114 standing
19410.jpg l-spike 1131 383 51 128 standing 1030 455 66 130 standing 981 364 37 119 standing 856 439 57 137 standing 717 302 39 162 blocking 639 386 39 125 standing 600 304 41 130 spiking 510 407 37 129 standing 481 365 42 109 standing 338 380 52 121 standing 261 433 107 129 moving
26290.jpg l_set 1176 456 62 148 standing 1082 346 64 129 standing 886 413 55 154 standing 891 367 38 142 standing 881 320 38 114 standing 758 360 43 147 standing 525 309 65 112 standing 511 419 76 154 standing 459 337 46 167 setting 338 486 104 157 moving 283 343 42 142 standing
30050.jpg l-spike 1084 353 62 130 standing 907 436 59 120 standing 786 424 86 130 standing 797 328 47 102 standing 607 262 29 151 blocking 483 220 62 164 spiking 514 364 47 142 standing 418 382 59 142 standing 427 351 49 115 standing 244 438 53 140 standing 245 376 47 139 standing
29975.jpg l-pass 1165 340 65 133 moving 1136 364 46 140 standing 1025 428 35 155 standing 1042 379 32 149 standing 896 414 58 145 standing 878 342 58 124 standing 815 315 51 110 standing 723 414 49 75 falling 621 423 133 84 digging 533 421 85 151 moving
29865.jpg r-pass 886 397 44 128 standing 785 335 44 127 standing 646 338 44 122 standing 556 304 65 116 standing 464 342 37 123 standing 811 409 65 136 digging 294 405 58 144 standing 65 415 57 148 standing 126 353 54 130 standing 351 374 37 150 standing 352 341 37 134 standing
43525.jpg l-spike 1016 384 52 109 standing 1149 396 56 128 standing 1092 450 76 136 standing 809 456 64 141 moving 824 380 50 110 standing 784 412 48 135 standing 524 404 65 163 setting 652 364 45 115 standing 625 403 37 107 moving 580 385 50 122 standing 471 390 36 118 standing 369 421 40 131 standing
19310.jpg l-pass 1121 463 45 139 standing 1129 413 69 131 standing 1039 418 54 146 standing 970 449 54 152 standing 963 410 37 137 standing 892 454 47 129 standing 829 478 73 146 moving 742 438 73 96 digging 617 493 111 86 falling 667 380 45 103 standing 399 410 47 112 standing
26110.jpg r-pass 867 436 70 67 falling 929 448 74 77 falling 1019 464 86 124 moving 877 501 84 138 standing 783 389 46 99 standing 760 438 41 131 standing 577 397 35 130 standing 539 369 45 114 standing 488 427 35 131 standing 393 459 67 137 standing 366 375 42 117 standing 300 424 74 125 standing
50870.jpg l-pass 443 434 105 84 falling 542 426 86 69 falling 713 380 51 117 standing 465 462 68 137 standing 878 444 49 142 standing 835 473 57 139 standing 991 382 34 125 standing 967 408 35 128 standing 968 483 74 158 standing 1112 406 37 94 standing 1117 438 44 127 standing 1073 472 65 134 standing
36050.jpg r-pass 896 318 41 127 standing 813 438 48 134 standing 830 385 58 142 digging 827 360 40 99 standing 648 403 54 139 standing 444 384 43 139 standing 319 414 38 144 standing 352 364 43 161 standing 301 370 34 139 standing 62 408 49 125 digging
26160.jpg r_set 933 373 73 118 digging 1050 502 124 171 standing 909 413 58 137 standing 818 434 65 52 falling 862 308 50 109 standing 756 380 43 150 moving 533 432 50 152 standing 554 368 56 122 standing 558 333 43 124 standing 278 431 50 148 standing 249 335 56 126 standing 167 372 60 152 standing
37925.jpg l_set 347 378 124 129 moving 524 348 43 108 standing 457 485 81 156 moving 592 329 48 97 standing 659 335 48 150 setting 780 423 42 134 standing 883 347 48 124 standing 885 368 38 145 standing 883 429 56 141 standing 1152 478 64 129 standing 1216 403 53 134 standing 1140 372 35 123 standing
23245.jpg l_set 758 453 45 82 falling 856 343 43 101 blocking 858 388 33 129 standing 853 424 65 133 standing 1180 393 37 135 standing 1067 361 60 122 standing 1072 438 58 129 standing 615 371 65 107 standing 550 340 52 112 standing 392 370 54 107 standing 335 399 71 124 standing 403 495 77 146 standing
36335.jpg r_spike 1066 417 40 156 standing 852 481 61 147 standing 795 379 41 148 standing 979 348 40 131 standing 929 469 57 125 digging 899 418 43 89 standing 335 409 51 119 standing 361 464 63 128 standing 430 375 61 100 standing 698 422 74 144 spiking 580 404 82 103 digging
43340.jpg r-pass 896 514 65 92 digging 874 406 75 106 standing 754 383 65 106 standing 549 405 72 99 standing 476 449 54 113 standing 468 474 68 131 standing 346 370 52 123 standing 373 390 52 127 standing 369 486 74 128 moving 308 471 60 125 standing 283 395 57 111 standing 221 435 49 133 standing
37870.jpg l-pass 663 384 69 87 falling 515 397 47 135 standing 555 442 85 117 moving 918 378 60 111 standing 879 444 81 129 standing 1043 389 40 140 standing 1168 363 44 124 standing 1094 379 51 127 standing 1118 434 42 149 standing 1145 436 44 127 standing 1255 407 24 95 standing 1222 457 56 133 standing
36325.jpg r_spike 994 417 38 137 standing 863 471 51 111 digging 863 344 61 120 standing 810 404 49 120 standing 822 439 61 137 spiking 725 385 55 141 standing 646 374 63 204 blocking 673 377 37 172 blocking 519 381 82 119 standing 365 374 44 99 standing 296 464 71 128 standing 226 415 88 116 standing
26020.jpg l_set 217 415 44 94 standing 281 407 27 109 standing 413 412 47 109 standing 264 506 58 126 standing 408 379 40 80 digging 565 429 40 102 standing 685 454 38 114 standing 669 415 28 97 standing 671 391 27 99 standing 801 395 42 98 standing 916 413 33 107 standing 865 475 37 94 standing
45005.jpg l-pass 880 375 49 123 standing 821 434 49 135 standing 629 434 47 142 standing 623 368 42 103 standing 505 359 40 122 standing 421 359 47 102 standing 375 385 59 122 standing 336 377 39 105 standing 279 468 89 108 digging 178 438 45 117 standing 91 408 47 125 standing
30175.jpg r-pass 990 301 39 113 standing 1002 275 47 98 moving 819 343 43 123 standing 721 299 49 135 digging 590 394 76 137 moving 583 336 41 123 standing 279 424 41 154 standing 274 334 45 147 standing 39 351 49 131 standing 209 392 80 148 standing
30060.jpg r-pass 806 444 67 111 digging 692 447 97 118 digging 665 343 48 101 standing 505 274 45 154 blocking 421 367 43 144 standing 427 315 37 109 standing 304 401 45 141 standing 334 360 54 103 waiting 163 431 54 141 standing 136 377 48 139 standing 1031 358 67 126 standing
26340.jpg l-spike 1156 464 50 150 standing 1065 360 77 107 digging 839 375 66 142 standing 786 354 67 204 blocking 797 337 55 189 blocking 720 387 49 149 standing 643 367 72 193 spiking 600 322 47 139 standing 546 404 53 149 standing 489 397 71 120 standing 295 412 69 144 standing
45140.jpg l-pass 920 357 68 116 moving 855 460 57 130 standing 678 456 60 147 standing 671 378 44 96 falling 499 362 52 133 standing 498 351 30 130 standing 375 411 69 111 standing 314 451 79 133 digging 305 416 44 125 standing 319 390 49 108 standing 394 364 37 108 standing 118 415 38 116 standing
43560.jpg r-pass 49 432 75 117 standing 259 385 39 109 standing 331 434 48 125 standing 452 431 56 141 standing 502 375 48 146 blocking 572 368 47 111 standing 825 484 71 153 moving 886 440 64 134 standing 1015 400 65 120 standing 738 404 54 131 standing 714 397 113 89 digging
38175.jpg r_set 656 335 49 184 setting 910 380 75 134 moving 812 347 53 107 standing 823 495 107 162 moving 756 436 49 147 standing 531 402 42 148 standing 414 357 58 120 standing 420 412 58 127 standing 385 440 81 147 standing 100 362 70 113 moving 158 442 49 138 standing
23435.jpg l-pass 358 410 58 139 digging 582 356 46 103 standing 534 450 67 137 standing 772 397 63 119 standing 873 354 27 119 standing 848 354 35 114 standing 922 338 46 147 standing 980 384 27 133 standing 1025 433 35 147 standing 1069 376 38 110 standing 1177 371 46 122 standing 1139 436 61 119 standing
17960.jpg l-spike 134 449 73 129 digging 224 425 43 135 standing 242 468 58 150 standing 280 385 58 103 standing 325 288 43 144 spiking 376 411 47 129 standing 442 298 48 139 blocking 462 404 43 124 standing 597 445 84 126 standing 675 366 45 114 standing 835 423 62 135 standing 835 409 48 102 standing
36385.jpg l_set 402 399 73 118 standing 519 427 53 136 standing 576 367 44 113 standing 638 465 49 144 standing 777 433 78 128 setting 884 390 70 142 standing 956 383 62 103 standing 989 497 72 152 standing 1084 461 70 122 standing 1107 363 56 126 standing 1152 429 49 132 standing 787 440 72 64 falling
36145.jpg l-pass 980 381 46 127 standing 1000 350 30 120 standing 911 415 40 114 standing 866 428 49 142 standing 840 365 43 110 standing 803 315 35 116 standing 701 379 54 106 falling 737 333 51 117 standing 584 438 75 137 standing 561 349 37 107 standing 489 404 65 126 standing 380 403 44 130 standing
23220.jpg l-pass 1224 366 52 121 standing 1176 400 49 127 standing 1008 421 52 111 standing 875 387 68 133 standing 826 408 50 129 standing 819 386 41 135 standing 641 349 50 117 standing 492 350 60 121 digging 327 403 56 127 standing 345 369 60 115 standing 711 400 58 135 standing 391 473 86 154 moving
43470.jpg l-pass 1005 390 35 136 standing 971 450 55 136 standing 861 389 49 119 standing 721 445 48 119 standing 696 357 34 153 blocking 726 363 27 116 standing 598 412 65 125 digging 541 432 106 52 falling 488 400 75 108 standing 264 407 52 119 standing 374 381 35 119 standing 297 474 92 148 standing
43450.jpg l-pass 982 461 57 165 standing 922 398 48 137 standing 856 387 65 113 standing 741 368 35 114 standing 714 463 54 136 standing 701 399 34 136 standing 596 448 49 130 standing 471 423 120 66 falling 478 416 46 100 standing 274 482 85 139 standing 333 384 49 116 standing 252 409 49 128 standing
23370.jpg r_set 225 390 48 132 standing 293 357 42 116 standing 333 443 53 143 standing 560 452 56 137 standing 570 379 31 135 standing 590 351 29 132 standing 763 387 25 138 standing 819 366 34 127 standing 889 413 48 118 digging 961 368 43 126 standing 1059 506 107 159 moving 890 333 53 101 standing
36255.jpg r-pass 666 361 83 100 digging 791 434 58 140 standing 971 359 60 123 standing 892 422 68 116 moving 549 330 55 148 standing 490 363 41 119 standing 469 375 37 133 standing 450 414 44 147 standing 378 361 41 116 standing 298 420 38 134 standing 172 377 52 136 standing
38040.jpg l_set 1113 466 65 124 standing 1099 364 50 126 standing 836 432 55 141 standing 827 380 46 142 standing 832 346 41 107 standing 665 396 55 159 setting 684 386 47 127 standing 544 332 45 100 standing 518 375 49 117 standing 462 404 62 132 standing 370 480 77 153 standing
29905.jpg r_set 639 312 54 156 setting 718 402 63 136 standing 1022 368 51 133 standing 1059 419 75 141 moving 954 439 133 147 moving 823 303 63 108 moving 555 331 58 168 standing 548 426 54 139 standing 285 346 44 117 standing 142 363 49 148 standing 218 442 77 144 standing
36100.jpg r_set 151 401 75 135 standing 311 357 39 110 standing 325 425 60 127 standing 561 430 63 132 standing 587 401 45 119 standing 599 311 37 125 blocking 645 296 43 168 setting 747 349 95 110 moving 883 394 27 119 standing 910 469 127 152 standing 1024 391 82 127 moving 991 322 48 112 moving
45115.jpg l-spike 405 320 52 124 spiking 423 414 65 107 standing 356 457 75 122 standing 328 389 35 101 standing 239 410 62 120 standing 112 412 67 120 standing 537 297 56 178 blocking 733 368 43 111 standing 959 378 45 114 standing 882 459 60 131 standing 727 438 62 143 standing
45065.jpg l-pass 1218 394 54 137 standing 1174 445 49 150 standing 1015 382 33 123 standing 850 432 60 137 standing 837 391 31 125 standing 822 359 45 117 standing 720 401 39 123 standing 579 352 47 94 standing 471 365 47 103 standing 380 385 49 141 digging 287 382 50 115 standing 469 478 60 154 standing
43285.jpg l_set 642 388 57 119 standing 589 376 58 158 setting 483 349 75 92 moving 420 384 43 103 moving 347 431 69 106 moving 330 497 82 150 standing 770 359 49 111 blocking 768 440 65 145 blocking 955 386 72 119 standing 1099 406 77 122 standing 1094 438 51 134 standing
19245.jpg r_set 1042 400 80 124 moving 1000 456 67 133 moving 966 514 86 158 standing 930 402 69 129 standing 724 409 77 128 moving 661 420 43 144 setting 553 452 56 146 digging 567 407 52 137 blocking 565 379 45 126 standing 309 454 62 143 standing 298 372 52 114 standing 150 412 69 143 standing
51055.jpg r_set 135 384 67 117 standing 320 372 49 121 standing 364 427 35 123 standing 364 455 35 151 standing 549 400 60 134 standing 656 347 58 96 moving 798 497 68 162 moving 896 385 53 171 setting 1071 432 49 126 standing 764 392 39 137 standing
17970.jpg r-pass 724 447 67 114 standing 725 426 82 97 digging 583 368 50 105 standing 540 448 77 133 standing 384 402 41 124 standing 355 300 33 154 blocking 284 398 50 135 standing 228 345 64 109 jumping 205 386 43 101 standing 176 463 52 148 standing 83 431 71 135 standing 32 438 75 143 standing
36435.jpg l-spike 1204 464 64 126 standing 1188 385 45 105 standing 1068 369 80 112 standing 853 442 73 126 standing 835 375 54 118 standing 761 382 32 148 blocking 668 427 54 133 standing 697 351 39 122 standing 490 327 107 163 setting 552 450 45 141 standing 391 431 52 137 standing 531 389 48 103 standing
36120.jpg r_spike 736 254 49 161 spiking 706 340 51 126 standing 938 332 63 116 standing 928 389 53 126 standing 839 399 44 128 standing 870 462 44 142 standing 664 282 42 177 blocking 633 394 53 126 standing 593 441 58 123 standing 405 347 44 104 standing 390 415 49 126 standing 277 405 53 132 standing
19285.jpg r_spike 849 380 112 203 spiking 876 480 79 102 standing 991 415 44 123 standing 973 466 42 144 standing 1103 432 55 142 standing 725 367 77 193 blocking 803 403 35 147 standing 623 403 77 116 standing 443 377 63 102 standing 405 469 58 135 standing 221 436 55 130 standing
23320.jpg r-pass 793 453 69 145 standing 788 414 43 114 standing 767 386 44 114 standing 663 388 37 123 standing 666 342 38 136 digging 431 424 66 145 standing 345 411 54 128 standing 279 367 43 127 standing 217 367 40 113 standing 451 373 43 134 standing 470 346 30 123 standing
43635.jpg r_spike 777 455 79 131 standing 806 426 58 128 standing 819 382 44 105 standing 737 417 57 111 standing 680 430 80 145 spiking 625 375 44 120 standing 533 373 58 212 blocking 555 372 38 178 blocking 473 390 57 110 standing 119 430 51 102 standing 302 386 41 95 standing 180 481 71 130 standing
43240.jpg l-pass 383 430 69 123 standing 389 405 64 96 digging 560 359 51 107 standing 620 407 40 127 standing 576 467 87 155 moving 770 433 59 132 standing 878 434 34 138 standing 872 362 30 137 standing 865 401 37 133 standing 1109 417 46 134 standing 1085 397 33 118 standing
23285.jpg l-pass 566 340 79 112 digging 691 338 42 132 standing 723 375 44 119 standing 870 350 49 121 standing 833 429 56 146 standing 1056 373 49 116 standing 1031 441 44 128 standing 603 450 35 81 falling 539 368 42 126 standing 492 436 67 146 standing 450 361 53 112 standing 348 380 56 123 standing
17875.jpg l-pass 346 390 43 136 digging 398 432 54 144 standing 612 474 97 144 moving 587 355 57 114 standing 673 400 51 122 standing 822 426 44 136 standing 918 428 46 141 standing 927 400 27 137 standing 931 364 27 111 standing 1166 384 51 130 standing 1213 412 41 147 standing
18065.jpg r_spike 922 431 63 137 standing 872 385 43 130 standing 791 434 54 116 standing 743 451 48 134 standing 701 399 40 175 spiking 668 400 30 131 standing 569 389 48 179 blocking 474 401 71 114 moving 318 379 43 103 standing 223 480 69 139 standing 48 439 71 122 standing
23490.jpg l_set 590 459 71 139 digging 776 358 35 94 standing 775 405 48 137 standing 780 440 40 145 standing 942 375 65 114 standing 626 377 44 141 standing 556 417 55 137 moving 488 344 66 103 standing 404 352 49 117 standing 245 391 58 141 standing 1089 387 38 131 standing 1049 463 58 125 standing
43320.jpg l-spike 865 391 65 105 standing 963 409 93 101 standing 999 471 57 137 digging 655 387 48 114 moving 594 403 47 177 blocking 594 389 40 175 blocking 515 372 40 127 standing 461 356 45 123 standing 385 446 46 134 standing 416 436 57 141 spiking 339 428 56 116 standing 397 392 48 73 standing
44930.jpg l_set 1141 452 54 145 standing 1074 403 45 130 standing 987 380 62 126 standing 768 439 50 145 standing 767 405 40 129 standing 763 355 34 119 standing 567 398 64 130 standing 323 376 56 130 standing 377 500 66 160 standing 298 487 64 148 standing 440 403 67 173 digging 442 344 62 99 standing
36290.jpg r_set 1070 384 74 130 moving 909 427 51 130 standing 960 478 74 149 moving 684 323 44 166 setting 725 315 44 120 standing 333 427 51 140 standing 391 359 58 112 standing 224 389 53 131 standing 571 426 56 145 standing 588 395 51 130 standing 594 361 43 133 standing 655 345 42 133 standing
51105.jpg r_spike 1190 480 43 147 standing 1075 448 57 141 standing 1005 435 79 121 moving 916 366 41 118 standing 849 375 87 197 standing 876 420 34 137 standing 751 394 41 168 blocking 613 393 68 111 standing 481 383 47 96 standing 418 467 43 128 standing 221 444 60 112 standing
37960.jpg l-spike 1042 461 57 119 standing 1156 381 66 123 standing 1057 373 72 103 standing 742 350 46 127 moving 702 401 54 154 blocking 694 340 32 184 blocking 588 434 63 117 standing 553 332 41 113 standing 463 467 61 150 digging 426 353 55 113 standing 460 367 58 97 spiking 488 351 32 110 standing
23415.jpg r_spike 223 426 72 131 standing 440 353 38 96 standing 651 411 55 114 standing 436 463 75 128 standing 846 279 44 142 spiking 864 386 27 134 standing 737 295 43 156 blocking 920 373 54 110 standing 934 458 82 139 standing 1034 365 32 111 standing 1023 407 55 128 standing
26235.jpg l-pass 1116 406 51 153 standing 971 375 68 134 standing 983 432 38 149 standing 891 335 39 137 standing 867 387 52 155 standing 805 413 51 161 standing 724 405 46 146 standing 668 436 98 166 standing 555 373 84 127 standing 444 350 46 132 standing 367 371 52 195 setting 175 401 50 150 standing
43600.jpg r_set 139 382 44 106 standing 156 469 54 125 standing 387 445 69 143 standing 417 371 50 114 standing 559 333 55 152 setting 689 359 43 103 standing 807 512 52 117 falling 798 446 51 109 standing 844 403 54 119 moving 415 426 39 128 standing 621 385 61 113 moving
38110.jpg r-pass 972 431 66 131 digging 1085 390 54 119 standing 914 359 45 109 standing 751 442 90 125 standing 585 327 37 135 standing 529 389 33 133 standing 459 387 39 123 standing 411 333 39 111 standing 404 376 45 96 standing 404 434 49 141 standing 182 395 58 123 standing
29940.jpg r_spike 1060 397 54 141 standing 1027 367 66 125 standing 926 293 52 162 setting 903 431 64 152 standing 853 391 43 156 standing 869 372 54 141 standing 668 410 60 135 standing 737 295 76 160 blocking 434 442 82 133 standing 458 335 47 103 standing 317 393 56 131 standing
37755.jpg r-pass 928 375 60 119 standing 792 446 69 141 standing 724 364 54 114 digging 575 360 54 119 standing 409 360 44 130 standing 232 433 58 131 standing 321 368 40 131 standing 293 426 41 130 standing 77 460 68 120 standing 88 376 43 106 standing 841 410 48 108 standing
18025.jpg r_set 800 392 82 124 moving 738 439 84 141 moving 718 487 96 150 standing 674 351 39 114 standing 502 411 54 124 standing 505 358 50 135 setting 311 440 80 152 standing 345 414 43 129 standing 344 366 43 112 standing 98 445 52 144 standing 108 376 67 118 standing
19205.jpg r-pass 992 409 49 133 standing 870 401 43 102 moving 826 468 78 161 standing 749 456 84 82 digging 671 425 58 149 moving 473 371 29 126 standing 346 429 56 155 standing 376 382 39 141 standing 351 375 35 113 standing 137 426 53 128 standing 9 436 64 133 standing
50760.jpg r-pass 813 431 38 139 standing 807 395 41 85 standing 711 421 52 65 falling 621 468 54 145 standing 565 405 74 126 moving 433 360 41 120 standing 346 410 32 128 standing 334 430 27 131 standing 265 398 43 128 standing 119 413 41 120 standing 21 400 46 115 standing
36360.jpg l-pass 1167 432 38 150 standing 1115 367 37 127 standing 1036 463 44 134 standing 974 387 34 131 standing 948 501 63 164 standing 869 385 51 142 standing 787 459 57 141 standing 721 471 83 151 standing 683 437 154 66 falling 489 438 51 133 moving 409 415 79 111 standing 545 363 43 113 standing
37995.jpg l-pass 1235 362 43 123 standing 1090 357 66 108 moving 1069 453 63 119 standing 731 411 46 144 standing 752 385 54 150 standing 772 354 23 125 standing 579 436 85 122 standing 611 402 68 127 standing 580 352 46 100 standing 510 332 46 136 setting 451 455 52 142 standing 442 365 58 116 standing
30275.jpg l_set 1182 366 79 131 standing 1040 463 71 129 standing 945 368 77 116 standing 775 419 37 141 standing 780 365 54 135 standing 787 313 45 163 standing 672 345 50 161 setting 519 424 75 137 moving 394 358 41 120 moving 320 391 88 139 standing 159 448 141 143 moving 491 293 67 111 moving
50985.jpg r-pass 49 412 59 122 digging 229 450 49 115 standing 358 398 49 105 digging 427 366 36 89 standing 426 432 69 129 standing 489 410 49 102 standing 557 352 49 129 blocking 630 440 97 122 standing 762 384 44 96 standing 965 394 42 74 standing 954 441 57 127 digging
26080.jpg l-spike 384 441 64 156 spiking 384 396 42 97 standing 348 453 47 110 standing 482 371 36 112 standing 554 410 40 110 standing 536 431 35 119 standing 694 439 31 125 standing 727 397 61 114 standing 756 468 41 135 standing 883 397 40 101 standing 974 422 47 97 standing 1017 472 42 110 standing
30010.jpg l_set 1202 368 69 136 standing 1091 443 58 128 standing 1036 342 49 122 standing 841 415 60 128 standing 868 362 38 106 standing 858 325 52 134 standing 730 377 55 151 setting 680 367 69 133 standing 568 415 57 117 standing 513 377 52 142 standing 550 303 100 97 moving 261 450 80 147 standing
17925.jpg l_set 1150 444 69 143 standing 1054 396 73 125 standing 902 390 80 110 standing 709 362 36 122 standing 718 411 49 123 standing 722 436 48 148 standing 535 377 51 161 setting 549 383 60 144 jumping 420 345 84 89 moving 241 502 132 149 moving 198 442 104 147 moving 270 392 44 114 moving
37845.jpg r_spike 920 459 83 152 moving 963 432 51 131 standing 958 358 99 138 spiking 875 344 56 107 standing 832 345 43 137 standing 668 444 52 125 standing 764 332 33 175 blocking 701 373 60 103 standing 394 447 55 128 standing 394 373 50 100 standing 284 417 60 125 standing 1005 371 28 113 standing
19355.jpg l-pass 544 441 51 139 digging 697 439 85 122 moving 672 383 54 125 standing 608 377 44 113 moving 417 373 55 131 standing 887 399 37 147 standing 983 365 24 122 standing 970 397 30 136 standing 986 439 48 139 standing 1187 392 69 131 standing 1211 474 66 130 standing
36175.jpg l_set 575 410 60 137 digging 812 333 35 112 standing 841 372 32 129 standing 817 425 37 137 standing 1029 350 60 124 standing 1082 377 37 142 standing 992 421 44 124 standing 715 387 34 87 falling 594 328 55 101 standing 511 350 50 110 standing 360 405 40 129 standing 470 463 57 164 standing
30220.jpg l-pass 1204 314 50 113 standing 1092 433 54 133 standing 915 309 60 150 standing 865 379 29 168 standing 864 356 33 145 standing 749 413 60 147 standing 433 394 84 148 standing 361 391 50 139 standing 343 370 52 127 digging 184 438 64 164 standing 574 288 35 121 standing
50795.jpg r_set 989 426 63 120 moving 937 431 69 125 moving 837 495 105 147 moving 815 366 54 97 moving 657 436 50 118 standing 648 365 42 136 setting 484 383 37 104 standing 486 413 43 130 standing 489 441 38 135 standing 246 383 48 116 standing 162 419 47 111 standing 186 468 67 130 standing
36225.jpg l-spike 1115 370 72 117 standing 999 451 62 112 standing 904 354 87 113 standing 806 447 87 122 standing 642 304 35 162 blocking 228 390 45 125 standing 419 449 75 144 standing 431 428 45 140 standing 430 369 42 97 standing 535 389 55 115 standing 485 280 56 157 spiking
32940.jpg r_winpoint 565 379 61 134 standing 626 425 63 154 standing 603 391 113 55 falling 815 407 63 152 standing 998 341 53 135 standing 992 321 73 131 standing 1090 423 74 150 standing 1153 380 70 164 standing 1140 347 43 144 standing 1220 364 53 142 standing
47880.jpg r_winpoint 1102 474 42 137 standing 1073 399 50 180 standing 1097 397 46 162 standing 1006 407 32 135 standing 889 449 62 142 standing 917 375 42 132 standing 797 454 42 148 standing 749 484 102 154 standing 719 378 49 124 standing 579 369 42 124 standing 452 467 60 137 standing 442 407 40 127 standing
50115.jpg l_winpoint 752 385 38 123 standing 648 430 43 129 standing 544 426 50 147 standing 543 351 33 104 standing 389 346 44 119 standing 385 340 28 112 standing 282 427 69 121 standing 240 364 42 121 standing 172 405 61 130 standing 157 382 55 119 standing 52 397 65 130 standing 8 407 47 137 standing
35565.jpg l_winpoint 321 413 52 153 standing 395 429 50 139 standing 457 410 50 135 standing 355 395 53 137 standing 410 389 50 149 standing 395 521 70 166 standing 581 531 60 162 standing 664 424 46 157 standing 782 414 40 140 standing 992 364 45 140 standing 812 456 57 161 standing
42165.jpg r_winpoint 1016 390 51 127 standing 973 379 60 120 standing 965 411 52 121 standing 892 409 59 107 standing 866 407 55 135 standing 809 371 60 116 standing 566 313 28 91 standing 450 313 25 97 standing 502 302 27 92 standing 413 376 41 116 standing 490 353 45 112 standing 450 428 46 142 standing
36510.jpg r_winpoint 230 408 70 136 standing 359 366 35 125 standing 492 350 46 131 standing 407 422 52 132 standing 438 374 59 127 standing 489 406 65 136 standing 860 418 47 115 standing 893 349 51 118 standing 793 403 64 137 standing 725 382 56 137 standing 726 368 52 117 standing 826 365 50 140 standing
44325.jpg r_winpoint 824 402 33 140 standing 780 431 48 144 standing 757 371 47 125 standing 658 415 79 137 standing 617 402 52 133 standing 608 387 63 116 standing 364 409 48 133 standing 307 362 37 116 standing 174 446 57 137 standing 210 407 53 128 standing 330 650 115 67 falling 534 562 72 150 standing
37245.jpg l_winpoint 870 446 65 140 standing 873 359 47 134 standing 610 345 52 130 standing 505 394 48 139 standing 445 455 53 153 standing 435 428 57 162 standing 156 395 42 137 standing 135 378 39 148 standing 82 370 113 181 standing 77 416 47 142 standing 60 400 52 140 standing 26 402 60 150 standing
48585.jpg l_winpoint 735 383 57 130 standing 685 465 43 141 moving 577 375 67 107 standing 397 450 63 153 standing 362 471 38 150 standing 427 376 45 128 standing 238 415 45 146 standing 182 443 39 133 standing 141 389 72 128 standing 116 435 56 135 standing 80 437 45 166 standing 0 422 51 129 standing
51300.jpg r_winpoint 839 392 70 121 standing 746 367 53 125 standing 741 446 43 152 standing 644 424 71 132 standing 682 347 43 109 standing 572 400 51 133 standing 359 439 56 138 standing 380 410 45 134 standing 376 368 65 119 standing 125 387 41 122 standing 81 482 67 151 standing 24 415 64 147 standing
43665.jpg r_winpoint 1013 441 56 149 standing 1011 406 51 128 standing 938 456 55 134 standing 927 396 40 137 standing 782 456 51 141 standing 776 392 43 133 standing 706 463 54 154 standing 721 447 40 161 standing 609 388 70 124 standing 483 376 65 110 standing 354 464 54 142 standing 303 406 57 120 standing
51960.jpg l_winpoint 640 354 45 111 standing 444 439 45 147 standing 330 392 72 134 standing 374 372 60 127 standing 734 365 38 120 standing 715 438 62 128 standing 28 434 77 141 standing 0 406 56 130 standing 117 423 73 132 standing 113 382 43 132 standing 141 394 40 85 standing
31725.jpg l_winpoint 1037 357 77 140 standing 924 381 40 152 standing 876 335 64 130 standing 737 408 76 147 standing 717 365 73 152 standing 637 330 64 120 standing 572 331 49 120 standing 474 337 42 122 standing 495 377 48 157 standing 514 374 57 141 standing 334 364 70 142 standing 292 386 80 161 standing
