35595.jpg l-pass 214 403 41 103 digging 318 337 49 117 standing 427 356 60 117 standing 1101 376 39 143 standing 220 446 60 156 standing 1184 413 58 127 standing 552 379 50 139 standing 874 372 41 119 standing 681 341 43 141 standing 695 368 35 141 standing 701 393 43 135 standing 150 418 58 115 digging
71740.jpg l-pass 563 435 50 135 moving 893 394 66 121 standing 978 451 52 150 standing 1191 438 60 127 standing 1181 374 37 113 standing 912 347 68 121 standing 886 384 39 105 standing 597 350 52 103 standing 682 379 37 137 standing 489 377 53 108 digging
42845.jpg r_spike 989 384 115 145 moving 930 440 93 148 moving 853 514 117 194 moving 747 316 54 134 standing 690 342 52 139 standing 578 283 76 183 spiking 76 395 63 148 standing 205 437 112 167 standing 323 361 63 120 standing 521 294 60 172 blocking 513 378 54 175 standing 462 429 52 161 standing
35825.jpg r_set 907 305 94 130 moving 1086 364 119 149 moving 693 375 64 150 standing 774 316 62 176 setting 831 404 64 85 standing 833 460 106 184 moving 54 359 72 148 standing 188 413 66 157 standing 290 334 49 113 standing 546 317 60 92 waiting 546 367 48 151 standing 549 395 47 180 standing
53880.jpg l-pass 441 427 78 86 digging 279 477 47 137 digging 301 441 54 88 digging 639 414 35 158 standing 728 449 45 131 jumping 696 425 33 129 standing 735 382 33 92 standing 819 457 64 107 standing 1026 414 72 125 standing
25940.jpg r_set 189 461 59 152 standing 251 377 49 117 standing 166 426 61 122 waiting 503 468 44 144 standing 534 426 42 142 standing 627 369 37 162 setting 669 389 35 131 standing 853 530 113 168 moving 1027 414 61 108 moving 910 368 45 124 standing 958 412 65 135 standing
35860.jpg r_spike 947 398 63 131 waiting 820 370 68 125 standing 798 438 72 150 waiting 701 361 74 203 spiking 662 382 51 137 standing 698 333 63 91 standing 550 350 63 192 blocking 549 340 75 230 blocking 453 342 63 122 standing 219 350 75 125 standing 27 396 85 147 standing 79 464 97 153 moving
31200.jpg r_spike 763 247 61 185 spiking 909 379 63 141 standing 744 441 69 176 standing 850 356 55 132 standing 798 415 52 151 standing 679 382 62 136 standing 589 293 41 192 blocking 413 438 113 137 standing 221 424 86 154 standing 203 347 69 117 standing 76 385 72 150 standing
19310.jpg l_set 592 377 53 160 setting 568 379 30 133 jumping 378 367 58 98 moving 329 405 32 114 standing 282 497 49 140 standing 305 457 37 112 standing 660 463 44 126 standing 656 411 35 125 standing 868 407 63 88 waiting 951 493 62 130 waiting 1077 427 53 121 standing
42645.jpg r-pass 188 388 39 99 standing 356 442 45 128 standing 231 420 35 122 standing 1032 414 39 120 standing 928 481 45 137 standing 927 432 47 103 standing 725 420 60 118 standing 611 410 30 94 standing 790 428 60 88 falling 542 445 35 118 standing 568 420 20 116 standing 545 398 37 96 blocking
57730.jpg r_spike 96 448 71 141 waiting 984 430 64 94 waiting 1101 419 73 114 moving 720 404 33 131 standing 744 341 50 116 standing 152 423 41 107 waiting 311 358 48 103 moving 471 353 58 110 standing 601 415 49 168 blocking 805 414 88 160 spiking 874 437 67 134 moving
71490.jpg r-pass 115 442 51 123 standing 145 482 48 128 standing 317 428 44 92 standing 446 445 41 134 standing 478 443 46 127 standing 507 413 44 113 standing 616 431 37 111 standing 728 456 44 114 standing 784 370 65 108 standing 939 475 44 122 standing 953 436 51 97 digging 910 416 43 94 standing
42815.jpg r-pass 1011 367 48 148 standing 899 409 56 141 standing 772 457 71 172 standing 677 391 73 86 falling 710 367 50 139 standing 523 345 54 123 standing 467 334 37 152 blocking 388 367 58 125 standing 70 387 84 145 standing 175 424 65 172 standing 278 345 46 123 standing 298 397 57 123 moving
30780.jpg l-spike 764 457 58 137 standing 943 476 62 126 standing 954 382 64 97 standing 336 378 47 120 standing 404 443 52 135 standing 534 409 47 103 standing 232 407 58 112 standing 1067 425 56 112 waiting 417 289 67 143 spiking 591 333 43 156 blocking
57425.jpg r-pass 173 440 62 124 standing 197 452 53 145 standing 294 391 53 95 standing 511 440 44 130 standing 1018 438 48 125 standing 690 410 48 135 standing 799 468 76 142 standing 732 367 64 119 standing 731 487 83 116 standing 862 434 70 144 digging 563 406 47 131 standing 601 458 41 140 standing
57560.jpg l-pass 54 466 93 145 moving 190 401 63 130 standing 303 438 56 131 standing 396 426 46 143 standing 447 387 47 68 falling 351 410 61 80 digging 506 362 59 118 standing 653 456 84 124 waiting 728 387 56 110 standing 868 453 65 125 waiting 870 424 81 107 standing
57740.jpg l-pass 121 444 64 139 digging 182 413 71 111 digging 337 385 84 94 digging 497 367 82 105 digging 641 394 47 167 blocking 790 445 65 152 jumping 740 429 48 103 waiting 751 377 58 86 waiting 867 449 62 137 standing 1023 433 58 90 waiting 1109 427 71 120 waiting
72380.jpg l-pass 326 388 49 109 standing 596 466 49 123 standing 480 475 62 147 standing 457 426 32 132 standing 938 422 59 149 standing 863 455 53 114 standing 758 449 29 125 standing 732 426 35 127 standing 681 431 39 133 standing 1177 379 62 147 standing 219 453 39 125 standing 234 466 51 137 standing
30895.jpg l-pass 198 392 77 125 digging 324 371 92 96 digging 499 328 65 119 digging 309 442 63 136 standing 683 413 41 176 blocking 782 364 68 89 digging 784 464 60 142 standing 841 421 72 127 standing 930 449 58 142 standing 1078 341 37 103 standing 1064 413 72 127 waiting
72420.jpg l_set 555 399 48 123 standing 403 339 51 106 standing 149 410 85 119 moving 214 419 75 144 moving 397 450 61 148 spiking 327 491 80 176 moving 1011 357 49 130 standing 1071 410 65 119 waiting 1065 472 72 141 standing 730 371 38 108 standing 719 404 52 105 standing 721 449 60 141 standing
30880.jpg r_spike 96 378 92 138 standing 506 320 82 126 standing 223 440 70 149 standing 316 342 67 110 moving 642 365 44 225 blocking 1046 415 70 124 waiting 1025 347 92 116 standing 760 418 112 124 standing 828 412 119 183 spiking 922 455 86 127 standing 792 323 57 124 standing
31110.jpg r_spike 112 397 72 141 standing 175 459 80 140 standing 489 337 79 119 standing 356 351 54 116 moving 652 372 43 212 blocking 771 337 79 125 standing 822 429 71 127 standing 945 359 47 117 standing 1005 395 46 130 standing 942 450 63 130 standing 849 417 110 179 spiking
42730.jpg l-pass 213 407 77 144 standing 93 455 105 182 standing 625 333 58 139 standing 496 432 48 116 moving 524 385 82 139 digging 546 370 45 97 falling 735 342 39 154 standing 794 454 62 171 standing 801 370 75 139 moving 893 345 67 128 standing 907 435 60 148 standing 1032 404 71 154 standing
35725.jpg r_set 1079 354 98 145 standing 960 423 85 159 standing 862 472 96 183 standing 813 288 68 130 standing 633 350 53 105 digging 606 365 53 161 standing 112 406 70 161 standing 143 332 48 125 standing 465 322 50 163 standing 470 347 53 152 standing 465 404 40 180 standing
23855.jpg l-spike 712 404 55 125 moving 1026 494 68 122 waiting 961 368 65 125 standing 1104 399 51 133 standing 591 395 41 161 blocking 595 430 43 158 blocking 487 477 69 167 standing 211 385 72 182 spiking 140 440 68 141 standing 296 356 40 119 standing 360 393 54 114 standing 443 364 49 116 moving
19275.jpg l-pass 280 448 59 94 digging 314 486 47 139 standing 355 396 39 100 standing 495 401 47 104 standing 574 431 33 114 standing 705 442 39 118 standing 693 427 31 118 standing 862 412 43 100 standing 1055 435 45 116 standing 1098 454 41 118 standing
30795.jpg r-pass 199 385 41 115 standing 277 375 49 122 standing 376 426 72 142 standing 383 341 38 115 standing 448 380 54 115 standing 653 446 92 138 standing 521 338 57 145 blocking 877 372 57 88 waiting 995 416 49 119 digging 877 451 69 123 digging
25960.jpg l-pass 402 365 60 109 digging 233 424 54 109 digging 289 437 74 156 digging 533 452 98 134 standing 764 393 43 137 standing 687 354 52 128 standing 778 467 82 178 standing 897 410 68 123 waiting 860 381 52 101 waiting 1040 412 76 137 standing 619 368 46 145 standing 622 368 43 145 standing
35930.jpg l_set 101 353 85 143 standing 299 400 64 144 digging 522 539 89 180 moving 410 432 79 183 moving 599 413 47 183 standing 1111 317 62 127 standing 1203 443 73 165 waiting 778 365 40 170 standing
31025.jpg r-pass 128 366 50 141 standing 228 356 50 128 standing 366 399 47 156 standing 416 365 41 148 standing 645 402 82 146 standing 789 399 86 141 standing 485 358 52 129 standing 508 328 37 137 standing 715 346 88 111 digging 947 367 54 133 standing
71600.jpg l-pass 118 393 60 143 standing 401 468 60 148 standing 352 360 53 119 moving 592 343 50 120 standing 624 329 59 117 moving 1118 380 52 146 standing 939 389 67 94 moving 915 389 45 148 standing 750 425 48 156 standing 753 373 37 146 standing 509 407 52 184 jumping
26105.jpg r_spike 157 378 58 144 standing 271 420 92 158 standing 495 436 82 145 standing 843 477 75 178 moving 801 420 77 133 standing 838 353 49 111 moving 651 357 49 136 standing 592 387 40 147 standing 615 293 32 150 blocking 691 276 60 151 spiking 922 382 120 135 moving 434 359 78 130 moving
42705.jpg l-pass 268 454 63 155 standing 451 399 119 82 falling 522 448 77 147 standing 622 417 46 145 standing 646 343 35 151 standing 715 363 50 107 waiting 832 372 58 86 waiting 923 432 70 123 waiting 847 392 61 109 moving 804 477 76 175 standing
71650.jpg l-spike 127 392 66 151 moving 254 474 83 181 moving 315 359 40 136 standing 372 314 61 119 moving 495 368 61 137 standing 502 388 82 170 setting 615 379 49 170 blocking 623 333 55 151 standing 879 447 77 151 standing 873 362 52 128 standing 1064 380 57 138 waiting
30845.jpg r_set 95 356 62 118 waiting 47 394 62 141 standing 105 449 64 148 standing 492 351 41 107 standing 484 421 50 82 standing 461 463 58 135 standing 592 396 62 135 standing 746 316 67 118 standing 924 330 64 173 setting 902 520 107 197 standing 984 470 77 152 moving 1031 399 67 156 standing
26060.jpg r-pass 42 390 94 141 standing 206 410 60 167 standing 296 333 34 131 standing 422 430 58 128 standing 473 325 46 117 standing 487 367 44 139 standing 553 348 49 117 standing 766 439 71 161 standing 721 372 58 142 standing 777 389 142 77 falling 952 406 63 130 standing 1008 369 62 135 standing
57510.jpg l_set 133 463 60 158 moving 209 411 58 134 moving 166 396 51 119 moving 412 454 75 139 moving 347 347 58 106 moving 671 368 48 97 standing 668 410 54 122 standing 664 461 46 130 standing 938 396 58 94 waiting 995 477 97 140 waiting 1091 453 57 114 waiting 550 368 55 167 setting
35790.jpg r-pass 394 342 79 118 waiting 250 424 60 165 standing 495 309 77 129 moving 623 396 56 184 standing 673 392 43 188 standing 760 302 77 120 standing 873 347 77 120 waiting 992 396 90 116 digging 938 424 69 141 falling 735 421 58 190 standing 767 398 48 126 standing 157 339 73 146 standing
53850.jpg r_set 76 475 96 136 moving 196 478 53 102 waiting 366 450 53 85 waiting 516 430 43 91 standing 533 460 34 86 standing 522 495 43 114 standing 583 409 43 127 setting 629 450 44 113 standing 760 520 86 144 standing 760 384 69 80 moving 939 456 79 87 moving 1057 468 97 125 moving
26035.jpg l-spike 327 329 64 135 standing 238 399 75 178 standing 487 427 67 144 standing 539 357 58 131 standing 538 292 43 133 standing 1033 414 69 135 waiting 1085 378 60 131 waiting 975 334 62 139 waiting 784 421 71 148 standing 726 370 56 148 standing 618 340 56 135 standing 192 329 65 173 spiking
71770.jpg r-pass 139 444 50 135 standing 314 377 37 112 standing 480 428 47 147 standing 489 383 42 117 standing 468 359 37 124 standing 882 500 65 169 standing 948 402 60 120 standing 782 385 65 124 standing 589 376 39 125 standing 805 333 63 114 standing 944 317 40 143 setting
71535.jpg r_set 301 413 50 96 standing 140 433 54 122 standing 183 506 73 129 standing 679 375 41 146 setting 677 444 65 124 standing 897 407 65 109 standing 949 534 88 141 moving 1040 454 67 143 standing 825 367 71 111 standing 541 402 39 103 standing 529 440 47 109 standing 520 477 47 139 standing
23660.jpg l-spike 623 401 43 145 blocking 622 345 35 167 blocking 688 393 76 109 standing 981 375 49 101 standing 1015 468 79 126 standing 1128 407 76 126 standing 271 464 65 145 standing 431 517 96 109 falling 535 429 65 145 standing 453 354 49 131 moving 371 350 65 170 spiking 309 387 57 117 standing
53820.jpg r-pass 11 480 66 119 standing 334 444 35 102 standing 451 455 32 92 standing 547 490 48 106 standing 584 472 27 116 standing 651 460 41 86 standing 889 408 26 96 standing 742 473 57 116 standing 787 516 38 123 standing 1012 487 72 88 standing 983 485 55 111 digging 514 453 48 105 moving
25950.jpg r_spike 175 425 52 126 waiting 226 453 65 152 waiting 299 374 65 107 standing 498 462 71 137 standing 566 365 37 180 blocking 558 310 62 182 blocking 641 310 65 143 spiking 658 402 73 135 standing 803 504 112 175 moving 867 363 58 122 moving 890 412 82 126 moving 1023 406 71 118 standing
23685.jpg r-pass 144 419 67 135 moving 97 389 65 146 standing 350 472 45 148 standing 361 392 62 128 standing 407 406 54 141 standing 487 420 65 126 standing 551 383 60 107 standing 890 432 48 124 standing 919 414 69 112 standing 837 425 75 82 digging 414 369 43 124 standing
31160.jpg r_set 156 440 69 156 standing 193 387 58 145 standing 337 384 54 119 standing 514 324 41 139 standing 534 395 58 158 moving 559 431 57 162 standing 810 493 97 182 standing 922 394 73 137 standing 849 363 44 117 standing 718 330 61 133 standing 654 504 133 73 falling 691 406 85 141 digging
71800.jpg r_set 154 466 74 137 waiting 30 402 66 150 standing 273 362 54 105 moving 532 364 41 148 blocking 507 424 58 158 blocking 543 348 35 77 blocking 620 317 58 154 setting 682 365 65 134 moving 814 320 89 127 moving 925 519 86 170 moving 929 421 88 116 digging 981 347 51 130 digging
23620.jpg l_set 395 340 45 90 moving 459 409 76 130 moving 257 385 42 130 standing 299 370 85 108 standing 707 424 45 129 standing 730 385 34 127 standing 946 453 54 110 standing 1141 431 60 110 waiting 934 386 53 95 standing 604 441 68 110 digging 338 521 113 64 falling
57690.jpg r_set 978 458 72 91 falling 990 449 88 137 standing 925 512 82 181 moving 677 410 55 142 standing 825 325 52 117 standing 891 396 57 144 setting 141 441 49 167 standing 182 375 75 108 moving 20 407 100 150 moving 498 378 48 105 waiting 481 412 52 141 waiting 487 449 49 145 standing
23720.jpg r_set 650 373 82 137 jumping 775 481 101 167 moving 987 387 105 146 moving 879 429 41 143 standing 877 392 58 146 standing 699 337 43 150 setting 513 382 28 58 standing 479 410 48 133 standing 461 464 56 135 standing 239 418 54 163 standing 216 367 58 114 moving
30690.jpg l-pass 1169 438 72 136 waiting 963 440 51 145 standing 741 370 43 150 standing 702 412 51 136 standing 716 419 46 156 standing 464 452 68 156 standing 433 316 60 130 standing 371 402 89 131 standing 275 368 60 133 standing 209 447 85 164 digging 124 438 88 137 standing
72515.jpg l-spike 750 457 63 156 moving 947 337 43 134 standing 1009 398 60 137 standing 938 444 79 131 standing 612 367 54 164 blocking 603 354 38 139 blocking 56 398 76 145 standing 299 381 54 117 standing 315 449 60 148 standing 380 388 74 148 standing 420 450 57 181 standing 438 332 71 126 spiking
31120.jpg r_spike 167 421 76 118 waiting 403 376 89 102 waiting 495 340 74 117 waiting 206 481 63 129 standing 671 374 74 195 spiking 939 460 94 135 digging 848 433 63 181 jumping 823 426 102 128 moving 794 368 69 86 digging 1004 402 75 128 digging 952 365 65 106 digging
42675.jpg r_set 292 381 52 107 standing 163 415 58 129 standing 219 450 62 150 standing 535 378 39 118 standing 526 441 39 122 standing 496 467 54 131 standing 653 373 64 148 setting 677 371 54 118 standing 871 436 48 107 standing 921 402 60 133 standing 794 365 75 124 standing 863 516 101 167 moving
23595.jpg l-pass 227 397 55 122 standing 338 391 54 100 waiting 362 497 130 54 falling 440 356 36 94 standing 510 388 46 102 standing 670 390 42 106 standing 762 404 39 109 standing 777 387 34 103 standing 944 427 49 110 standing 1066 362 41 110 standing 1141 417 44 120 waiting
42685.jpg r_spike 154 424 49 127 standing 186 450 63 161 standing 307 373 66 109 moving 466 471 74 133 standing 527 450 46 137 standing 536 317 46 170 blocking 653 285 51 163 spiking 684 415 51 107 falling 759 359 64 126 standing 860 407 50 120 standing 801 498 95 173 standing 829 449 80 139 standing
19415.jpg r_set 1099 385 85 134 standing 941 398 41 109 waiting 771 347 68 57 falling 666 376 50 137 standing 197 440 41 142 standing 137 389 49 148 standing 130 370 60 101 waiting 492 368 38 134 standing 480 399 43 123 standing 492 427 41 150 standing 833 329 54 148 setting 974 485 85 156 standing
35880.jpg l-pass 330 489 129 101 digging 133 360 56 154 waiting 318 358 67 135 moving 491 312 58 137 standing 559 430 62 163 standing 629 391 48 178 standing 748 300 54 143 standing 723 360 47 158 standing 716 402 77 156 standing 914 414 67 158 moving 888 340 60 143 standing 1046 356 62 156 standing
57475.jpg l-pass 155 460 65 158 standing 214 422 44 152 waiting 260 404 37 123 digging 445 427 49 146 standing 494 358 58 96 moving 709 435 56 147 standing 818 445 44 154 standing 834 417 37 140 standing 820 381 48 62 standing 1065 468 63 142 standing 1087 415 42 116 standing 1115 495 93 137 waiting
23820.jpg l_set 170 389 57 145 standing 341 367 40 114 standing 502 345 61 100 standing 405 445 99 131 moving 423 365 56 155 setting 9 457 109 163 moving 1022 467 77 130 standing 1029 356 49 127 standing 715 451 58 124 standing 717 382 37 119 standing 734 361 32 110 standing
72460.jpg l-spike 65 517 117 85 falling 284 406 69 119 standing 354 388 68 94 moving 414 300 35 120 spiking 602 308 40 150 blocking 764 443 80 131 standing 956 344 55 99 standing 1004 401 57 97 waiting 967 449 68 127 standing 482 450 80 130 standing 467 382 71 122 standing
35680.jpg r-pass 906 443 72 124 waiting 865 373 82 96 digging 729 363 92 103 standing 616 346 92 123 standing 440 427 51 152 standing 429 417 39 126 standing 345 453 61 165 standing 321 412 89 147 standing 333 335 35 107 standing 197 399 70 110 standing 90 469 79 102 falling
25900.jpg r-pass 87 406 54 104 moving 189 433 40 118 standing 352 435 37 122 standing 605 426 44 98 standing 763 432 45 119 standing 1070 424 41 116 standing 990 463 64 90 waiting 890 415 50 99 digging 910 486 54 134 standing 505 415 57 126 blocking 546 421 43 103 blocking 540 460 30 112 standing
35980.jpg l-spike 313 344 52 114 waiting 212 421 56 160 standing 201 379 48 139 standing 428 404 86 171 standing 467 359 52 126 waiting 453 243 62 158 spiking 592 279 39 178 blocking 887 335 64 105 waiting 1008 440 92 146 waiting 1174 368 60 139 standing
19335.jpg l-spike 1042 407 49 114 standing 904 386 65 84 digging 634 456 118 116 standing 593 367 36 137 standing 369 459 81 159 standing 531 403 41 126 standing 340 388 54 102 standing 483 309 42 118 spiking 338 443 50 107 standing 945 471 77 130 standing
71695.jpg l-pass 425 448 97 162 standing 338 380 79 114 standing 528 373 62 124 standing 511 331 67 109 moving 592 468 72 95 falling 248 424 98 122 digging 747 331 27 137 standing 923 358 47 120 standing 772 425 47 152 standing 768 385 42 132 standing 1044 456 65 141 standing 1108 376 84 144 standing
26090.jpg r_set 736 344 69 129 moving 767 402 105 55 falling 624 293 39 147 setting 570 278 50 175 blocking 561 381 47 139 standing 508 437 57 142 standing 402 355 57 114 waiting 144 386 53 139 standing 279 421 72 154 standing 877 497 107 180 moving 1032 379 84 137 moving 900 419 87 124 moving
57635.jpg l-spike 217 439 85 155 standing 474 352 45 116 standing 520 414 49 141 standing 659 436 75 135 moving 649 399 51 121 standing 281 345 66 149 spiking 537 381 54 95 standing 766 363 48 119 standing 891 380 84 99 standing 1044 415 53 104 waiting 1066 462 59 141 standing
53875.jpg r_spike 275 470 61 137 waiting 1051 423 49 123 standing 444 425 76 92 waiting 278 446 44 109 waiting 625 420 32 165 blocking 728 371 37 92 standing 859 448 43 102 standing 676 435 53 117 standing 682 414 52 115 standing 730 438 44 130 spiking
57655.jpg r-pass 911 473 78 70 falling 955 483 60 89 falling 834 395 91 89 standing 716 362 42 114 standing 677 461 64 154 standing 629 410 72 130 standing 194 440 47 159 standing 185 395 67 130 standing 351 367 53 103 standing 415 366 42 109 standing 447 393 53 95 moving 427 418 49 131 standing
71565.jpg r_spike 330 387 47 90 waiting 275 476 73 118 standing 486 448 73 124 standing 187 422 58 129 standing 717 410 41 137 standing 1017 425 60 120 standing 835 398 56 94 standing 802 471 65 158 standing 784 430 41 126 standing 775 298 39 137 spiking 656 321 28 173 blocking
30730.jpg l_set 817 449 51 153 standing 297 432 102 142 digging 194 487 94 190 moving 356 353 48 130 standing 597 385 74 141 moving 805 402 57 128 standing 817 363 48 83 standing 1080 367 70 115 standing 1164 473 68 158 standing 76 426 72 145 moving
42780.jpg l-pass 194 427 70 165 standing 246 367 84 114 standing 522 332 51 125 standing 307 380 50 132 digging 342 367 57 120 digging 634 354 38 125 standing 700 375 70 138 standing 758 436 80 142 standing 935 347 66 126 standing 1021 425 53 134 standing 1083 385 54 132 waiting
57380.jpg r_set 625 499 54 96 digging 324 432 43 92 standing 883 508 77 96 digging 745 478 55 122 standing 791 397 45 99 moving 915 469 62 98 standing 801 539 74 147 standing 88 488 68 133 standing 185 469 68 109 waiting 501 514 43 127 standing 499 480 29 115 standing 502 466 39 58 standing
31000.jpg l-spike 302 391 65 128 standing 311 374 82 111 standing 479 430 62 131 standing 585 395 37 122 standing 769 438 52 143 standing 500 284 58 163 spiking 632 311 54 180 blocking 1129 421 62 114 waiting 995 374 62 97 waiting 984 483 80 122 waiting
31070.jpg r_set 58 381 53 147 standing 130 433 55 158 standing 127 348 64 115 standing 484 440 62 142 standing 497 392 50 125 standing 521 333 35 141 standing 600 386 50 141 standing 927 495 90 185 standing 1050 377 69 142 standing 856 326 70 117 standing 809 312 59 114 standing 943 450 58 117 digging
23770.jpg l-pass 133 410 67 125 digging 332 431 63 156 standing 392 359 74 114 standing 650 436 84 165 standing 680 451 49 161 standing 787 383 42 154 standing 801 480 79 174 standing 874 346 44 119 standing 926 383 56 147 standing 905 435 63 147 standing 1051 387 69 142 standing
57790.jpg l_set 1147 458 77 151 standing 381 464 66 148 digging 656 419 48 145 standing 200 402 92 130 moving 129 424 54 148 standing 422 345 72 91 moving 299 450 66 69 falling 1082 367 66 119 standing 795 384 37 139 standing 795 362 40 125 standing 834 463 71 158 moving
35665.jpg l-spike 201 357 75 129 moving 3 392 42 137 standing 356 316 61 134 standing 691 331 81 120 standing 824 339 62 102 standing 984 440 68 154 standing 1021 363 69 130 waiting 414 406 62 129 digging 323 350 77 217 spiking 111 483 123 71 falling 503 357 49 205 blocking
57540.jpg l-spike 113 444 66 157 standing 204 412 71 137 standing 392 455 56 150 standing 604 455 56 137 standing 830 458 90 121 waiting 771 380 60 108 standing 898 436 67 107 waiting 271 384 39 120 standing 282 430 53 135 standing 395 297 44 133 spiking 504 300 32 167 blocking
53920.jpg l_set 966 491 72 121 standing 1111 404 46 123 standing 707 443 63 140 standing 722 407 32 126 standing 719 378 42 74 standing 569 423 53 133 standing 518 368 67 105 moving 451 443 46 149 digging 352 432 46 93 falling 205 474 63 157 standing 208 419 86 125 moving 870 387 60 114 standing
35625.jpg l_set 57 376 82 147 standing 223 451 84 196 standing 277 353 42 141 standing 348 313 58 106 moving 507 417 103 138 digging 580 360 77 124 standing 770 334 42 117 standing 760 373 40 147 standing 761 414 54 166 standing 1026 344 72 123 standing 1188 468 64 159 waiting 1243 410 35 137 moving
19370.jpg r-pass 566 333 65 101 moving 715 429 62 139 standing 574 359 52 132 standing 308 414 70 135 standing 410 417 43 157 standing 146 384 50 118 standing 239 350 42 129 standing 431 369 32 124 standing 906 422 69 123 standing 969 362 42 124 standing 867 341 47 100 digging
23750.jpg r_spike 309 350 61 113 standing 206 432 99 158 standing 696 363 44 144 standing 795 338 77 121 standing 827 393 64 133 standing 895 395 62 117 standing 847 454 110 135 standing 742 389 75 193 spiking 588 370 41 215 blocking 29 401 102 123 waiting
72475.jpg r-pass 501 338 35 139 blocking 885 410 46 123 digging 180 410 68 123 standing 275 387 43 115 standing 386 460 80 123 standing 693 446 56 129 standing 347 379 46 95 waiting 368 399 82 107 standing 884 344 39 97 standing 901 385 43 111 standing
47250.jpg r_winpoint 240 474 159 51 falling 531 323 51 137 standing 732 450 51 194 standing 752 442 54 170 standing 333 455 70 163 standing 253 412 39 145 standing 881 379 49 164 standing 921 396 47 127 moving 996 480 109 182 moving 1128 389 101 165 standing 1056 472 92 141 moving 1114 342 57 137 moving
36690.jpg r_winpoint 616 441 77 163 standing 718 323 64 137 standing 661 343 44 120 standing 440 338 53 135 standing 303 425 54 187 standing 1175 479 84 182 standing 1024 420 102 158 moving 982 403 63 158 moving 1028 379 43 172 moving 1143 362 37 152 standing 345 455 60 111 falling
50355.jpg l_winpoint 246 364 70 150 standing 808 408 55 187 standing 588 295 62 151 standing 542 320 45 152 standing 776 322 60 145 standing 935 381 74 175 standing 1045 353 52 154 standing 297 361 85 163 standing 260 341 53 162 standing 332 355 38 154 standing 302 338 79 156 standing
41535.jpg l_winpoint 1055 360 66 159 standing 998 409 49 152 standing 954 350 67 60 falling 849 403 61 165 standing 674 344 69 139 standing 615 367 75 154 standing 384 358 47 156 standing 345 380 64 151 standing 306 376 96 146 standing 303 367 52 150 standing 358 360 69 154 standing
52155.jpg r_winpoint 131 354 53 153 standing 351 422 56 171 standing 414 357 79 147 standing 380 455 61 194 standing 506 410 68 169 standing 543 370 55 152 standing 804 362 59 143 standing 871 378 80 154 moving 1005 440 78 163 moving 1094 358 86 148 moving 1181 367 86 158 standing 1112 503 84 159 moving
36015.jpg l_winpoint 43 387 78 145 standing 64 338 80 147 standing 136 277 113 177 standing 324 304 69 154 standing 276 306 88 177 standing 276 355 52 181 standing 485 279 55 156 standing 459 295 47 156 standing 464 317 61 159 standing 698 297 61 145 standing 927 392 62 175 standing 1033 316 69 162 standing
31245.jpg l_winpoint 362 361 46 143 standing 412 385 77 144 standing 475 350 80 177 standing 580 340 54 127 standing 591 323 61 128 standing 730 387 61 100 standing 761 403 54 153 standing 853 311 56 135 standing 910 362 46 122 standing 900 395 72 139 standing 965 361 54 149 standing
51435.jpg l_winpoint 153 443 109 138 standing 269 425 38 111 standing 350 437 51 139 standing 434 388 41 116 standing 466 400 42 131 standing 440 465 60 159 standing 567 464 61 160 standing 585 446 51 151 standing 664 380 78 121 standing 817 417 86 90 falling 897 466 65 150 standing 966 396 44 136 standing
47865.jpg r_winpoint 994 376 45 129 standing 848 385 71 132 standing 824 474 104 162 standing 678 464 85 147 standing 667 426 100 142 standing 644 367 42 140 standing 489 393 61 135 standing 434 337 46 144 standing 378 427 59 141 standing 366 544 73 61 falling 298 370 40 132 standing 247 411 46 128 standing
33570.jpg r_winpoint 1180 381 57 156 standing 1024 450 94 159 standing 1002 365 52 134 standing 892 401 72 150 standing 932 352 64 138 standing 717 343 50 137 standing 665 402 67 170 standing 672 326 43 132 standing 626 344 45 135 standing 478 424 42 154 standing 292 377 48 155 standing
31920.jpg r_winpoint 1125 403 138 173 standing 1084 475 60 162 standing 849 403 88 161 standing 932 422 89 167 standing 981 370 70 155 standing 980 365 71 154 standing 672 427 52 177 standing 619 445 75 183 standing 636 394 59 158 standing 376 448 37 167 standing 362 361 62 138 standing 140 372 57 150 standing
