73210.jpg r_set 918 393 47 98 standing 845 413 98 100 moving 809 466 68 99 moving 727 334 87 86 moving 688 372 51 138 standing 668 326 39 126 setting 536 473 54 121 standing 559 413 40 116 standing 542 385 37 107 standing 267 503 75 98 waiting 297 375 41 100 standing 139 426 54 102 waiting
73320.jpg l-spike 124 651 76 67 standing 265 425 58 88 waiting 427 380 69 96 standing 464 296 69 105 spiking 579 396 34 80 digging 524 460 49 120 standing 632 323 27 148 blocking 638 327 47 135 blocking 926 383 46 84 waiting 950 480 63 120 digging 1115 414 54 103 standing
12960.jpg l-spike 908 469 127 135 waiting 1073 393 65 143 waiting 908 317 75 111 waiting 640 408 54 172 standing 557 304 47 139 standing 571 213 58 187 blocking 450 342 72 153 standing 377 209 79 121 spiking 345 327 63 149 standing 224 397 89 145 standing 79 363 60 127 waiting 381 480 100 167 standing
13170.jpg l-spike 76 409 65 150 standing 272 338 95 127 moving 343 270 83 111 moving 328 486 143 157 moving 591 304 51 201 setting 468 296 115 179 spiking 652 314 36 192 blocking 665 315 55 118 standing 674 410 69 142 standing 941 340 84 99 waiting 1085 360 69 139 standing 957 456 63 141 waiting
64170.jpg l_set 207 479 97 111 moving 313 402 55 111 waiting 406 333 48 111 standing 497 282 42 131 setting 450 280 76 83 moving 557 349 33 125 standing 752 339 41 106 standing 758 389 44 115 standing 1036 435 64 109 waiting 1117 352 53 121 standing 1015 318 59 104 standing
18455.jpg r_set 967 454 90 123 moving 918 361 47 104 standing 852 325 44 107 standing 853 297 56 85 moving 719 232 41 122 setting 656 358 56 101 standing 579 418 35 128 standing 585 350 39 111 standing 569 318 59 116 standing 304 336 43 98 standing 275 415 65 120 standing 208 363 32 121 standing
18775.jpg r-pass 273 371 41 109 standing 386 438 70 140 standing 421 421 71 126 standing 555 368 42 136 standing 450 352 75 103 standing 515 271 56 105 moving 637 314 34 153 blocking 644 334 65 159 blocking 660 319 51 88 standing 906 347 64 80 waiting 1012 390 59 96 waiting 935 424 59 108 waiting
13185.jpg l-spike 1033 382 67 128 waiting 924 328 80 116 waiting 917 452 85 143 waiting 625 435 63 181 standing 603 303 44 214 blocking 619 306 66 100 jumping 480 457 99 156 standing 544 397 55 149 standing 513 334 82 159 jumping 446 267 69 122 standing 379 256 97 146 spiking 41 399 105 139 standing
42015.jpg l-pass 1066 345 51 95 waiting 937 386 60 124 standing 902 339 66 89 standing 930 300 49 100 standing 831 394 72 126 jumping 855 348 36 126 standing 789 341 45 171 blocking 764 334 68 134 standing 660 330 69 90 digging 514 344 84 70 waiting 438 356 52 100 waiting 398 452 77 105 waiting
42130.jpg r_spike 1029 391 68 116 waiting 1025 328 51 85 standing 978 365 47 115 standing 950 220 41 121 spiking 891 354 44 121 standing 882 445 58 129 standing 677 418 85 106 waiting 822 242 46 155 blocking 826 230 53 116 blocking 510 436 71 92 digging 527 309 46 77 digging 441 347 53 99 digging
42220.jpg r-pass 174 334 47 113 standing 334 408 48 119 standing 371 335 40 92 standing 409 289 43 77 moving 547 350 52 128 standing 571 407 47 128 standing 643 326 44 95 standing 737 342 52 122 standing 838 430 41 124 standing 880 380 48 75 digging 990 309 56 95 standing 1081 384 67 108 standing
42265.jpg r_spike 386 366 47 99 waiting 474 341 44 91 waiting 432 422 63 105 waiting 694 302 37 104 blocking 713 302 29 163 blocking 694 413 51 115 standing 766 345 73 110 standing 773 273 68 124 spiking 908 304 58 81 standing 1044 348 44 99 standing 934 393 68 112 standing 842 479 83 116 standing
18615.jpg l-pass 871 341 64 101 standing 784 313 65 101 standing 815 412 42 107 waiting 576 360 33 124 standing 549 329 39 122 standing 593 306 48 96 standing 470 399 50 125 standing 447 315 37 138 setting 313 280 50 96 standing 275 346 53 94 waiting 129 421 51 126 standing 123 381 94 110 moving
12980.jpg r-pass 940 370 46 153 standing 774 297 87 118 standing 647 447 109 133 standing 488 381 87 124 standing 398 279 82 148 standing 370 291 57 129 standing 297 352 56 161 standing 319 302 56 135 standing 196 317 71 148 standing 202 454 115 166 standing 35 415 100 149 standing
18715.jpg l-pass 966 379 40 121 standing 848 413 41 123 standing 846 318 48 104 standing 612 426 50 120 standing 614 310 40 92 standing 638 285 53 90 standing 518 418 55 115 standing 454 436 80 134 digging 437 321 50 118 standing 439 280 41 102 standing 348 345 44 110 standing 265 388 51 107 standing
18535.jpg l_set 921 407 49 112 standing 928 336 48 118 standing 835 291 58 106 standing 683 398 44 132 standing 639 358 39 120 standing 646 328 41 103 standing 504 360 45 117 standing 512 312 48 101 standing 434 274 54 81 standing 370 327 46 121 setting 252 377 56 119 standing 147 478 109 125 moving
64195.jpg l-spike 185 404 81 99 standing 267 463 75 129 moving 250 318 44 108 standing 367 348 61 103 standing 491 355 43 93 standing 418 254 57 112 spiking 557 269 30 146 blocking 563 360 64 94 waiting 812 440 73 109 waiting 868 335 55 102 standing 963 383 60 102 digging
18820.jpg l_winpoint 638 368 32 126 standing 733 357 42 133 standing 782 301 40 111 standing 879 332 64 114 standing 858 310 56 109 standing 513 321 62 110 standing 453 360 86 134 standing 439 376 81 119 standing 420 357 67 124 standing 411 343 47 116 standing 466 335 50 60 standing 873 385 42 162 setting
42195.jpg l-pass 417 386 48 114 standing 358 341 43 90 standing 546 321 39 116 standing 488 244 57 112 digging 592 401 58 128 standing 702 317 32 107 standing 735 330 47 117 standing 773 404 47 125 standing 948 365 39 115 standing 980 382 50 114 standing 934 311 32 100 standing 141 323 44 101 standing
64210.jpg r-pass 847 404 53 97 waiting 750 338 43 106 waiting 713 426 60 112 digging 518 366 51 106 waiting 445 302 54 109 blocking 436 279 52 126 blocking 390 347 37 100 standing 346 303 38 95 jumping 293 345 51 102 standing 208 462 68 119 waiting 124 405 57 103 standing 151 343 33 107 standing
81700.jpg l-spike 195 369 62 92 standing 359 356 71 119 standing 435 384 50 152 spiking 413 408 55 125 standing 480 405 49 121 standing 478 288 52 97 standing 576 326 51 194 blocking 588 365 33 170 blocking 580 328 81 87 waiting 862 358 65 81 waiting 940 354 75 90 digging 926 442 57 120 waiting
73240.jpg l-pass 484 461 54 119 waiting 411 397 46 107 digging 545 379 51 98 digging 724 467 93 124 standing 800 357 53 153 blocking 816 362 35 117 standing 866 354 56 90 standing 898 383 41 114 standing 858 437 56 83 falling 894 498 68 127 waiting 1018 352 56 99 standing 1162 430 38 115 standing
18650.jpg l_set 1002 351 36 114 standing 909 431 55 99 waiting 886 333 63 89 waiting 672 379 40 115 standing 652 339 40 111 standing 671 318 35 87 standing 545 327 49 143 setting 586 302 35 124 standing 428 271 53 82 moving 279 375 72 94 moving 206 349 50 98 standing 229 465 57 134 standing
42140.jpg l-pass 456 345 44 101 standing 553 311 52 73 standing 536 413 75 116 standing 653 418 81 106 standing 861 263 26 114 blocking 818 267 68 123 blocking 911 300 60 77 moving 899 351 52 120 standing 906 440 52 139 standing 1008 367 56 117 standing 1001 327 48 93 standing 1058 389 70 124 waiting
41985.jpg r_set 893 298 76 79 moving 914 377 56 99 moving 829 332 28 101 standing 800 442 76 96 moving 660 368 52 133 standing 622 340 61 122 setting 545 385 45 145 blocking 546 345 48 166 blocking 530 358 48 99 standing 315 340 56 90 waiting 237 447 83 97 waiting 187 388 48 107 waiting
41960.jpg r-pass 943 298 40 98 standing 931 342 56 115 standing 776 430 82 106 digging 751 343 51 100 standing 680 409 61 135 moving 522 354 38 112 standing 433 345 30 115 standing 442 370 42 128 standing 387 392 65 124 standing 204 344 43 96 waiting 150 448 52 113 waiting 6 406 24 130 standing
58890.jpg r_set 991 511 78 125 moving 1002 426 43 110 standing 905 391 59 100 moving 802 317 40 83 standing 772 307 41 119 setting 728 385 58 114 standing 541 453 52 122 standing 564 381 41 127 blocking 536 364 45 109 standing 319 368 46 81 waiting 260 480 73 102 waiting 173 390 39 122 standing
73175.jpg r-pass 884 403 43 112 standing 780 448 57 103 falling 806 393 47 92 standing 778 324 57 99 standing 689 437 59 127 standing 494 388 51 95 standing 436 459 43 127 standing 432 400 43 118 standing 392 381 53 119 standing 206 426 41 130 standing 196 368 41 119 standing 7 391 38 129 standing
59160.jpg r-pass 211 395 54 119 standing 398 411 41 120 standing 398 350 34 106 standing 489 294 54 104 standing 540 346 57 115 standing 578 377 50 111 standing 653 368 55 135 moving 757 366 60 100 standing 765 327 43 105 standing 890 368 64 92 digging 953 383 44 120 standing 814 474 75 125 moving
17520.jpg l-spike 894 462 56 110 digging 948 371 57 90 waiting 807 365 73 83 digging 591 336 53 89 standing 549 373 50 157 blocking 543 360 55 104 standing 494 342 41 114 standing 461 304 39 98 moving 347 402 92 135 spiking 383 384 78 100 standing 336 358 48 115 standing 255 425 53 100 standing
73390.jpg r_set 961 435 62 100 standing 773 336 68 78 moving 757 448 51 119 moving 1229 421 49 107 standing 711 318 45 142 setting 696 347 29 114 standing 588 451 51 122 standing 606 390 41 119 standing 577 354 48 111 standing 312 467 56 116 waiting 350 365 64 109 standing 213 394 48 116 standing
17540.jpg l-pass 316 449 46 96 waiting 370 400 64 95 moving 324 350 45 111 standing 415 303 39 98 standing 468 372 47 120 standing 456 456 77 124 digging 538 439 54 122 standing 589 418 51 111 moving 671 339 72 95 standing 758 354 84 92 standing 783 497 130 68 falling 942 345 46 106 standing
18765.jpg l-spike 1015 364 52 110 standing 956 436 51 105 waiting 917 323 56 101 waiting 672 372 66 163 blocking 656 339 35 132 blocking 671 310 43 105 standing 521 310 88 140 spiking 446 405 80 118 standing 413 360 47 107 standing 466 269 77 97 moving 310 457 99 126 moving 217 381 68 111 standing
73280.jpg l_set 1159 443 63 110 standing 1065 375 46 104 standing 909 433 94 115 standing 840 452 44 124 standing 831 367 30 128 standing 797 361 44 106 standing 729 397 36 128 standing 541 502 61 142 standing 424 366 49 110 standing 366 497 63 150 setting 335 375 64 122 standing 519 337 69 77 moving
17580.jpg l-pass 1106 450 85 131 standing 1077 330 36 109 standing 1249 375 29 123 standing 858 396 43 129 standing 833 356 33 120 standing 867 322 36 106 standing 672 391 34 125 standing 670 342 64 119 standing 570 281 48 80 moving 447 344 57 104 standing 386 352 57 140 digging 515 424 61 140 standing
12935.jpg l_set 1152 494 76 137 waiting 1053 351 90 103 waiting 768 428 86 172 standing 750 339 53 173 blocking 779 324 47 135 standing 529 334 88 156 standing 485 312 56 191 setting 340 282 73 107 moving 266 348 95 137 moving 208 394 56 153 standing 268 499 120 186 standing
17620.jpg l-spike 301 427 66 103 waiting 484 412 60 85 waiting 415 330 56 100 digging 508 351 73 110 waiting 496 250 47 139 spiking 643 278 38 148 blocking 897 447 58 114 digging 915 338 71 95 digging 1154 401 59 107 waiting 41 411 76 95 moving
59075.jpg r_set 331 384 53 120 standing 462 359 55 86 waiting 421 433 66 129 standing 688 438 52 120 standing 714 369 41 127 standing 686 351 48 115 standing 815 317 36 121 standing 825 316 46 122 setting 866 320 87 84 moving 947 454 110 113 moving 1084 439 81 116 moving 1129 371 46 108 waiting
18570.jpg l-spike 75 373 40 122 standing 198 420 58 125 moving 234 343 63 103 moving 330 375 62 107 standing 367 333 68 104 standing 355 235 73 121 spiking 495 243 31 161 blocking 499 286 35 153 blocking 553 365 60 111 standing 753 322 63 83 waiting 836 334 48 95 digging 805 415 60 107 waiting
12900.jpg l-pass 363 447 67 130 standing 391 412 49 102 standing 405 344 48 100 standing 441 342 52 82 digging 590 332 61 86 standing 667 388 75 114 standing 867 318 32 107 standing 831 338 39 126 standing 817 383 76 126 standing 1090 321 35 119 standing 1135 469 64 114 waiting 1237 345 41 117 standing
13140.jpg l-pass 121 487 92 167 standing 113 326 60 153 standing 181 370 91 143 digging 250 242 51 125 standing 357 325 70 146 standing 637 406 47 158 standing 714 303 39 136 standing 692 341 60 166 standing 735 378 46 163 standing 999 309 60 130 standing 1085 350 55 148 standing 1099 456 82 141 standing
18410.jpg r-pass 129 404 57 90 standing 186 420 34 141 standing 292 335 50 103 standing 511 343 37 112 standing 520 356 57 146 blocking 498 415 41 122 standing 640 348 71 95 moving 829 429 67 131 standing 991 422 53 121 standing 934 394 59 104 digging 922 346 48 77 waiting 819 285 56 98 standing
58945.jpg l-pass 496 290 35 144 setting 493 431 73 137 standing 681 360 63 96 standing 782 390 52 122 standing 839 464 52 153 standing 860 482 55 118 standing 938 490 47 118 standing 941 413 49 97 waiting 966 350 52 118 standing 1024 452 51 137 standing 1218 442 49 127 standing 1162 362 49 108 standing
18675.jpg l-spike 149 362 68 107 moving 305 456 73 118 standing 362 354 42 119 standing 410 386 65 110 standing 478 331 50 111 standing 448 221 48 138 spiking 538 232 36 138 blocking 539 277 31 158 blocking 584 415 97 130 standing 781 425 70 105 standing 909 381 54 102 waiting 809 324 57 92 digging
81745.jpg l-pass 1190 349 46 114 standing 1039 415 47 122 standing 1021 339 52 92 standing 776 317 39 99 standing 775 439 52 126 standing 771 399 45 145 standing 641 467 81 135 standing 654 363 34 122 standing 593 287 48 94 standing 461 405 82 129 standing 505 341 67 115 standing 301 383 87 98 digging
64120.jpg l-pass 207 446 64 127 standing 387 401 49 116 standing 409 356 49 108 standing 424 322 49 108 digging 552 332 53 93 standing 756 362 47 122 standing 827 335 43 111 standing 828 347 51 133 blocking 839 375 48 130 standing 1071 325 47 118 standing 1134 441 53 114 waiting 1190 393 63 78 standing
64255.jpg r_set 175 349 43 93 waiting 238 428 59 132 standing 261 350 49 115 standing 441 390 52 123 standing 504 359 45 122 standing 488 304 35 108 standing 608 339 30 127 standing 751 282 34 117 setting 819 472 90 129 moving 964 435 57 122 standing 889 387 68 94 moving 815 296 54 87 standing
73420.jpg l-pass 391 411 57 112 waiting 508 453 60 89 falling 558 342 36 95 digging 730 426 79 103 waiting 848 284 30 134 blocking 821 311 51 127 blocking 880 317 69 104 jumping 888 357 46 99 standing 965 375 56 104 moving 999 428 58 107 waiting 964 474 51 138 moving
42255.jpg r_set 960 390 117 104 moving 974 346 47 81 standing 960 306 50 75 moving 751 318 55 120 standing 704 313 51 125 setting 867 486 65 120 standing 637 402 48 126 standing 651 333 36 134 blocking 609 317 39 91 standing 387 420 60 95 waiting 423 341 36 95 waiting 327 354 41 108 waiting
59030.jpg r-pass 165 353 43 115 standing 442 333 51 84 standing 385 363 41 94 standing 409 366 43 108 standing 397 397 64 120 standing 414 455 79 122 standing 520 307 67 125 standing 527 326 64 103 standing 711 435 56 87 digging 804 435 52 111 waiting 783 350 64 87 moving 976 416 81 103 standing
73440.jpg l-pass 1253 445 25 110 standing 1086 386 48 100 standing 1049 420 42 106 standing 1009 490 73 138 standing 950 351 45 120 standing 937 339 41 109 standing 876 320 36 106 standing 827 322 45 99 standing 740 447 85 77 falling 555 426 57 116 waiting 571 327 50 103 standing 409 404 55 112 waiting
73410.jpg r_spike 331 412 53 102 waiting 426 451 58 116 waiting 472 354 47 95 waiting 703 435 84 115 standing 759 301 26 160 blocking 748 297 33 148 blocking 805 345 40 109 standing 831 346 54 129 standing 842 274 38 120 spiking 928 423 68 109 waiting 877 466 53 132 standing
59220.jpg l-pass 465 402 43 98 digging 518 445 56 102 falling 587 370 58 81 waiting 801 448 49 119 moving 769 345 59 102 standing 822 350 44 146 blocking 879 397 65 130 jumping 946 479 85 122 standing 1009 382 45 127 standing 899 298 54 101 jumping 939 338 52 96 standing
42100.jpg r_set 989 379 41 87 waiting 952 308 78 80 moving 939 393 75 111 moving 865 497 73 112 moving 728 360 52 132 standing 707 321 47 136 setting 618 416 43 128 standing 627 346 41 149 blocking 616 350 42 108 standing 412 346 50 86 waiting 338 437 78 92 waiting 304 369 66 96 waiting
59010.jpg l-spike 1069 400 42 120 standing 860 352 50 71 digging 824 450 68 117 waiting 711 463 50 104 standing 560 284 47 149 blocking 562 260 41 143 blocking 481 260 52 127 spiking 464 473 60 125 standing 448 410 90 102 standing 468 377 65 97 standing 437 375 44 77 waiting 147 339 53 106 standing
13085.jpg r-pass 930 335 69 146 moving 804 462 109 176 moving 771 375 77 162 digging 431 308 65 140 standing 293 342 62 162 standing 161 442 69 173 standing 11 345 67 176 standing
42060.jpg r-pass 911 366 59 108 digging 893 306 52 98 moving 784 380 107 119 standing 769 454 51 127 standing 706 358 39 128 standing 646 329 55 98 standing 544 406 62 124 standing 567 340 46 119 standing 457 319 65 95 standing 391 340 34 97 standing 284 422 49 100 waiting 272 364 44 96 waiting
17495.jpg l_set 1109 399 49 108 waiting 1051 443 48 124 waiting 933 358 66 74 waiting 746 413 48 130 standing 732 344 39 95 standing 704 353 37 99 standing 633 324 46 137 setting 626 297 43 141 jumping 482 309 52 79 moving 382 344 79 107 moving 278 380 47 109 standing 299 481 55 134 standing
81795.jpg l-spike 1125 361 63 96 waiting 980 428 44 112 waiting 842 339 50 96 waiting 625 300 44 135 blocking 609 276 47 155 blocking 624 269 34 159 blocking 497 277 55 131 spiking 519 418 45 123 standing 530 376 48 125 standing 428 376 41 116 standing 368 360 55 112 digging 46 493 94 66 falling
59200.jpg r_set 1017 529 119 124 moving 1048 388 90 124 moving 832 310 40 126 setting 895 314 76 86 moving 847 407 52 121 standing 695 436 60 118 standing 715 372 46 124 standing 690 322 45 109 standing 495 360 45 89 standing 432 455 66 105 waiting 383 393 40 112 standing 1177 364 46 102 standing
58980.jpg l_set 1181 413 51 107 standing 1063 363 37 104 standing 1015 449 59 134 standing 825 485 47 134 standing 801 373 50 131 standing 794 353 57 103 standing 717 418 48 138 standing 540 522 93 130 moving 604 353 45 144 setting 542 354 56 105 standing 604 327 52 76 standing 319 314 51 81 standing
58850.jpg r-pass 888 474 49 101 digging 869 413 48 79 waiting 840 368 41 100 waiting 711 340 48 98 standing 702 316 42 99 standing 552 385 56 88 waiting 423 443 36 125 standing 444 401 26 139 standing 439 375 29 119 standing 204 378 46 80 waiting 190 451 27 134 standing 53 454 52 127 moving
58920.jpg r_spike 406 476 69 109 waiting 366 387 53 92 waiting 531 366 63 71 waiting 739 367 37 88 moving 766 392 49 159 blocking 833 410 47 114 standing 863 344 41 96 standing 897 437 88 135 spiking 941 419 37 124 standing 1028 347 51 97 standing 1131 460 57 107 moving
73340.jpg r-pass 140 422 49 104 waiting 358 374 53 102 standing 388 346 39 96 standing 456 365 34 111 standing 410 459 82 106 standing 512 370 34 99 standing 516 347 30 111 standing 796 367 46 91 waiting 826 481 70 112 waiting 1010 423 52 86 digging 8 582 54 136 moving
18480.jpg r_spike 892 358 47 113 standing 817 434 76 115 standing 827 339 46 88 waiting 843 242 36 97 standing 764 242 48 103 spiking 729 343 45 108 standing 678 255 40 134 blocking 682 240 46 122 blocking 559 399 79 87 waiting 394 406 67 111 waiting 361 313 54 80 digging 258 397 62 108 digging
81715.jpg l-pass 922 346 70 100 waiting 876 450 53 114 standing 824 355 42 83 falling 591 330 67 90 standing 520 386 37 173 blocking 519 378 65 159 blocking 469 450 52 109 standing 432 401 47 125 digging 441 314 54 94 standing 307 434 49 119 waiting 303 361 75 121 standing 144 379 47 89 waiting
42005.jpg r_spike 969 339 44 96 standing 870 385 75 117 standing 890 291 47 88 moving 795 383 77 130 spiking 816 329 51 104 standing 779 355 47 123 standing 706 353 47 176 blocking 686 304 67 155 blocking 663 337 66 79 digging 436 343 69 80 waiting 360 440 72 90 standing 355 376 48 98 standing
18755.jpg l_set 218 386 55 112 standing 317 375 77 90 moving 277 471 105 117 moving 411 271 68 92 moving 508 347 44 153 setting 537 333 45 148 standing 669 402 64 127 standing 660 348 41 117 standing 678 307 45 105 standing 958 435 53 107 waiting 1006 355 48 118 standing 919 326 45 93 standing
81680.jpg l_set 339 457 100 112 moving 298 353 61 105 standing 190 356 53 102 standing 455 275 75 76 moving 535 365 51 157 setting 524 341 38 132 spiking 684 424 47 117 standing 677 358 43 114 blocking 680 322 44 79 moving 937 356 51 89 digging 997 419 54 113 waiting 1082 353 41 114 standing
81630.jpg l-pass 514 422 82 128 standing 487 305 64 101 standing 494 259 34 63 standing 357 308 50 96 standing 343 401 42 114 standing 328 359 29 71 digging 1161 398 78 100 moving 1065 412 46 119 standing 976 326 57 93 waiting 804 330 51 120 standing 780 326 35 133 standing 772 373 43 126 standing
59210.jpg r_spike 1245 392 34 107 standing 977 508 89 118 moving 997 399 78 111 moving 846 359 92 147 spiking 886 350 53 88 standing 903 317 32 85 standing 750 456 45 115 standing 762 381 41 111 standing 740 338 40 95 standing 550 369 56 76 waiting 474 454 62 104 waiting 421 395 43 105 standing
17630.jpg r-pass 24 411 58 94 standing 218 434 71 111 waiting 356 337 41 110 standing 406 415 60 85 waiting 431 362 64 103 digging 431 329 52 110 standing 563 287 49 140 blocking 817 347 46 94 waiting 788 453 77 102 digging 1083 397 48 113 standing
64285.jpg r_spike 332 458 59 117 waiting 303 375 63 98 waiting 378 349 73 79 waiting 640 370 48 126 digging 673 383 53 164 blocking 690 381 36 136 blocking 856 330 71 81 standing 867 412 54 112 moving 759 403 98 118 standing 1046 449 63 101 waiting 1050 336 68 91 standing 808 423 89 133 spiking
59095.jpg r_spike 1144 378 48 93 waiting 1006 409 57 114 standing 904 458 52 126 standing 882 383 46 105 standing 854 364 92 93 falling 869 262 40 117 spiking 731 393 80 108 standing 778 308 36 134 blocking 776 271 42 135 blocking 537 343 42 87 waiting 465 443 64 107 waiting 365 405 55 104 waiting
18495.jpg l-pass 296 400 66 111 standing 477 408 54 110 waiting 417 310 48 87 waiting 599 342 58 135 setting 682 286 61 102 standing 729 285 32 99 standing 769 328 50 117 standing 762 314 36 68 standing 942 349 40 112 standing 883 338 35 92 standing 859 415 63 135 standing 935 250 40 89 moving
42155.jpg l-pass 377 327 34 88 standing 761 266 31 114 standing 788 280 34 96 standing 847 351 44 118 standing 864 421 37 128 standing 1008 388 62 122 standing 934 348 49 107 standing 915 296 45 84 standing 960 322 43 87 standing 520 410 76 93 standing 509 353 65 74 falling 569 431 111 106 standing
17455.jpg l-pass 196 456 47 138 standing 331 404 54 109 waiting 401 372 52 113 standing 463 346 49 100 digging 520 356 72 74 standing 656 387 55 109 standing 753 392 54 132 standing 799 397 45 132 standing 760 343 28 105 standing 956 370 41 130 standing 1083 422 46 129 standing 1155 402 79 134 standing
38985.jpg l_winpoint 367 414 54 130 standing 375 439 86 115 standing 469 411 69 131 standing 435 427 77 119 standing 433 393 37 127 standing 449 386 42 125 standing 651 477 47 130 standing 796 463 65 122 standing 725 397 58 108 standing 910 425 47 118 standing 791 415 62 125 standing 742 355 37 100 standing
52485.jpg l_winpoint 775 364 42 114 standing 911 559 106 72 falling 668 451 66 133 standing 576 344 45 110 standing 556 420 51 104 standing 479 413 42 129 standing 347 376 47 120 standing 279 415 84 117 standing 227 344 41 107 moving 170 400 66 113 standing 176 424 37 161 standing 122 430 60 149 standing
45465.jpg l_winpoint 156 411 73 104 standing 371 412 44 107 standing 353 392 81 100 standing 398 408 82 113 standing 442 390 57 117 standing 465 383 54 99 standing 690 389 68 106 standing 798 382 39 125 standing 878 334 35 104 standing 962 451 74 66 falling 1010 442 54 136 standing 1013 444 74 55 falling
39915.jpg l_winpoint 74 208 70 120 standing 403 247 49 115 standing 342 205 101 108 standing 475 221 42 119 standing 458 201 46 111 standing 524 204 49 127 standing 655 364 55 158 standing 728 429 55 143 standing 865 372 67 160 standing 990 227 52 115 standing 907 171 43 111 standing 724 173 44 112 standing
33435.jpg r_winpoint 150 318 38 100 standing 235 378 54 117 standing 281 365 63 104 standing 173 272 39 100 standing 387 304 28 102 standing 458 356 60 118 standing 841 386 61 117 standing 843 377 58 107 standing 862 369 64 113 standing 950 375 42 108 standing 991 389 43 109 standing 995 381 60 102 standing
30615.jpg l_winpoint 442 400 53 125 standing 450 367 68 125 standing 496 403 79 111 standing 540 369 61 114 standing 507 395 47 112 standing 479 328 32 77 standing 753 462 51 139 standing 757 436 52 134 standing 814 351 42 104 standing 968 366 41 114 standing 1017 439 50 130 standing 1134 380 39 127 standing
32700.jpg l_winpoint 394 383 62 112 standing 386 365 55 98 standing 460 387 43 112 standing 494 358 76 108 standing 449 345 44 114 standing 467 352 25 107 standing 666 327 35 109 standing 693 326 31 113 standing 719 335 38 116 standing 892 353 47 89 standing 937 410 60 116 standing 1003 389 59 110 standing
31830.jpg r_winpoint 170 382 51 110 standing 306 387 53 130 standing 346 343 40 97 standing 501 314 43 113 standing 537 308 45 107 standing 573 325 48 94 standing 698 381 70 151 standing 748 379 45 116 standing 730 346 44 106 standing 748 330 52 123 standing 785 349 29 111 standing 800 334 37 135 standing
41490.jpg l_winpoint 400 336 63 110 standing 457 384 51 124 standing 477 353 45 106 standing 500 327 44 112 standing 536 329 65 112 standing 562 322 37 117 standing 712 355 41 124 standing 747 355 50 117 standing 717 314 44 114 standing 905 327 49 111 standing 950 357 80 106 standing 914 436 123 70 falling
30000.jpg r_winpoint 299 427 57 121 standing 297 405 36 134 standing 330 422 42 118 standing 446 393 72 115 standing 508 361 37 117 standing 496 348 57 102 standing 777 420 82 100 standing 820 391 40 116 standing 865 404 52 122 standing 841 380 46 122 standing 644 299 31 76 moving
42300.jpg r_winpoint 432 351 39 112 standing 476 387 33 118 standing 509 385 109 65 falling 615 384 48 130 standing 727 315 39 119 standing 748 318 27 110 standing 817 325 44 118 standing 857 342 46 115 standing 849 330 66 104 standing 894 391 49 130 standing 799 438 46 134 standing 1058 365 46 109 standing
46155.jpg r_winpoint 117 477 56 129 standing 248 441 54 113 standing 299 469 53 117 standing 364 366 70 111 standing 467 364 37 107 standing 474 343 42 108 standing 820 390 60 109 standing 837 412 40 125 standing 941 408 48 106 standing 886 408 60 121 standing 896 406 33 113 standing 912 395 37 134 standing
