50150.jpg l_set 265 437 53 126 standing 437 420 53 114 setting 406 514 64 148 standing 685 368 42 126 standing 523 379 44 120 standing 815 451 53 126 standing 807 418 53 131 standing 807 390 47 103 standing 1173 464 43 142 standing 1123 383 39 114 standing 547 342 48 84 moving
84620.jpg l-spike 546 231 53 163 spiking 224 361 69 128 standing 232 406 39 128 moving 387 439 51 170 jumping 565 406 53 142 standing 503 387 91 128 standing 649 278 32 139 blocking 652 372 70 130 standing 752 435 58 126 standing 949 351 51 118 waiting 1035 435 67 116 waiting 902 451 84 112 waiting
67880.jpg l_set 329 455 97 133 moving 271 416 114 69 falling 565 366 50 149 setting 446 353 53 99 standing 505 329 67 75 moving 631 352 47 117 standing 866 360 35 118 standing 817 423 61 127 standing 825 392 48 133 standing 1085 449 54 140 standing 1205 392 48 133 standing 1187 328 64 109 moving
14265.jpg r_set 128 399 33 126 standing 245 475 44 123 standing 348 375 42 110 standing 541 463 43 135 standing 534 424 35 142 standing 561 421 32 117 standing 702 428 44 128 standing 736 450 43 175 setting 856 541 118 145 moving 967 475 35 127 standing 903 430 75 128 standing 911 368 72 103 standing
50290.jpg r_spike 646 373 44 200 blocking 294 487 58 118 standing 379 397 48 98 standing 974 394 63 112 standing 909 448 46 126 standing 850 443 83 107 standing 782 404 93 140 spiking 777 374 44 121 standing 741 445 58 98 waiting 72 439 58 126 standing
24105.jpg l-pass 493 507 62 97 falling 297 473 81 140 standing 462 456 65 102 digging 578 402 37 105 standing 687 494 63 135 standing 859 478 69 114 standing 1006 455 44 132 standing 976 443 51 132 standing 987 410 46 112 standing
95110.jpg r-pass 43 447 42 140 standing 208 504 62 155 standing 273 439 50 137 standing 331 397 60 132 standing 342 456 56 144 standing 334 455 112 107 standing 485 420 95 194 blocking 780 420 99 82 digging 821 479 52 137 standing 1022 388 69 114 moving
67935.jpg r-pass 720 441 72 120 standing 540 426 62 121 standing 832 371 63 110 standing 666 394 123 62 falling 175 438 62 133 standing 164 373 44 106 standing 282 371 38 138 standing 307 346 36 117 standing 386 342 30 96 standing 414 323 44 120 standing
95195.jpg r_spike 0 419 58 129 standing 309 516 68 127 waiting 372 385 54 109 waiting 633 402 54 199 blocking 756 383 98 98 standing 913 438 64 119 standing 1045 458 47 145 standing 983 470 52 160 standing 770 457 84 147 spiking 741 437 105 125 standing
52160.jpg l-spike 406 342 51 106 standing 525 481 45 145 standing 504 398 40 119 standing 565 445 50 95 standing 451 300 65 127 spiking 657 321 34 164 blocking 697 472 67 117 standing 960 479 104 105 waiting 945 386 46 93 waiting 1140 422 51 126 standing 583 444 37 133 standing
24255.jpg l-pass 421 493 96 90 digging 409 495 62 74 falling 503 399 68 117 standing 615 451 54 113 standing 661 398 49 127 standing 582 351 49 107 standing 771 436 35 131 standing 762 414 29 127 standing 779 371 49 117 standing 964 450 64 127 standing 1045 381 47 127 standing 1149 416 45 133 standing
51710.jpg l-pass 427 484 58 146 standing 441 388 58 107 standing 625 408 45 133 standing 340 434 66 107 digging 304 453 41 114 standing 583 446 62 113 standing 831 486 56 133 standing 886 429 110 146 jumping 852 362 34 124 standing 702 403 105 113 standing 874 404 46 126 standing 751 366 65 115 standing
24150.jpg l_set 318 481 65 127 moving 240 510 75 133 moving 481 419 43 123 moving 567 421 58 147 moving 540 376 48 117 setting 831 454 58 131 standing 824 388 65 99 standing 823 422 68 123 standing 1175 458 52 137 standing 1207 396 48 120 standing 598 351 35 86 standing
14300.jpg r_spike 122 411 63 101 waiting 389 395 65 92 waiting 325 477 45 112 standing 668 378 51 200 blocking 792 539 65 154 standing 868 410 52 165 spiking 831 376 63 119 standing 960 473 58 120 standing 953 451 49 88 waiting 751 452 50 123 standing
50340.jpg l_set 513 414 56 135 setting 539 435 74 84 standing 630 466 53 125 standing 717 508 116 146 moving 759 412 42 105 moving 892 442 48 147 standing 1019 490 53 125 standing 986 425 39 128 standing 977 389 46 130 standing 1243 460 35 135 standing 1244 397 34 119 standing
75920.jpg l_set 705 381 27 68 digging 708 297 60 109 standing 533 446 64 152 standing 422 432 64 137 standing 436 395 52 117 standing 866 356 33 137 standing 834 384 52 145 standing 893 417 49 139 standing 1050 412 35 137 standing 1047 353 37 125 standing 1179 399 68 137 standing
67995.jpg r_spike 643 408 64 137 spiking 865 337 50 115 standing 922 386 58 129 standing 801 446 52 125 standing 694 452 52 106 standing 644 351 72 135 standing 556 372 55 182 blocking 445 383 92 90 standing 317 375 67 97 waiting 183 454 68 119 waiting 53 414 56 112 waiting
95055.jpg l_set 502 536 74 182 setting 757 428 62 129 standing 528 365 37 113 standing 317 439 37 139 standing 371 493 84 145 moving 392 428 72 129 standing 982 466 39 145 standing 956 434 39 145 standing 969 416 43 154 standing
24190.jpg l-pass 740 449 58 109 moving 971 456 65 147 standing 978 392 49 102 standing 645 366 58 84 moving 630 369 35 107 standing 573 386 48 105 digging 534 446 42 102 standing 503 417 39 77 falling 258 472 49 135 standing 195 429 42 128 standing 301 395 44 83 moving 1137 436 84 105 standing
52030.jpg r_set 32 417 35 122 standing 246 364 45 117 standing 216 450 65 120 standing 348 435 41 135 standing 390 397 40 133 standing 395 371 33 120 standing 556 357 34 128 standing 623 337 59 107 standing 680 361 49 68 falling 722 302 46 151 digging 763 454 75 121 moving 778 397 42 122 standing
50045.jpg r_set 689 444 60 132 standing 865 516 80 123 moving 797 424 53 118 standing 810 370 67 125 jumping 771 366 54 96 moving 651 367 52 150 setting 498 450 35 133 standing 525 393 25 132 standing 506 388 33 109 standing 349 445 48 125 standing 219 420 38 116 standing 154 418 35 125 standing
52135.jpg l_set 333 370 77 86 moving 542 362 46 105 standing 589 402 44 90 standing 653 368 42 153 setting 666 464 49 128 standing 775 481 46 130 standing 781 421 34 130 standing 1034 470 86 133 standing 1050 409 63 90 standing 782 386 48 118 standing 504 534 76 135 moving
51755.jpg l_set 663 490 45 155 setting 819 398 39 139 standing 489 483 76 127 standing 555 351 51 106 standing 540 412 59 98 standing 457 415 63 120 moving 917 377 35 125 standing 944 409 45 127 standing 936 472 31 129 standing 1193 464 72 147 standing 1172 370 49 121 standing
50085.jpg r_spike 758 297 57 140 spiking 1045 417 54 131 standing 900 446 96 126 standing 816 472 48 134 standing 777 420 60 128 standing 838 415 75 91 standing 666 300 30 159 blocking 309 387 57 99 moving 466 458 81 128 standing 351 482 72 109 standing 136 454 62 127 standing
67745.jpg l_set 308 495 74 127 moving 352 441 54 120 moving 411 397 93 124 moving 524 370 64 86 moving 710 348 47 158 setting 660 368 51 121 standing 929 492 69 114 waiting 1039 386 54 100 waiting 1141 412 35 130 standing 780 452 54 118 standing 789 398 39 114 standing 812 385 37 110 standing
67850.jpg l-pass 368 430 61 89 digging 390 382 48 103 standing 432 431 74 126 standing 620 379 75 124 standing 613 337 46 97 standing 732 436 55 126 standing 836 387 35 135 standing 871 358 35 111 standing 872 417 54 131 standing 1080 423 33 134 standing 1217 385 60 126 standing 1127 298 75 124 standing
75800.jpg r-pass 947 473 60 117 digging 894 440 51 104 digging 892 387 60 93 waiting 774 315 41 132 standing 691 464 62 142 standing 553 402 58 106 standing 432 403 55 169 blocking 413 383 41 121 standing 443 404 40 129 standing 165 434 35 144 standing 68 409 35 137 standing
24310.jpg l-spike 269 405 35 131 standing 273 464 84 140 standing 474 463 43 120 standing 435 404 50 120 standing 531 351 80 121 jumping 526 304 47 128 spiking 622 299 39 162 blocking 685 420 45 124 standing 921 385 45 113 waiting 992 428 64 106 waiting 933 464 74 120 waiting
51925.jpg l_set 390 422 53 106 moving 518 384 57 114 standing 583 361 48 110 standing 580 472 89 127 digging 722 479 51 130 standing 742 432 37 151 standing 805 479 47 137 standing 815 407 50 124 standing 884 390 62 117 moving 937 373 42 124 standing 1028 452 74 133 standing 1108 389 75 126 standing
84595.jpg l_set 280 482 123 144 moving 686 328 54 166 setting 537 313 65 95 moving 263 343 86 97 moving 276 417 61 127 standing 607 412 72 137 standing 1018 471 77 130 standing 1181 405 61 131 waiting 1037 354 68 123 waiting 798 432 57 137 standing 833 362 40 123 standing 802 389 46 133 standing
67765.jpg r-pass 766 465 57 104 falling 892 416 49 107 digging 825 385 49 93 falling 571 438 60 115 standing 557 336 60 137 blocking 483 318 57 139 jumping 466 332 49 115 standing 463 412 60 128 standing 387 404 68 109 standing 287 470 63 150 moving 192 441 46 117 standing
14215.jpg r-pass 851 426 90 126 standing 633 400 61 130 standing 775 463 57 143 standing 786 425 45 101 standing 743 402 45 87 digging 413 385 57 122 standing 341 445 35 145 standing 336 404 37 142 standing 339 395 45 119 standing 151 386 43 118 standing 30 456 45 124 moving
50195.jpg l-spike 1223 429 57 130 standing 865 371 61 97 moving 866 469 72 139 moving 171 414 44 128 standing 320 422 40 119 standing 551 400 48 137 standing 497 401 69 108 digging 426 470 49 133 standing 634 362 52 125 standing 568 303 38 119 setting 633 297 51 145 blocking
84515.jpg r-pass 779 413 62 96 falling 848 420 91 95 digging 869 494 64 117 waiting 453 419 63 174 blocking 572 380 72 101 standing 467 385 52 142 standing 135 447 51 138 standing 336 506 74 125 standing 381 399 53 152 standing 357 344 63 130 standing 268 404 57 147 standing 222 400 92 122 standing
51985.jpg r-pass 149 410 30 129 standing 293 435 53 146 standing 396 441 57 127 standing 451 380 45 138 standing 398 357 37 112 standing 481 342 37 105 standing 578 403 75 120 standing 529 343 44 115 standing 525 320 52 129 blocking 719 370 66 86 falling 768 447 77 115 waiting 1031 410 74 122 standing
14390.jpg l-spike 280 431 81 127 standing 1196 514 79 101 digging 979 392 78 95 waiting 768 416 76 105 standing 735 422 38 159 blocking 737 458 43 148 blocking 618 415 73 120 standing 513 367 78 102 standing 529 423 67 94 standing 533 456 49 117 standing 552 416 44 192 setting
24170.jpg l-spike 1239 454 39 115 standing 1105 404 74 108 digging 1053 490 80 122 waiting 785 450 71 129 standing 715 352 53 147 blocking 711 306 45 163 blocking 605 297 51 133 setting 343 394 62 80 moving 251 437 55 132 moving 291 508 52 134 standing 540 409 52 100 digging 573 425 69 122 standing
50305.jpg l-pass 503 402 72 99 standing 239 460 50 103 moving 458 415 50 159 setting 768 450 54 132 jumping 797 440 47 157 blocking 936 477 47 124 jumping 906 430 41 129 standing 888 383 56 120 standing 1078 454 47 131 standing 1058 438 92 127 standing 1074 398 65 123 standing
51790.jpg l-spike 1149 390 62 115 standing 884 389 80 100 standing 1028 494 84 127 standing 736 403 50 113 moving 644 429 40 149 blocking 630 390 59 170 blocking 432 370 53 112 standing 455 459 60 125 standing 555 414 42 138 standing 515 413 60 157 spiking 357 543 42 130 standing 206 436 48 125 standing
94995.jpg l-pass 1228 383 49 137 standing 1011 403 49 137 standing 818 443 50 137 standing 802 387 47 111 standing 777 393 52 172 standing 660 463 94 137 standing 487 490 88 160 standing 417 487 56 148 standing 317 383 49 119 standing 242 488 58 107 digging 238 460 56 98 digging
50245.jpg r_set 1031 421 82 120 standing 820 345 52 140 setting 777 348 52 111 standing 783 449 70 116 moving 777 396 79 128 standing 650 371 52 115 standing 406 448 56 135 standing 508 404 39 141 standing 521 376 40 127 standing 353 366 51 120 standing 280 443 46 126 standing 116 412 44 126 standing
14355.jpg l_set 1246 461 33 148 standing 541 502 82 159 standing 570 385 42 117 digging 562 434 49 128 standing 324 404 40 134 standing 713 380 43 110 standing 784 429 51 151 standing 882 443 49 138 standing 875 417 54 130 standing 872 379 50 117 standing 1060 417 47 124 standing
51660.jpg l-pass 1156 532 82 107 moving 1112 455 60 133 moving 1031 440 42 131 standing 803 458 46 130 standing 769 444 57 133 standing 767 397 61 140 standing 676 477 62 124 standing 331 477 44 135 standing 322 452 51 89 waiting 430 452 54 84 digging 424 491 60 153 moving 443 526 72 149 moving
84390.jpg r-pass 123 481 80 141 waiting 184 383 66 127 standing 405 453 49 152 standing 423 421 60 145 standing 430 393 49 143 standing 532 410 72 121 standing 693 365 72 139 standing 930 494 52 139 waiting 965 450 62 105 digging 902 406 96 101 digging 1042 359 86 139 standing
68050.jpg l_set 255 403 48 130 standing 363 502 101 172 standing 356 362 55 174 setting 434 393 68 117 standing 415 351 70 87 moving 615 449 49 147 moving 773 478 48 141 standing 725 379 47 131 standing 752 415 50 123 standing 975 460 70 137 standing 972 358 70 123 standing 1071 393 65 131 moving
84440.jpg l-pass 137 412 56 141 standing 188 441 66 152 standing 416 419 52 117 waiting 510 362 49 168 setting 524 371 84 127 moving 586 463 62 154 standing 710 387 41 131 standing 684 399 52 145 standing 820 454 74 129 moving 994 452 60 131 waiting 1014 382 52 131 standing 1023 328 50 135 standing
75955.jpg l-spike 304 404 56 123 standing 430 436 62 121 standing 502 423 54 84 falling 465 387 66 160 spiking 549 331 62 127 standing 653 350 56 193 blocking 814 358 82 117 standing 941 382 74 98 waiting 1064 385 90 121 standing 1008 477 82 123 standing
75885.jpg l-pass 481 435 79 126 digging 644 407 88 131 jumping 597 352 58 97 moving 823 439 101 131 moving 902 306 58 135 standing 951 313 48 126 standing 1205 357 54 129 standing 1107 416 58 152 standing 1117 361 52 126 standing 1023 404 58 152 standing 1018 344 67 124 standing
75840.jpg r_set 58 412 62 126 waiting 135 473 89 127 waiting 142 371 58 106 waiting 468 422 69 148 standing 473 378 51 145 standing 473 358 48 133 standing 599 414 65 130 standing 682 288 53 142 setting 745 310 54 99 moving 777 368 51 128 standing 851 478 103 133 moving 940 446 62 127 standing
24290.jpg l_set 335 413 49 142 standing 440 449 53 132 standing 465 396 35 128 standing 492 348 67 91 moving 619 409 51 140 setting 616 386 55 112 standing 713 418 39 142 standing 714 397 44 118 standing 725 368 49 128 standing 1003 394 51 116 waiting 1033 474 74 126 waiting 1085 424 58 114 waiting
51830.jpg r-pass 116 426 35 137 standing 189 495 39 126 standing 374 450 60 133 standing 425 385 62 126 standing 464 402 47 143 standing 501 458 47 124 standing 588 474 97 139 standing 634 461 54 111 digging 639 382 79 107 standing 721 478 67 105 standing 1015 381 48 126 standing
84505.jpg l-spike 279 444 56 139 standing 402 379 61 206 spiking 388 379 71 127 standing 444 404 54 142 standing 496 337 49 138 standing 532 420 44 131 standing 584 398 54 176 blocking 601 397 58 139 standing 653 371 98 108 standing 896 397 69 116 waiting 970 415 111 110 waiting 989 508 69 120 waiting
51870.jpg r_set 1012 350 92 100 moving 880 460 91 139 moving 853 393 61 134 moving 815 543 94 125 moving 727 458 74 127 standing 716 334 52 136 setting 591 436 41 144 standing 595 412 41 123 standing 595 392 46 136 standing 406 393 60 106 moving 304 469 38 130 standing 228 423 40 137 standing
51885.jpg r_spike 254 427 46 128 standing 319 485 51 116 waiting 406 401 46 105 waiting 612 376 56 203 blocking 604 390 67 116 waiting 695 387 72 154 spiking 744 376 46 123 standing 735 511 70 123 standing 885 450 61 145 standing 872 387 36 124 standing 931 352 51 100 moving
84480.jpg l_set 1155 418 90 125 waiting 1085 491 72 123 waiting 994 385 82 127 standing 842 382 58 119 standing 806 441 45 131 standing 805 348 49 180 blocking 713 352 62 178 setting 678 334 68 159 jumping 574 326 100 121 moving 486 450 58 133 standing 319 491 130 142 moving 476 417 67 116 standing
14315.jpg l-pass 295 398 58 101 waiting 519 401 45 152 setting 553 387 60 88 waiting 828 446 52 175 standing 927 456 54 114 falling 955 382 47 137 standing 1024 457 71 139 moving 1129 468 50 126 standing 1141 448 50 124 waiting 956 536 63 151 moving
75860.jpg r_spike 251 415 50 129 standing 373 466 97 120 waiting 368 352 58 103 waiting 634 449 88 116 standing 703 335 50 137 jumping 711 261 39 171 blocking 767 362 60 135 jumping 829 264 58 129 spiking 867 379 54 116 standing 889 464 71 143 standing 924 386 71 92 waiting 1154 450 62 129 waiting
50100.jpg l-pass 213 458 69 124 standing 434 379 75 109 standing 419 469 80 116 moving 513 454 88 133 digging 720 335 56 139 jumping 797 362 58 114 standing 850 460 71 120 standing 818 419 69 129 standing 921 403 60 111 waiting 1039 435 56 135 standing 1129 410 45 128 standing
52070.jpg r_spike 945 368 50 98 moving 861 368 52 111 standing 703 376 45 119 standing 756 410 74 158 spiking 676 456 66 98 digging 587 386 43 203 blocking 41 436 50 129 standing 269 474 50 113 standing 304 389 66 107 standing 814 454 79 128 digging
67915.jpg l-spike 2 376 65 122 moving 2 429 88 126 moving 318 436 58 137 standing 314 374 50 114 standing 407 384 73 109 digging 411 242 43 150 spiking 543 284 64 148 blocking 669 432 79 114 standing 846 459 69 107 waiting 989 410 60 109 waiting 879 345 60 109 waiting
49985.jpg l_set 308 450 60 133 standing 396 411 36 127 standing 475 532 82 137 moving 536 361 48 103 moving 668 379 45 141 setting 634 408 43 133 standing 804 472 41 122 waiting 793 417 45 111 standing 798 397 41 118 standing 1035 492 84 131 waiting 1080 408 84 103 waiting 1201 477 62 116 waiting
67970.jpg r_set 648 466 83 119 moving 789 432 75 126 standing 885 361 48 124 standing 788 350 77 96 moving 552 368 47 120 setting 560 333 56 107 standing 384 438 69 126 moving 444 397 45 128 standing 454 368 37 129 standing 122 439 71 131 standing 202 381 57 99 waiting
51895.jpg l-pass 653 389 50 178 blocking 347 488 48 116 standing 284 453 67 99 digging 590 383 56 107 standing 739 491 56 137 standing 710 440 60 137 standing 788 376 48 116 standing 893 452 56 143 standing 875 400 50 118 standing 913 361 50 107 standing 419 402 65 105 waiting
95160.jpg r_set 17 385 69 112 standing 31 485 65 157 standing 409 452 67 149 standing 412 431 63 153 standing 433 424 48 135 standing 542 427 43 151 standing 641 362 40 115 standing 746 389 58 117 standing 835 405 48 177 setting 816 541 100 144 moving 885 456 47 167 standing
52085.jpg l-pass 445 410 100 92 digging 160 436 65 122 moving 375 476 51 120 moving 668 461 65 134 standing 708 475 40 153 standing 798 440 51 125 waiting 788 403 65 119 standing 853 518 48 117 standing 884 479 51 131 digging 1002 392 66 125 standing 1111 408 58 120 moving
51700.jpg r_spike 248 450 43 124 waiting 301 438 50 101 waiting 412 396 52 105 waiting 364 508 71 131 standing 546 459 58 103 standing 526 441 92 118 standing 694 328 50 167 spiking 687 361 69 129 standing 734 478 71 135 standing 864 448 84 141 standing 856 422 48 109 moving 837 387 69 106 standing
49995.jpg l-spike 286 449 46 137 standing 342 412 37 119 standing 485 518 117 137 moving 588 430 58 115 standing 562 368 59 94 standing 611 313 59 153 spiking 716 332 49 168 blocking 738 473 62 110 waiting 975 478 80 137 waiting 1036 407 67 104 waiting 1136 469 55 112 waiting 733 381 37 110 standing
95095.jpg l-spike 182 438 60 126 moving 408 396 96 173 spiking 448 390 60 129 moving 657 382 60 195 blocking 1217 391 62 122 moving 991 481 75 143 waiting 970 402 79 101 waiting 333 541 90 163 moving 406 435 83 127 standing 515 464 113 97 digging
67755.jpg l-spike 315 486 71 133 moving 281 435 62 120 standing 443 398 60 116 moving 577 299 62 146 spiking 547 359 62 97 standing 606 408 56 122 standing 675 313 50 152 blocking 674 439 58 120 standing 835 476 84 101 waiting 949 378 54 107 standing 1015 417 50 114 waiting 682 375 57 89 falling
84555.jpg l-pass 296 416 69 122 standing 445 331 67 126 digging 498 457 52 156 standing 538 371 62 129 standing 563 320 86 126 standing 674 424 80 144 standing 1068 345 56 137 standing 874 363 52 126 standing 819 457 58 146 standing 813 367 47 139 standing 1176 457 75 144 standing
49950.jpg l-pass 299 477 70 98 digging 371 485 72 123 digging 439 390 66 117 standing 437 498 68 117 moving 451 539 68 145 moving 701 480 50 125 standing 814 452 54 125 standing 797 429 47 137 standing 774 381 66 152 standing 1042 415 43 125 standing 1132 528 72 113 moving 1155 454 66 137 standing
67835.jpg r_spike 81 399 52 107 waiting 83 408 65 131 standing 151 425 56 144 standing 371 387 69 122 standing 363 348 45 112 standing 445 438 60 133 standing 546 368 48 139 standing 581 355 50 120 standing 592 417 52 131 standing 776 411 50 137 standing 919 391 48 103 falling 808 254 67 124 spiking
50010.jpg r-pass 203 457 60 126 standing 203 409 41 128 standing 436 489 57 148 standing 423 440 71 98 waiting 488 351 54 120 standing 519 385 49 109 moving 587 403 43 120 moving 594 371 38 109 standing 637 479 68 109 waiting 848 455 71 126 standing 888 401 82 98 digging 969 445 85 128 moving
67705.jpg l-pass 230 487 42 151 standing 371 477 48 123 standing 333 433 68 118 moving 418 412 72 93 digging 529 379 71 120 standing 735 455 53 117 waiting 831 450 35 135 standing 817 396 44 158 blocking 842 411 44 123 standing 1047 466 44 134 standing 1091 385 53 131 standing
34920.jpg l_winpoint 1133 468 52 129 standing 1119 429 43 130 standing 1053 398 48 130 standing 1005 399 63 135 standing 983 432 57 142 standing 951 478 70 127 standing 767 390 57 124 standing 715 370 54 117 standing 708 427 33 135 standing 627 415 61 129 standing 599 375 51 149 standing 523 400 33 119 standing
34020.jpg r_winpoint 496 486 56 140 standing 577 407 47 133 standing 419 429 54 119 standing 377 413 54 125 standing 267 454 56 144 standing 216 456 55 137 standing 874 431 91 140 standing 907 438 75 128 standing 871 429 47 125 standing 867 413 119 132 standing 936 429 49 128 standing
33450.jpg l_winpoint 702 457 47 128 standing 625 488 57 140 standing 640 460 67 139 standing 635 430 71 132 standing 598 461 55 125 standing 604 444 36 125 standing 1102 481 60 137 standing 1046 468 66 147 standing 1036 439 59 141 standing 1204 447 70 135 standing 1237 481 41 140 standing
36630.jpg r_winpoint 447 524 123 40 falling 596 386 36 107 standing 633 487 61 123 standing 842 477 42 127 standing 930 374 35 129 standing 963 376 41 118 standing 1044 439 59 141 standing 1046 411 57 135 standing 1126 477 45 141 standing 1152 439 44 127 standing 1198 420 44 123 standing
50430.jpg r_winpoint 970 396 66 133 standing 849 495 52 146 standing 764 361 79 136 standing 669 504 47 139 standing 655 466 92 161 standing 634 464 47 150 standing 488 415 41 138 standing 456 462 45 123 standing 383 463 40 127 standing 366 400 48 128 standing 316 493 89 138 standing 208 430 37 127 standing
49395.jpg r_winpoint 1079 431 51 121 moving 1048 517 68 108 waiting 1023 522 83 142 moving 911 430 83 140 standing 896 418 92 132 standing 863 450 55 136 standing 772 478 45 152 standing 682 507 60 144 standing 646 475 47 140 standing 560 381 39 120 standing 487 488 94 86 falling 356 403 44 118 digging
30570.jpg l_winpoint 1240 485 38 135 standing 1078 442 48 130 standing 1071 427 51 127 standing 980 504 50 143 standing 946 454 58 140 standing 960 399 47 127 standing 740 458 57 149 standing 734 393 56 137 standing 678 378 63 118 standing 647 431 64 138 standing 631 414 46 113 standing 398 445 52 131 standing
45765.jpg r_winpoint 886 431 59 120 standing 840 440 77 124 standing 861 411 48 126 standing 839 376 52 110 standing 782 399 64 126 standing 655 406 49 124 standing 412 464 62 139 standing 400 420 43 125 standing 346 399 57 121 standing 222 469 49 122 standing 217 438 58 114 standing 7 479 41 131 standing
31065.jpg l_winpoint 1103 453 35 126 standing 907 401 59 130 standing 831 463 65 137 standing 822 392 56 133 standing 783 416 61 131 standing 768 460 48 141 standing 655 400 41 139 standing 558 443 64 147 standing 511 392 83 125 standing 464 407 65 115 standing 491 454 66 126 standing 287 439 64 127 standing
30045.jpg l_winpoint 933 402 39 126 standing 851 351 46 112 standing 827 429 65 122 standing 749 437 42 131 standing 666 343 63 116 standing 609 377 57 126 standing 435 411 58 139 standing 415 414 38 128 standing 371 429 74 117 standing 374 402 80 126 standing 338 410 41 121 standing 233 462 81 137 standing
37890.jpg r_winpoint 1188 415 50 142 standing 1142 397 45 137 standing 1110 404 49 123 standing 1046 394 68 128 standing 1021 366 38 119 standing 972 361 66 115 standing 797 389 54 130 standing 787 327 49 105 standing 759 450 42 123 standing 466 441 53 134 standing 466 366 40 114 standing 371 499 69 69 falling
44355.jpg l_winpoint 747 429 45 128 standing 603 466 82 129 standing 507 442 52 146 standing 526 370 35 119 standing 372 336 52 115 standing 270 360 42 120 standing 130 406 63 136 standing 102 422 60 152 standing 36 404 53 129 standing 82 405 43 108 standing 129 364 46 111 standing
44850.jpg r_winpoint 801 381 48 126 standing 749 407 49 138 standing 687 442 38 124 standing 626 439 90 144 standing 511 404 71 140 standing 440 392 60 143 standing 181 420 56 142 standing 123 453 70 137 standing 126 417 85 119 standing
