12145.jpg r-pass 302 328 37 127 standing 400 328 37 107 standing 434 356 36 115 standing 532 424 56 141 standing 563 337 45 117 standing 564 280 35 112 standing 595 374 73 134 standing 662 359 77 137 standing 906 388 100 136 standing 950 356 90 110 digging 841 285 46 91 moving 766 244 65 99 moving
21815.jpg l-pass 232 398 73 94 falling 398 316 53 105 standing 231 305 47 101 standing 25 355 48 114 standing 267 256 41 115 standing 583 332 40 113 standing 643 328 39 154 blocking 682 305 49 115 standing 649 287 37 125 standing 947 386 37 121 standing 924 257 40 110 standing
22690.jpg l-pass 435 299 52 92 digging 352 325 58 123 standing 364 234 44 97 standing 261 364 43 131 standing 71 321 69 120 standing 613 350 34 107 standing 952 394 50 122 standing 761 379 46 132 moving 679 359 44 124 standing 660 282 50 119 standing 836 271 37 104 standing 1025 316 53 108 waiting
14925.jpg l_set 1083 349 60 129 standing 1050 287 48 105 standing 887 277 39 100 standing 673 355 47 131 standing 681 305 25 123 standing 671 273 41 104 standing 606 326 49 103 falling 415 367 103 64 falling 374 230 70 80 moving 244 270 55 115 standing 323 383 82 121 standing 150 309 51 102 standing
12200.jpg r_spike 942 318 41 120 standing 863 362 77 124 standing 910 452 71 142 moving 694 222 63 109 spiking 711 303 40 102 standing 815 234 49 84 standing 572 399 48 127 standing 597 330 37 133 standing 605 242 29 118 blocking 319 409 51 115 standing 191 352 67 99 waiting 293 281 44 79 digging
21920.jpg r-pass 249 321 44 120 standing 287 377 45 132 standing 371 297 51 98 standing 459 336 43 116 standing 510 266 56 122 standing 526 335 39 134 standing 596 278 39 117 standing 647 328 60 133 standing 849 413 77 137 standing 975 265 67 105 standing 1011 338 69 99 digging 990 372 69 94 falling
22835.jpg r_spike 96 378 53 120 standing 165 422 54 125 digging 215 305 66 85 digging 318 301 76 85 waiting 600 318 39 171 blocking 591 360 33 160 blocking 747 288 44 103 standing 803 307 44 100 standing 787 341 37 120 standing 733 346 79 147 spiking 908 383 48 121 standing 1001 360 48 91 waiting
23510.jpg l_set 1037 314 47 104 standing 956 409 48 103 standing 890 295 38 87 standing 665 383 41 125 standing 681 326 31 107 standing 674 280 32 104 standing 559 286 36 128 setting 449 365 87 122 moving 374 302 57 92 moving 398 240 50 86 moving 254 343 51 105 moving 123 387 90 121 moving
13545.jpg l_set 1006 405 57 126 standing 1107 310 47 102 waiting 935 290 40 96 waiting 694 393 51 131 standing 698 319 39 114 standing 697 272 38 96 standing 654 273 34 136 setting 514 346 71 132 moving 456 236 45 84 moving 407 401 54 122 moving 315 291 65 111 moving 106 341 44 105 standing
15050.jpg l-pass 969 334 47 114 standing 790 277 66 95 standing 664 403 68 132 jumping 746 386 102 93 waiting 670 259 41 113 standing 688 232 51 94 standing 582 335 79 158 blocking 546 276 46 105 standing 547 263 84 89 standing 357 301 75 85 standing 232 319 76 82 digging 174 435 68 104 digging
15015.jpg r_set 201 338 86 91 waiting 333 297 51 75 waiting 369 369 61 114 standing 612 252 28 127 blocking 592 292 42 113 standing 589 361 50 129 standing 656 252 45 135 setting 690 251 50 125 jumping 844 235 69 87 moving 960 288 44 105 standing 885 359 53 123 standing 952 446 97 137 moving
12250.jpg l_set 471 275 44 115 setting 487 221 54 89 moving 374 463 94 131 moving 836 271 61 106 standing 684 255 46 115 standing 1026 294 46 103 standing 952 393 65 127 standing 231 330 86 117 moving 671 389 68 140 digging 368 269 51 100 standing 402 278 61 110 standing 719 255 51 103 standing
12280.jpg l-spike 542 195 60 112 spiking 635 193 35 155 blocking 635 190 42 127 blocking 751 395 101 116 waiting 810 268 54 107 standing 364 328 58 118 waiting 469 315 56 116 standing 440 280 44 91 waiting 516 386 51 136 standing 469 305 63 97 waiting 1068 265 68 109 standing 992 404 97 127 standing
13610.jpg r-pass 233 390 60 110 standing 243 302 39 118 standing 217 285 44 100 standing 507 261 32 122 standing 496 344 38 119 standing 479 379 55 130 standing 655 244 47 92 moving 722 270 53 94 moving 690 280 42 114 standing 804 393 64 135 standing 893 361 75 131 standing 973 282 51 159 setting
23535.jpg l-spike 872 275 45 82 standing 975 338 56 98 waiting 952 412 51 100 waiting 674 393 43 117 standing 636 308 41 104 standing 628 221 30 125 blocking 505 215 69 105 spiking 461 336 58 100 standing 446 289 38 91 standing 399 319 44 119 standing 546 399 45 130 standing 298 355 45 113 standing
18350.jpg r-pass 1125 293 38 106 standing 941 412 55 127 standing 983 351 53 117 standing 979 281 37 101 digging 791 342 56 129 standing 620 336 41 116 standing 501 380 39 109 standing 547 342 30 130 standing 549 314 53 123 standing 294 375 56 120 standing 314 299 47 74 standing 15 319 43 118 standing
12095.jpg l_set 251 312 59 121 moving 338 359 61 111 standing 376 420 72 131 moving 487 352 86 135 moving 377 221 67 91 moving 612 279 40 144 setting 661 263 40 101 standing 661 317 44 132 standing 660 396 59 134 standing 899 281 43 97 waiting 1060 323 56 112 waiting 1014 392 56 143 standing
18430.jpg r-pass 1011 321 61 100 digging 960 345 56 127 standing 813 393 66 139 standing 828 333 47 116 standing 708 281 38 109 standing 702 220 48 83 standing 619 382 33 118 standing 490 309 60 117 standing 465 271 53 108 standing 272 390 64 124 standing 222 351 44 113 standing 254 309 41 104 standing
22465.jpg l_set 213 411 61 125 standing 241 332 50 102 moving 375 303 60 93 moving 313 232 72 98 moving 505 378 53 136 moving 564 329 44 125 setting 655 384 42 132 blocking 661 342 39 116 standing 656 279 42 110 standing 835 297 53 89 waiting 968 437 68 107 waiting 1032 331 59 106 standing
22640.jpg r_spike 843 405 64 202 setting 710 435 83 117 moving 974 313 44 115 waiting 934 226 42 105 standing 735 254 61 114 standing 654 563 92 77 falling 518 371 45 121 standing 520 317 64 126 standing 478 263 51 102 standing 348 286 53 88 standing 246 360 62 120 standing 162 316 50 110 standing
13565.jpg l-spike 1025 343 46 107 digging 907 268 49 92 standing 930 412 55 125 digging 630 401 111 116 standing 623 261 32 134 blocking 621 220 36 142 blocking 502 201 73 84 spiking 546 339 60 100 standing 552 402 38 142 standing 483 371 60 106 digging 399 292 58 104 standing 161 323 64 98 standing
22475.jpg l-spike 977 447 64 105 waiting 991 335 79 98 waiting 811 305 78 80 waiting 659 328 29 179 blocking 664 352 37 115 standing 658 273 40 115 standing 545 336 47 153 spiking 448 306 48 95 moving 393 232 60 99 moving 350 331 39 111 standing 308 404 38 129 standing 544 377 60 88 standing
12190.jpg r_set 191 346 73 104 waiting 288 285 52 77 waiting 307 412 61 111 waiting 587 254 45 131 blocking 587 338 39 128 standing 530 380 80 137 standing 702 253 51 128 setting 734 279 76 103 moving 857 228 65 84 moving 950 320 42 119 standing 910 363 73 134 standing 931 463 97 125 moving
22720.jpg l_set 992 337 64 90 waiting 945 417 52 114 standing 832 314 39 93 waiting 660 384 40 117 standing 687 323 41 107 standing 662 280 40 120 standing 565 318 45 126 setting 504 363 64 120 moving 415 289 43 94 standing 332 235 74 95 moving 328 381 51 121 standing 232 335 57 108 moving
12115.jpg l-spike 956 435 85 128 digging 1027 361 53 106 digging 883 289 54 98 waiting 650 280 70 83 standing 645 336 34 182 blocking 643 293 32 168 blocking 505 332 50 137 spiking 563 332 49 99 standing 555 384 44 135 standing 410 373 72 108 standing 372 311 52 129 standing 499 239 45 99 standing
13650.jpg r_set 615 297 45 135 setting 666 303 62 104 moving 548 385 48 129 standing 547 326 36 71 standing 555 289 33 57 standing 259 426 61 111 waiting 144 353 56 106 waiting 257 311 48 72 waiting 809 247 66 78 moving 991 339 70 116 moving 847 388 66 128 standing 921 479 99 132 moving
13510.jpg l-pass 216 406 57 125 standing 194 365 42 97 digging 218 296 79 105 standing 359 242 40 100 standing 509 270 45 96 standing 578 339 52 107 standing 676 278 28 96 standing 669 340 40 124 standing 684 368 59 125 standing 898 300 40 108 standing 1065 333 57 117 standing 1106 278 43 97 standing
23545.jpg r-pass 318 358 47 104 waiting 383 318 40 120 standing 434 288 43 89 waiting 451 340 53 107 standing 534 275 60 96 jumping 564 378 51 127 standing 609 241 24 130 blocking 628 304 41 104 standing 677 404 85 100 waiting 925 412 78 85 digging 981 363 51 99 digging 895 283 65 70 waiting
22535.jpg l_set 955 409 54 102 waiting 990 322 56 102 waiting 828 299 50 88 standing 659 278 40 115 standing 656 333 42 108 standing 651 389 44 129 standing 578 302 41 111 setting 468 294 42 96 standing 369 235 68 92 moving 276 322 64 101 moving 320 375 62 120 standing 396 409 76 119 moving
21890.jpg l-spike 1069 336 56 93 waiting 1069 411 56 97 waiting 995 267 41 97 standing 743 378 57 127 standing 675 284 45 110 standing 651 326 39 120 standing 553 298 50 90 standing 525 363 83 127 standing 466 307 46 95 standing 439 238 52 109 standing 288 272 85 127 spiking 330 374 70 123 standing
14975.jpg r-pass 278 266 51 98 standing 396 272 41 101 standing 553 252 36 110 standing 547 306 39 116 standing 540 323 50 122 standing 523 362 53 126 standing 655 278 49 100 standing 758 311 65 120 standing 814 246 52 96 standing 972 272 52 114 digging 835 367 67 119 standing 1010 356 59 130 waiting
12060.jpg l-pass 245 300 63 92 digging 249 342 50 110 waiting 273 404 55 140 standing 399 220 45 100 standing 470 277 74 112 moving 627 343 48 111 standing 710 271 26 108 standing 701 336 42 128 standing 721 365 58 132 standing 920 286 40 114 standing 1075 323 63 108 standing 1118 288 43 113 standing
12215.jpg l-pass 951 317 46 115 standing 830 362 68 123 standing 815 431 90 143 standing 741 294 40 120 standing 748 235 42 106 standing 657 252 47 103 standing 586 298 67 119 standing 567 410 80 109 standing 597 251 51 115 standing 318 383 63 112 standing 245 368 53 103 falling 311 271 51 90 standing
14955.jpg l-spike 240 270 54 94 standing 367 222 76 115 spiking 512 232 43 106 standing 602 325 45 68 falling 455 341 96 114 moving 451 355 48 126 standing 733 366 80 109 waiting 722 307 46 116 standing 801 274 65 102 standing 713 258 64 100 moving 1008 287 42 109 waiting 1040 377 50 122 waiting
22575.jpg r-pass 997 437 67 116 standing 955 299 53 97 waiting 860 290 53 81 waiting 728 280 36 115 standing 693 412 66 76 falling 640 432 71 131 setting 531 253 40 119 standing 572 322 33 110 standing 546 400 53 107 digging 556 458 54 125 digging 417 388 42 120 standing 354 342 67 125 standing
13660.jpg r_spike 165 363 53 105 waiting 279 420 64 116 standing 273 304 81 77 standing 582 253 32 142 blocking 559 252 53 150 blocking 555 414 60 125 standing 662 256 52 124 spiking 627 358 46 117 standing 791 248 43 87 moving 835 374 49 125 standing 929 343 94 117 standing 874 465 64 150 moving
22495.jpg l-pass 952 417 42 119 waiting 960 313 69 96 waiting 810 311 95 79 waiting 688 261 48 105 standing 662 336 49 104 standing 661 382 44 136 standing 571 403 61 138 standing 528 360 48 101 standing 503 314 45 90 standing 505 257 68 98 standing 407 337 75 110 standing 392 349 34 166 setting
22795.jpg r_set 1085 341 67 106 waiting 967 388 63 57 falling 849 255 43 88 digging 682 289 50 89 standing 689 246 32 103 standing 890 438 78 141 standing 538 348 41 127 standing 505 400 43 121 standing 458 267 51 108 standing 308 282 43 89 standing 231 369 42 120 standing 232 313 49 110 standing
22555.jpg l-spike 998 437 54 108 waiting 949 316 66 97 waiting 792 295 71 79 standing 673 291 39 102 standing 646 351 59 110 standing 638 339 37 190 blocking 580 316 47 101 standing 500 355 71 181 spiking 489 343 45 91 moving 479 235 44 99 standing 383 316 57 114 standing 398 384 55 115 digging
22750.jpg l-spike 990 408 65 97 waiting 1009 351 70 105 waiting 927 273 46 88 standing 727 407 66 128 moving 642 285 33 91 standing 623 201 40 129 blocking 510 190 55 117 spiking 476 286 36 102 standing 439 311 52 117 standing 560 408 47 136 standing 480 402 48 119 standing 379 359 41 122 standing
22605.jpg r-pass 862 458 56 137 digging 783 487 65 96 falling 725 496 43 65 falling 983 304 50 94 standing 960 248 50 97 standing 784 257 46 107 standing 569 282 37 106 standing 553 351 46 114 standing 574 387 49 143 standing 488 354 43 114 standing 314 378 56 120 standing 261 330 61 125 standing
18500.jpg l_set 197 339 104 115 moving 298 399 65 125 standing 398 300 49 98 standing 367 247 77 91 moving 471 354 43 120 standing 555 324 38 146 setting 668 283 36 98 standing 664 321 37 126 standing 655 387 60 126 standing 850 319 42 93 waiting 1065 329 46 105 waiting 937 438 65 99 waiting
18385.jpg r-pass 975 350 44 127 standing 1020 326 36 109 standing 951 291 41 102 standing 957 465 75 137 standing 717 280 51 97 standing 634 216 28 114 digging 571 270 38 100 standing 563 325 45 121 standing 508 393 56 114 standing 304 374 62 128 standing 264 287 49 81 standing 175 322 42 112 standing
23475.jpg l-pass 947 380 49 115 standing 937 264 43 93 standing 686 317 45 102 standing 666 289 35 125 standing 654 338 42 134 blocking 607 344 37 107 standing 415 326 49 98 standing 299 255 43 111 standing 228 322 53 102 standing 186 368 46 128 digging 92 349 42 123 standing
18465.jpg l-pass 195 330 52 128 standing 333 391 65 121 standing 388 327 47 100 standing 420 252 34 102 standing 514 330 56 107 digging 667 376 38 111 standing 724 364 51 122 standing 720 318 35 106 standing 729 255 38 112 standing 939 398 43 112 standing 1054 335 39 113 standing 957 307 48 93 standing
21850.jpg l_set 169 313 59 112 standing 286 348 71 100 falling 354 276 55 100 standing 397 339 47 139 standing 400 219 57 106 digging 575 289 42 98 standing 676 268 46 110 standing 684 299 50 114 standing 661 346 45 138 standing 943 268 44 110 standing 1018 388 60 114 standing 1120 297 57 119 waiting
15040.jpg r_spike 208 327 70 95 waiting 248 416 55 115 standing 346 296 65 87 standing 604 337 45 165 blocking 581 279 61 103 standing 599 258 47 105 standing 656 258 46 110 standing 698 239 54 92 moving 743 281 45 102 standing 726 386 112 132 spiking 790 413 50 72 falling 944 341 57 106 waiting
22850.jpg l-pass 92 411 84 97 digging 221 303 63 87 standing 336 290 92 100 waiting 194 423 47 126 standing 616 346 50 139 standing 602 376 64 129 jumping 695 372 53 132 standing 744 302 54 120 standing 844 319 53 104 waiting 810 362 48 119 standing 817 381 72 134 standing 1027 357 47 115 standing
14900.jpg l-pass 1082 309 71 118 standing 1082 271 49 98 standing 874 293 40 106 standing 664 318 30 119 standing 672 279 32 107 standing 570 329 52 102 standing 482 262 60 91 moving 377 231 36 90 standing 248 313 48 68 falling 227 336 39 92 waiting 254 380 45 129 standing 682 352 43 133 standing
12295.jpg l-pass 1049 277 42 92 standing 952 391 63 134 standing 817 392 79 121 waiting 767 280 38 107 standing 622 238 38 133 blocking 567 280 40 92 standing 545 379 53 118 standing 506 333 57 98 standing 452 324 62 76 digging 387 311 103 52 falling 342 337 55 107 waiting
21950.jpg r_set 256 401 56 130 digging 203 322 53 116 standing 358 313 51 96 waiting 578 273 45 119 standing 571 342 43 128 standing 534 384 37 127 standing 641 270 49 139 setting 768 280 76 118 moving 990 251 67 91 moving 977 337 46 90 falling 1036 340 90 111 moving 934 486 117 139 moving
22430.jpg l-pass 53 348 39 119 standing 251 254 47 107 standing 222 337 42 92 waiting 191 396 60 123 digging 380 330 62 97 standing 581 350 38 108 standing 640 334 40 149 blocking 681 324 55 113 standing 660 293 29 119 standing 817 289 54 99 waiting 928 385 45 117 standing 1251 275 26 100 moving
21980.jpg r_spike 227 430 69 121 digging 209 357 57 113 digging 407 311 81 77 digging 590 262 35 98 moving 680 349 44 183 blocking 665 377 40 172 blocking 730 241 44 105 standing 781 322 60 112 standing 875 286 73 106 standing 879 373 59 127 standing 761 355 102 194 spiking 1017 353 51 106 standing
23590.jpg r_set 1004 311 45 95 standing 963 239 44 94 standing 934 360 41 109 standing 759 258 55 91 standing 733 357 50 138 setting 709 363 60 119 standing 561 352 33 135 standing 512 392 35 116 standing 557 280 34 102 standing 320 280 33 85 standing 239 374 52 118 standing 207 327 55 111 standing
22875.jpg l_set 1014 383 50 119 standing 892 303 40 104 standing 858 388 54 127 standing 822 333 50 110 standing 745 314 43 124 standing 694 343 43 119 standing 623 398 69 115 spiking 535 342 51 99 standing 356 312 47 89 moving 383 258 53 106 standing 208 425 63 113 moving 69 378 79 72 falling
39975.jpg r_winpoint 509 413 57 144 moving 316 431 38 126 standing 231 366 41 132 standing 287 305 46 112 standing 470 272 40 122 standing 559 319 40 127 standing 997 342 47 129 standing 804 306 97 120 standing 779 332 35 112 standing 837 353 45 127 standing 830 346 36 115 standing 811 357 34 144 standing
46605.jpg r_winpoint 415 201 61 100 moving 330 239 45 95 moving 222 295 45 115 standing 255 337 48 132 standing 500 401 64 130 standing 537 372 52 136 standing 692 314 38 128 standing 730 375 55 130 standing 791 335 41 116 standing 809 368 58 127 standing 855 354 53 131 standing 970 375 42 133 standing
48615.jpg l_winpoint 1026 298 55 123 standing 905 301 41 114 standing 778 292 60 112 standing 714 373 41 140 standing 1031 413 43 117 standing 716 432 47 129 standing 350 335 47 127 standing 511 310 52 111 standing 417 334 35 98 standing 390 393 43 117 standing 485 362 67 107 standing 388 380 77 146 standing
43710.jpg l_winpoint 1060 303 41 130 standing 935 293 38 111 standing 855 343 61 119 standing 767 323 44 121 standing 793 280 31 110 standing 1237 377 42 137 standing 479 335 71 105 standing 441 288 72 112 standing 390 334 84 128 standing 386 287 62 118 standing 302 300 50 111 standing 372 308 37 103 standing
39210.jpg l_winpoint 301 279 53 122 standing 342 311 56 109 standing 391 281 40 123 standing 403 257 70 104 standing 472 237 45 109 standing 472 315 41 122 standing 687 208 34 109 standing 704 240 48 122 standing 757 243 43 118 standing 823 301 41 114 standing 880 287 55 114 standing 790 396 49 149 standing
30420.jpg l_winpoint 901 356 52 139 standing 904 335 50 109 standing 900 244 60 108 standing 786 265 53 118 standing 634 263 44 104 standing 593 295 42 116 standing 395 342 64 114 standing 425 289 55 135 standing 324 359 37 109 standing 353 317 26 96 standing 321 315 43 119 standing
49140.jpg r_winpoint 950 365 44 115 standing 805 444 46 138 standing 799 413 48 96 standing 731 335 43 132 standing 806 307 37 114 standing 817 337 49 111 standing 585 378 44 132 standing 535 387 38 134 standing 478 272 55 118 standing 307 270 32 88 standing 257 368 86 118 standing 171 327 77 128 standing
44970.jpg l_winpoint 993 305 63 131 standing 875 296 48 111 standing 836 375 43 122 standing 744 452 41 147 standing 741 346 39 126 standing 686 304 62 103 standing 471 377 84 116 standing 511 344 47 106 standing 488 302 31 89 standing 426 321 35 104 standing 374 341 43 115 standing 391 364 59 127 standing
