54925.jpg r_spike 1065 382 85 145 standing 1121 344 71 131 standing 858 433 114 114 moving 768 393 117 200 spiking 691 396 57 139 standing 668 314 65 141 standing 520 372 60 200 blocking 531 371 46 181 blocking 334 344 49 125 digging 117 376 59 95 digging 6 455 64 153 standing 1 401 32 107 standing
84675.jpg l-pass 972 411 56 126 standing 878 476 46 121 standing 818 380 59 113 standing 592 452 61 141 standing 619 441 60 130 standing 625 404 31 119 standing 168 457 81 109 digging 254 442 71 136 standing 415 479 93 143 standing 398 426 54 116 standing 430 394 49 119 standing 400 351 64 110 standing
83060.jpg l-spike 1161 392 61 139 standing 1076 471 55 112 digging 1057 362 55 112 digging 865 419 68 136 digging 636 290 53 165 blocking 640 283 39 159 blocking 504 396 70 123 standing 505 294 58 137 spiking 403 371 40 114 standing 264 397 55 122 digging 20 432 83 136 standing 426 463 88 139 waiting
40895.jpg l-spike 1115 380 67 139 standing 971 441 64 130 standing 895 340 52 126 moving 655 370 50 129 standing 580 265 57 172 blocking 579 265 52 157 blocking 476 355 79 131 standing 441 279 57 135 spiking 373 363 54 113 standing 410 425 55 149 standing 292 389 65 146 standing
58830.jpg r_spike 961 378 52 124 moving 854 493 92 158 moving 866 446 69 128 digging 756 361 94 120 moving 715 371 58 135 standing 632 359 86 169 spiking 511 436 54 143 standing 546 383 43 163 blocking 515 374 50 109 standing 239 398 65 96 waiting 195 480 54 124 waiting 109 428 60 114 waiting
49185.jpg r-pass 821 392 75 129 digging 679 382 73 113 standing 498 457 59 160 standing 518 485 90 83 falling 560 452 57 91 falling 563 431 55 92 falling 362 448 56 152 standing 350 425 42 126 standing 370 366 40 129 standing 240 388 54 106 standing 131 442 52 154 standing 46 407 65 128 standing
58930.jpg r-pass 993 371 75 108 digging 842 348 86 103 digging 847 443 54 123 standing 708 365 86 96 digging 636 351 55 136 standing 559 334 55 212 blocking 484 351 68 130 standing 467 312 54 105 standing 405 369 63 103 standing 406 423 102 161 standing 304 403 54 117 waiting 269 440 51 131 standing
54890.jpg r_set 1026 362 90 151 standing 909 298 58 170 setting 809 426 53 151 standing 614 288 58 118 standing 538 344 62 149 standing 297 430 46 151 standing 312 383 55 147 standing 298 340 72 130 standing 787 478 74 186 standing
54740.jpg l-pass 54 397 46 130 standing 170 438 43 119 standing 205 370 44 117 standing 455 344 63 100 standing 583 411 48 127 standing 676 390 44 139 standing 873 361 61 102 standing 917 419 48 116 standing 735 339 41 137 standing 690 343 50 144 standing 273 353 52 106 digging 1211 407 61 136 standing
40680.jpg l_set 104 559 146 69 falling 297 509 86 175 moving 359 381 67 112 moving 402 311 60 99 moving 510 415 67 143 moving 537 359 58 158 setting 774 413 50 165 standing 770 374 54 137 standing 798 342 41 122 standing 1072 363 58 129 standing 1140 454 77 150 standing
49245.jpg l-pass 882 447 58 141 standing 847 378 51 136 standing 652 431 43 169 standing 649 407 57 145 standing 649 380 45 151 standing 549 453 69 161 standing 446 344 52 128 standing 427 441 71 88 waiting 321 443 55 153 standing 216 452 85 167 standing 1122 405 61 153 standing 433 435 86 111 digging
82615.jpg r-pass 994 357 38 103 standing 983 465 51 148 standing 952 397 38 127 standing 784 409 60 75 digging 748 418 57 125 standing 561 372 37 110 standing 434 401 58 141 standing 473 382 51 134 standing 490 366 38 123 standing 264 391 38 102 standing 123 397 54 117 standing 18 427 55 134 standing
82835.jpg l-pass 1073 409 54 148 standing 975 481 71 124 standing 935 368 54 124 standing 681 435 62 148 standing 665 393 54 120 standing 546 450 73 135 digging 354 430 56 180 standing 174 396 82 150 standing 436 368 58 122 standing 515 384 54 126 standing 419 320 56 124 standing 677 375 46 125 standing
55020.jpg r-pass 788 320 75 115 digging 943 362 61 117 digging 811 425 103 123 standing 569 399 92 129 standing 423 251 62 190 blocking 292 364 42 87 waiting 340 316 47 82 standing 356 373 53 137 standing 311 372 75 118 standing 123 377 51 128 standing 171 429 77 142 standing
49270.jpg l_set 510 387 62 203 setting 637 454 37 150 standing 632 392 54 161 standing 635 350 60 150 standing 150 439 92 188 standing 302 342 86 107 moving 331 388 47 133 standing 413 376 62 156 standing 377 469 96 150 moving 1119 407 75 150 digging 868 383 69 116 standing 923 469 69 146 standing
40770.jpg r_set 297 421 49 169 standing 315 389 49 155 standing 307 338 40 154 standing 452 371 44 152 standing 516 330 49 142 standing 791 473 85 197 standing 873 423 60 149 standing 865 294 51 142 standing 935 279 79 174 setting
84520.jpg r-pass 97 442 52 113 standing 169 479 51 123 standing 239 428 30 113 standing 460 451 43 148 standing 463 433 35 123 standing 468 401 41 108 standing 537 416 43 106 standing 699 434 54 123 standing 906 390 54 92 standing 925 539 103 120 standing 855 466 54 103 digging 658 506 66 43 falling
58835.jpg r_spike 925 370 77 128 moving 840 475 84 167 moving 867 437 69 135 moving 748 378 52 122 standing 743 365 50 103 standing 651 361 52 154 jumping 532 378 50 169 blocking 581 345 37 167 blocking 534 364 48 120 standing 223 467 60 126 standing 260 393 56 80 standing 127 427 62 107 standing
54945.jpg l-pass 1199 344 77 146 standing 989 432 55 138 standing 846 444 85 166 standing 830 386 58 144 standing 834 315 66 139 standing 732 422 49 158 standing 713 421 56 143 standing 481 359 65 126 standing 296 362 82 101 standing 211 431 56 152 standing 200 415 104 101 falling
49135.jpg l_set 1142 435 67 133 standing 1022 497 67 133 digging 927 395 60 116 standing 695 459 41 154 standing 700 420 45 111 standing 702 370 50 109 standing 525 412 43 156 setting 436 454 86 131 moving 393 401 52 107 standing 375 354 73 96 moving 264 413 56 128 standing 122 455 101 143 moving
82950.jpg r_spike 2 434 48 110 standing 77 469 102 145 standing 149 389 71 87 standing 266 374 85 117 digging 489 356 57 223 blocking 615 432 68 115 standing 619 366 57 108 standing 767 412 50 134 standing 802 382 50 122 standing 681 405 80 159 spiking 1074 434 78 108 standing
40705.jpg l-spike 1146 382 83 133 digging 984 455 114 119 digging 967 327 72 120 standing 720 413 79 154 moving 636 313 35 134 standing 645 274 38 148 blocking 527 366 65 142 moving 433 357 79 102 standing 448 239 88 106 spiking 384 445 63 168 moving 213 368 86 131 moving 47 492 68 127 standing
84550.jpg r_set 923 472 65 150 standing 873 460 41 144 standing 823 381 44 108 standing 723 436 58 86 moving 666 390 57 156 setting 605 400 54 116 standing 454 424 51 128 standing 367 461 65 141 standing 391 378 54 102 standing 311 459 69 117 standing 211 420 48 106 standing 120 440 52 125 standing
49095.jpg l-pass 1116 385 84 129 standing 1083 417 52 139 standing 939 450 50 126 standing 778 407 60 141 standing 731 423 41 144 standing 702 380 52 171 blocking 614 452 48 133 standing 446 417 64 126 standing 293 364 41 116 standing 208 471 50 124 digging 234 433 47 107 standing 81 427 56 137 standing
55180.jpg l-spike 1244 419 35 124 falling 978 455 92 139 waiting 954 358 88 122 standing 680 346 71 133 standing 656 422 41 161 standing 654 342 37 220 blocking 552 376 54 167 standing 491 382 43 114 standing 410 422 88 143 standing 332 396 107 180 spiking 332 375 65 163 standing 520 307 52 118 standing
58920.jpg l-spike 1067 385 68 140 standing 891 354 56 113 standing 700 352 54 123 standing 959 476 119 126 moving 612 387 85 115 standing 604 388 49 181 blocking 525 357 62 130 standing 407 391 92 177 spiking 480 320 49 115 moving 313 433 58 149 standing 330 387 62 145 standing 436 381 62 98 standing
58035.jpg l-pass 1163 372 45 159 standing 935 479 118 161 standing 946 428 75 134 standing 796 399 46 171 standing 825 374 47 137 standing 853 330 34 143 standing 660 397 74 167 standing 502 353 67 115 standing 368 437 75 147 standing 300 423 87 50 falling 139 415 74 132 standing
84615.jpg l_set 934 490 72 128 digging 921 395 43 108 standing 634 470 65 137 standing 616 433 40 108 standing 625 397 57 116 standing 545 383 43 164 setting 492 373 57 144 jumping 400 352 51 113 moving 306 399 40 116 standing 266 506 92 162 moving 164 433 79 128 moving
55095.jpg r-pass 1055 346 52 159 standing 951 393 72 144 digging 983 322 57 142 standing 713 389 114 178 standing 686 439 130 65 falling 685 296 74 150 standing 532 371 46 151 standing 427 417 88 168 standing 430 317 43 134 standing 209 406 80 161 standing 136 352 75 154 standing 179 349 51 108 standing
54825.jpg l-spike 1014 378 73 128 standing 895 450 80 120 standing 902 330 50 107 standing 775 419 73 135 standing 535 257 50 173 blocking 429 356 69 124 standing 402 254 45 143 spiking 323 431 69 129 standing 187 432 79 152 standing 251 405 56 114 standing 273 368 52 103 standing
54835.jpg r-pass 948 371 50 128 digging 810 444 97 114 digging 836 331 48 105 standing 675 418 101 133 digging 443 254 77 184 blocking 340 359 90 118 standing 327 317 64 116 standing 264 416 79 124 standing 104 423 62 139 standing 151 399 52 105 standing 177 358 50 111 standing
58895.jpg l_set 191 416 77 134 moving 314 484 106 159 moving 410 381 50 102 standing 437 349 51 88 moving 544 391 64 114 standing 695 437 51 149 standing 699 406 50 130 standing 693 351 43 128 standing 922 369 42 117 standing 1003 468 65 137 standing 465 375 53 158 setting 1149 412 65 136 standing
58115.jpg l-pass 120 417 68 120 digging 197 388 46 110 standing 275 431 77 119 standing 342 395 99 112 standing 285 381 42 103 standing 312 344 60 114 standing 477 348 42 128 standing 672 435 78 127 standing 469 301 30 155 blocking 863 444 84 135 standing 880 359 50 103 standing 989 395 51 133 digging
58975.jpg l-pass 1036 378 85 106 falling 862 438 55 137 standing 848 358 57 116 standing 752 340 68 120 standing 618 419 43 160 standing 641 398 47 156 standing 421 473 75 121 standing 446 440 81 134 digging 440 393 84 123 standing 454 339 68 117 standing 352 387 39 106 standing 218 379 44 156 standing
49335.jpg r-pass 888 327 82 123 standing 483 337 62 129 standing 444 317 66 123 standing 723 453 97 173 moving 752 394 75 136 moving 788 308 48 116 digging 233 342 44 110 standing 325 414 88 142 standing 361 384 55 129 standing 365 320 48 130 standing 149 373 50 137 standing 67 393 71 157 standing
57975.jpg l-spike 956 364 64 146 standing 838 449 55 157 standing 801 379 70 141 standing 763 494 119 173 standing 600 439 80 157 standing 536 405 70 125 digging 449 442 75 163 standing 472 337 71 167 spiking 244 397 55 109 standing 112 466 60 160 standing 465 354 60 155 standing
84580.jpg l-pass 1166 442 58 140 standing 993 397 40 112 standing 951 474 37 128 standing 845 477 64 145 standing 735 425 42 134 standing 752 407 37 110 standing 641 455 57 134 standing 431 482 89 128 digging 498 405 58 120 standing 469 360 40 109 standing 357 420 40 112 standing 262 458 49 133 standing
49380.jpg r_set 1011 358 71 139 standing 945 316 60 123 standing 888 502 105 192 moving 725 408 74 112 digging 806 307 64 112 moving 627 378 61 154 standing 438 439 78 139 standing 477 382 55 145 standing 481 343 54 137 standing 227 356 55 109 standing 101 442 63 157 standing 2 385 70 145 standing
40835.jpg l-pass 1143 359 73 133 standing 1228 389 49 165 standing 1033 432 60 139 standing 973 376 63 139 standing 867 384 45 144 standing 835 396 55 160 standing 161 405 59 162 standing 328 314 64 149 setting 510 437 85 159 standing 479 335 89 129 standing 776 415 47 166 standing 758 372 68 175 standing
42305.jpg r_set 957 385 120 143 moving 885 325 92 118 moving 845 431 54 152 standing 755 481 124 175 moving 601 368 50 124 standing 539 319 50 180 setting 418 447 65 163 standing 453 415 47 146 standing 464 360 50 126 standing 152 458 65 139 standing 102 358 75 124 standing
40815.jpg r_spike 1122 356 65 145 standing 982 342 68 123 standing 914 405 46 147 standing 788 352 51 137 standing 751 331 77 192 spiking 730 377 51 130 standing 619 318 63 212 blocking 624 315 57 203 blocking 333 352 77 100 standing 277 450 92 144 standing 195 373 55 89 digging 0 383 72 153 digging
82870.jpg l-spike 1046 397 55 132 standing 919 366 56 110 standing 946 489 77 102 digging 781 441 69 152 standing 565 325 46 162 blocking 481 409 48 142 standing 411 427 68 172 standing 404 379 66 142 standing 290 386 66 111 standing 186 411 69 137 standing 400 288 89 146 spiking
82765.jpg r_spike 1118 461 60 147 standing 840 403 51 147 standing 728 381 69 125 standing 685 448 64 170 standing 674 393 62 144 standing 831 280 72 161 setting 602 322 42 176 blocking 409 417 60 158 standing 197 373 72 105 standing 136 458 70 149 standing 57 428 68 139 standing
58185.jpg l-spike 1082 394 64 137 waiting 966 466 94 129 waiting 981 336 50 118 standing 660 436 82 150 moving 612 338 45 141 standing 617 307 41 150 blocking 487 373 79 131 standing 418 369 80 103 standing 412 270 62 124 spiking 290 402 73 144 standing 344 465 80 178 moving 141 399 92 139 moving
40645.jpg l-pass 1193 401 71 129 standing 1215 346 63 127 standing 1019 424 44 133 standing 802 398 67 131 standing 746 387 51 138 blocking 787 375 33 130 standing 645 433 57 127 standing 436 461 78 138 standing 370 482 50 152 standing 238 497 65 94 digging 292 408 60 96 standing 360 345 50 120 standing
40720.jpg r-pass 999 372 48 134 digging 812 441 102 121 digging 782 344 55 104 standing 661 417 98 126 standing 479 283 64 158 blocking 372 360 80 121 standing 371 329 64 107 standing 304 430 53 133 standing 309 354 41 96 standing 39 369 49 140 standing 1 427 57 151 standing
82890.jpg r-pass 937 380 46 130 standing 887 468 58 105 standing 869 359 40 111 standing 719 402 82 168 setting 477 357 60 122 standing 472 350 37 120 standing 374 443 58 151 standing 334 413 58 130 standing 327 391 69 123 standing 345 358 51 122 standing 243 382 41 119 standing 117 424 55 119 waiting
82790.jpg l-pass 1182 470 87 134 standing 1056 402 93 137 standing 796 429 57 153 standing 794 390 32 142 standing 825 379 30 123 standing 370 454 76 134 standing 233 394 54 137 standing 465 398 87 82 falling 535 410 65 134 standing 684 366 71 134 standing 687 346 60 126 standing 850 361 38 120 standing
55950.jpg l-spike 369 279 82 141 spiking 511 263 57 192 blocking 801 349 61 113 standing 986 392 69 123 standing 841 447 82 117 standing 632 430 52 147 moving 439 369 34 144 moving 386 440 60 158 moving 358 383 51 85 standing 237 398 66 131 standing 155 431 65 151 standing
55160.jpg l_set 995 403 63 131 standing 961 335 94 114 standing 704 390 48 168 standing 714 305 49 145 standing 708 358 55 147 standing 560 342 51 192 setting 514 381 60 143 standing 451 341 46 125 standing 413 281 85 111 moving 195 368 123 143 moving 142 446 89 168 moving
42175.jpg l-pass 950 380 65 113 standing 901 459 54 123 standing 926 401 48 151 standing 723 444 60 152 standing 731 400 101 121 standing 716 363 68 123 standing 664 441 33 142 standing 630 402 70 111 standing 540 407 94 110 standing 407 456 50 150 standing 353 388 97 117 standing 174 417 90 99 digging
49300.jpg l-spike 1068 365 62 127 digging 895 453 96 130 standing 893 334 53 121 digging 695 439 50 172 standing 577 258 42 197 blocking 577 236 43 195 blocking 446 243 51 145 spiking 468 384 49 138 standing 469 455 81 172 standing 361 353 66 114 standing 326 359 45 133 standing 213 398 57 132 standing
82965.jpg l-pass 1177 447 65 127 standing 930 404 55 123 standing 879 439 51 131 standing 786 460 52 145 standing 743 436 99 122 standing 720 379 74 133 standing 645 408 51 198 blocking 404 365 80 116 digging 339 456 51 137 standing 244 396 97 89 digging 130 422 75 133 digging
55795.jpg r-pass 1047 349 60 131 standing 1074 464 94 103 falling 1038 448 60 154 standing 823 387 49 145 standing 730 331 58 135 moving 652 373 45 121 standing 554 357 43 170 blocking 526 363 33 141 standing 483 397 39 141 standing 356 380 47 105 standing 199 360 47 139 standing 0 435 35 145 standing
55830.jpg r-pass 774 321 75 116 digging 1058 352 72 131 standing 991 421 71 139 standing 965 456 82 182 standing 695 386 52 167 standing 596 359 39 146 standing 442 344 38 117 standing 461 389 52 154 standing 427 415 43 165 standing 151 372 69 99 standing 56 461 80 147 standing 1 376 54 164 standing
42265.jpg r-pass 950 383 54 126 standing 854 456 60 110 digging 684 368 71 123 standing 600 434 79 140 standing 458 365 65 134 standing 453 362 54 120 standing 379 382 37 140 standing 287 421 49 145 standing 316 357 54 145 standing 136 365 65 123 standing 0 398 54 145 standing
83015.jpg l_set 1123 494 62 124 digging 1122 364 58 116 standing 797 440 64 148 standing 790 389 52 139 standing 829 371 33 114 standing 601 393 43 150 standing 528 318 56 111 standing 375 355 65 105 standing 290 407 50 150 setting 285 375 69 131 standing 336 494 86 169 standing
58100.jpg l-spike 1054 396 62 126 digging 920 467 80 126 standing 922 351 50 107 standing 747 434 71 141 standing 560 271 54 193 blocking 446 382 60 126 standing 392 288 45 126 spiking 364 389 56 82 standing 378 430 50 131 standing 254 371 69 120 standing 217 417 67 120 waiting
54985.jpg l_set 987 424 65 130 digging 980 337 47 111 standing 691 392 52 167 standing 696 375 63 135 standing 704 324 55 140 standing 543 334 45 170 setting 512 408 55 145 standing 401 350 42 120 standing 390 312 79 94 moving 227 362 71 142 standing 115 433 91 167 moving
42100.jpg r-pass 924 454 77 110 standing 843 431 71 151 digging 839 372 49 123 standing 662 471 69 159 standing 615 414 71 130 standing 472 413 40 110 standing 367 431 57 151 standing 383 413 37 137 standing 374 386 41 123 standing 130 445 49 134 standing 8 424 55 147 standing
42340.jpg l-pass 1015 435 55 144 standing 1003 357 72 116 standing 827 448 65 165 standing 835 395 63 105 standing 877 388 51 125 standing 796 341 41 137 moving 714 331 57 176 blocking 673 368 60 114 standing 582 456 100 141 standing 310 455 77 145 standing 243 383 102 103 digging 164 399 57 119 standing
58855.jpg l-pass 978 391 73 130 standing 922 429 47 133 standing 889 385 50 116 standing 813 443 67 166 standing 726 469 51 80 falling 756 368 48 108 standing 629 421 59 126 standing 664 393 48 141 standing 591 362 110 101 digging 435 374 62 93 standing 339 437 108 124 standing 259 415 76 100 falling
58825.jpg r_set 971 378 75 120 moving 884 444 56 133 standing 839 499 116 156 moving 799 365 62 120 moving 650 400 80 165 jumping 690 342 33 150 setting 487 443 60 141 standing 522 427 39 122 standing 509 377 54 120 standing 239 398 67 92 standing 174 471 54 137 standing 90 427 65 120 waiting
59015.jpg l_set 1122 370 52 154 standing 1007 458 77 141 standing 939 341 55 120 standing 670 418 55 164 standing 672 393 57 136 standing 686 334 51 144 standing 550 425 71 154 standing 412 397 52 165 standing 346 373 48 141 setting 313 324 66 94 moving 203 376 51 156 standing 166 499 92 164 moving
42160.jpg r_spike 871 373 47 114 standing 837 404 62 116 digging 795 466 67 111 waiting 652 407 122 175 spiking 622 392 45 133 standing 618 374 41 111 standing 540 379 50 205 blocking 564 403 28 160 standing 479 405 94 105 moving 330 466 88 133 standing 274 390 90 118 digging 86 410 64 135 digging
82695.jpg r-pass 956 386 77 113 standing 959 408 58 110 standing 861 513 89 100 falling 837 407 75 113 standing 768 413 79 117 moving 742 495 48 113 standing 656 446 55 168 standing 645 446 68 156 standing 531 358 72 120 standing 388 384 71 100 moving 236 393 68 123 standing 237 456 52 156 standing
54790.jpg l_set 1090 467 107 139 standing 1037 365 77 112 standing 753 424 67 163 standing 762 382 60 141 standing 777 339 52 133 standing 474 367 96 131 standing 390 450 52 129 standing 394 374 39 171 setting 319 353 54 144 standing 352 318 56 107 moving 121 474 103 178 moving
42135.jpg r_set 893 457 121 157 moving 908 402 88 136 moving 806 322 50 136 standing 702 497 100 179 standing 534 381 94 135 moving 457 321 41 192 setting 353 438 73 163 standing 393 415 49 150 standing 392 326 54 168 blocking 128 462 73 151 standing 7 367 87 130 moving
58160.jpg l_set 1148 396 65 148 standing 1003 450 69 145 standing 966 344 76 128 standing 671 422 68 162 standing 657 389 66 129 standing 665 331 44 125 standing 499 361 70 135 standing 336 335 48 188 setting 351 363 38 109 standing 183 473 84 173 moving 161 388 84 164 standing 315 314 70 98 moving
40890.jpg l-spike 1192 398 62 150 standing 1001 463 92 137 standing 986 353 103 118 moving 658 379 90 124 standing 642 286 45 180 blocking 653 278 33 175 blocking 525 364 75 137 moving 453 275 90 126 spiking 440 440 62 154 moving 330 399 73 137 standing 386 361 56 126 standing
55125.jpg l-pass 1004 373 62 145 standing 1026 300 54 143 standing 811 390 57 89 falling 763 358 60 168 standing 751 282 47 147 standing 658 389 46 152 standing 472 420 82 147 digging 415 263 57 127 standing 258 411 82 155 standing 268 323 60 117 standing 193 336 57 164 standing
55010.jpg l-spike 1023 354 59 136 standing 841 423 61 129 standing 821 318 53 116 standing 559 392 81 147 standing 493 258 52 193 blocking 499 236 42 186 blocking 404 371 49 157 standing 361 359 50 135 standing 350 361 30 97 standing 373 227 47 153 spiking 196 425 61 158 standing 183 373 62 116 standing
55885.jpg l-pass 1205 372 51 172 standing 995 439 61 150 standing 855 361 72 134 standing 752 322 68 147 standing 690 424 58 168 standing 704 387 46 167 standing 487 454 79 165 moving 388 447 75 164 digging 378 392 91 134 standing 312 373 69 119 standing 351 313 54 128 standing 78 391 48 175 standing
49165.jpg r-pass 850 388 40 116 digging 681 390 96 89 standing 674 477 91 106 digging 546 416 63 86 falling 476 424 92 128 digging 450 444 66 139 standing 398 455 37 144 standing 343 415 69 82 standing 250 443 99 111 standing 344 348 43 116 standing 196 403 74 111 standing 185 446 66 134 standing
40860.jpg l_set 1149 457 76 152 standing 951 355 55 140 standing 878 400 45 167 standing 878 383 59 142 standing 749 400 85 152 standing 670 449 82 160 standing 579 379 55 159 setting 498 327 57 116 moving 269 399 96 135 moving 229 405 75 59 falling 1237 351 40 149 standing
49150.jpg l-spike 1023 407 66 123 standing 931 488 73 139 standing 830 388 69 108 standing 635 378 53 119 standing 602 388 42 225 blocking 459 396 71 170 spiking 383 432 71 126 standing 412 398 50 103 standing 423 341 49 112 standing 311 406 65 123 standing 182 443 87 140 moving
42200.jpg l-pass 1095 401 51 151 standing 1073 366 79 139 standing 1003 454 92 141 standing 874 383 40 136 standing 798 411 61 159 standing 806 372 34 136 standing 659 445 58 164 standing 670 411 57 137 standing 573 367 51 134 standing 446 368 72 116 standing 383 461 79 122 falling 260 411 72 63 falling
59050.jpg l-spike 405 381 108 199 spiking 412 436 79 130 standing 511 385 66 147 standing 441 327 51 102 moving 356 377 55 119 standing 261 435 68 123 waiting 601 338 58 218 blocking 760 342 85 123 standing 953 455 88 137 digging 1053 385 74 130 standing 933 341 68 116 standing
58070.jpg l_set 1225 379 52 152 standing 1029 446 73 137 standing 948 347 56 139 standing 806 430 80 161 standing 754 373 47 152 standing 765 335 43 141 standing 531 446 90 158 standing 594 381 73 156 standing 409 364 41 148 setting 403 320 62 94 moving 286 386 80 88 moving 209 371 71 152 standing
55920.jpg l_set 1135 396 65 142 digging 953 467 80 145 standing 817 360 71 111 standing 601 421 51 167 standing 606 378 41 148 standing 611 341 43 137 standing 399 376 55 178 setting 441 383 68 123 standing 314 373 41 122 standing 304 312 75 99 moving 158 495 113 178 moving 90 419 89 150 moving
42330.jpg r_spike 907 345 64 122 standing 899 435 54 152 standing 766 448 58 182 standing 817 313 97 182 spiking 733 367 62 141 standing 700 352 43 128 standing 629 317 47 186 blocking 618 352 39 129 standing 560 462 69 143 standing 218 467 90 135 standing 206 365 75 114 standing 82 391 67 143 standing
57985.jpg r_set 592 398 64 139 setting 636 442 82 154 standing 955 375 67 144 standing 864 441 37 156 standing 829 412 50 107 waiting 782 481 65 173 moving 508 401 73 143 standing 495 365 47 133 standing 509 444 54 163 standing 303 399 45 103 standing 203 464 48 154 standing 42 422 71 137 standing
82915.jpg r_set 886 389 92 122 standing 826 402 67 152 setting 758 454 60 154 standing 558 350 62 105 standing 492 379 52 107 standing 356 430 47 158 standing 361 395 45 126 standing 302 357 58 126 standing 170 430 56 146 standing 146 378 73 109 standing 15 407 75 137 standing 832 349 39 109 standing
57940.jpg r-pass 868 407 62 97 digging 881 454 50 129 standing 863 387 54 101 standing 729 478 64 144 standing 635 393 75 101 standing 638 405 45 131 standing 433 391 35 154 standing 408 406 28 129 standing 351 434 41 137 standing 248 422 45 94 standing 61 402 56 137 standing
82680.jpg r_spike 744 391 41 120 standing 746 432 122 167 jumping 824 389 67 122 standing 886 382 39 105 standing 936 371 54 118 standing 918 469 54 131 digging 676 363 77 197 blocking 570 359 62 114 digging 346 400 101 84 digging 208 414 94 120 digging 248 472 56 137 digging
82730.jpg r-pass 928 478 63 101 digging 1014 345 53 119 standing 646 447 54 159 standing 739 489 67 144 standing 771 400 49 127 standing 723 424 69 143 standing 538 411 47 152 standing 531 433 60 150 standing 513 350 50 143 standing 281 387 50 105 standing 166 455 60 152 standing 76 413 62 128 standing
58020.jpg r_spike 690 343 65 193 spiking 756 355 79 134 standing 656 384 49 142 standing 857 481 89 172 standing 880 438 71 151 standing 559 351 65 199 blocking 424 359 65 123 standing 222 404 61 91 standing 238 484 71 144 standing 49 427 91 131 standing 998 391 57 154 standing
82650.jpg r_set 998 404 58 120 moving 967 343 48 106 moving 928 528 85 151 moving 692 375 71 145 standing 738 357 29 99 standing 656 320 37 158 setting 544 447 60 133 standing 562 393 41 137 standing 584 353 24 96 standing 238 456 75 137 standing 276 392 51 86 standing 148 409 57 123 standing
42245.jpg l-spike 1106 392 57 137 standing 1024 444 58 141 standing 936 357 50 131 standing 751 430 82 147 moving 631 310 43 170 blocking 641 309 36 158 blocking 534 383 56 127 standing 447 422 68 137 standing 281 358 70 126 moving 130 367 68 127 moving 1 489 78 99 falling 426 295 68 130 spiking
47985.jpg l_winpoint 1072 459 63 180 standing 1112 372 52 171 standing 945 327 48 161 standing 793 405 80 174 standing 746 364 56 163 standing 729 330 55 149 standing 499 398 56 155 standing 456 375 57 150 standing 460 334 73 151 standing 381 340 81 148 standing 359 377 68 150 standing 320 423 62 147 standing
41535.jpg l_winpoint 280 384 64 149 standing 429 390 75 150 standing 316 399 76 147 standing 355 396 40 118 standing 400 376 52 152 standing 426 356 41 152 standing 1068 365 62 153 standing 854 334 67 145 standing 723 404 57 173 standing 657 384 72 153 standing 700 352 42 140 standing 952 476 105 82 falling
43650.jpg l_winpoint 132 383 62 144 standing 195 410 44 131 standing 232 429 55 126 standing 343 387 57 137 standing 278 440 46 163 standing 281 367 56 137 standing 618 425 102 79 falling 775 409 72 79 falling 843 437 67 151 standing 914 354 62 142 standing 548 447 88 168 standing 501 436 47 164 standing
42375.jpg r_winpoint 505 461 69 177 standing 448 423 60 154 standing 714 380 77 144 standing 645 326 46 125 moving 294 431 118 61 falling 234 363 50 151 standing 880 360 47 150 standing 941 457 94 156 moving 938 420 100 156 moving 1007 387 52 146 standing 1172 404 67 164 standing 1157 363 49 163 standing
45300.jpg r_winpoint 1016 372 124 170 standing 919 399 64 185 moving 713 379 57 143 moving 853 350 72 149 standing 972 353 67 152 moving 945 386 70 160 moving 581 390 60 65 falling 441 325 65 141 standing 347 375 55 151 standing 323 361 49 154 standing 198 353 62 153 standing 0 384 37 131 standing
52365.jpg r_winpoint 1096 372 57 140 standing 975 424 79 140 standing 935 421 67 203 standing 928 418 48 169 standing 917 341 55 139 standing 771 381 84 147 standing 721 428 77 141 standing 699 340 41 121 standing 479 359 45 127 standing 305 430 57 152 standing 288 439 79 48 falling
35280.jpg l_winpoint 1032 428 68 111 falling 965 435 62 157 standing 973 358 53 151 standing 834 419 96 170 standing 623 339 57 153 standing 620 340 57 129 standing 308 393 89 155 standing 277 398 71 145 standing 263 384 57 154 standing 319 382 42 153 standing 339 373 43 154 standing
37215.jpg l_winpoint 1007 428 61 167 standing 939 398 73 85 falling 922 385 67 111 falling 706 341 64 137 standing 645 442 53 168 standing 615 430 56 159 standing 399 430 92 153 standing 411 398 48 140 standing 392 374 61 120 standing 294 429 92 147 standing 257 425 51 125 standing 223 388 50 147 standing
