23350.jpg r_set 871 542 101 123 moving 887 471 42 119 standing 965 459 84 104 moving 816 370 92 92 moving 727 357 50 158 setting 687 432 52 129 standing 561 401 46 105 standing 568 439 60 129 standing 558 473 61 131 standing 334 395 76 111 standing 257 470 68 142 standing 135 453 58 119 standing
52525.jpg l-spike 989 493 104 124 moving 1003 390 73 107 standing 724 311 40 165 blocking 745 362 34 158 blocking 629 416 76 122 standing 592 466 64 111 waiting 592 404 53 112 standing 567 316 87 112 spiking 411 405 79 125 standing 362 453 47 147 standing
23490.jpg r_spike 984 443 68 122 standing 882 421 66 120 standing 761 491 58 132 standing 706 367 53 115 moving 698 440 50 176 spiking 652 454 72 132 standing 26 454 82 91 waiting 188 489 111 125 standing 330 416 65 92 waiting 429 398 60 108 digging 576 440 53 170 blocking 559 413 66 170 blocking
16030.jpg r_set 2 436 56 135 standing 156 472 54 139 standing 146 397 62 96 waiting 487 441 56 143 standing 485 427 60 123 standing 494 392 50 101 standing 612 435 52 146 standing 659 409 47 141 standing 762 331 39 152 setting 776 530 90 133 moving 879 437 64 121 standing 939 339 62 99 moving
15835.jpg r_set 579 448 57 139 standing 263 477 72 122 standing 248 371 49 111 standing 65 437 69 114 standing 585 391 49 114 standing 566 444 61 119 standing 727 377 44 136 moving 796 372 44 172 setting 833 347 68 91 moving 861 505 83 130 moving 985 486 71 122 standing 1000 415 91 116 moving
25495.jpg l_set 1085 433 52 120 standing 993 408 55 113 standing 993 518 57 125 standing 732 488 51 132 standing 733 424 41 152 blocking 728 405 49 114 standing 634 395 56 163 setting 579 373 57 173 spiking 468 366 86 95 moving 434 534 113 133 moving 185 471 65 122 standing 411 451 70 103 waiting
25615.jpg r_spike 127 464 61 112 waiting 390 401 55 99 waiting 636 389 39 185 blocking 733 375 53 165 setting 710 417 74 132 standing 768 398 84 120 standing 840 463 47 134 standing 992 416 52 130 standing 404 489 64 122 standing 641 389 37 167 blocking 639 414 38 144 blocking
15985.jpg r-pass 9 471 54 145 standing 84 396 34 137 standing 264 462 48 134 standing 357 459 63 151 standing 328 425 88 123 standing 352 379 54 120 standing 469 471 38 139 standing 471 442 58 148 standing 638 365 41 120 standing 821 467 60 141 moving 967 374 74 114 digging
16060.jpg r_spike 990 396 66 117 standing 926 435 65 111 waiting 853 489 49 133 moving 775 408 48 137 standing 807 380 60 122 standing 834 271 103 144 spiking 679 317 44 164 blocking 685 287 38 168 blocking 576 453 58 130 standing 332 499 92 108 waiting 253 396 61 89 digging 109 453 57 123 waiting
15860.jpg r_spike 166 442 66 96 waiting 316 380 41 111 digging 322 473 75 125 standing 675 332 41 154 blocking 684 455 38 134 standing 640 445 49 133 standing 778 504 58 141 standing 767 422 48 125 standing 822 349 46 123 moving 857 329 86 161 spiking 886 463 55 133 standing 986 461 80 114 digging
21995.jpg l-spike 961 525 64 120 standing 980 438 88 108 standing 881 393 84 108 standing 659 390 52 112 standing 616 407 37 182 blocking 510 370 59 107 standing 497 461 69 118 standing 422 359 59 95 standing 329 412 41 115 standing 352 424 44 176 spiking 372 458 66 136 standing
51485.jpg r_spike 999 432 56 128 standing 886 390 73 100 standing 804 459 70 119 waiting 798 341 81 115 standing 718 422 62 130 jumping 660 432 58 115 standing 594 392 60 159 blocking 589 372 96 159 blocking 315 383 71 98 digging 427 382 77 96 waiting 260 458 58 132 waiting 34 408 64 113 digging
19825.jpg l-pass 297 480 52 153 standing 378 459 73 132 standing 414 417 66 116 digging 468 384 48 105 standing 617 383 59 119 standing 842 450 48 123 standing 932 395 29 138 standing 947 400 49 129 moving 922 426 37 136 standing 1157 465 63 143 standing 1128 383 59 130 standing
25765.jpg l-pass 1221 456 42 138 standing 1208 404 33 124 standing 1098 389 51 120 standing 939 456 46 126 standing 931 395 37 133 standing 948 374 39 120 standing 735 459 87 126 moving 779 379 39 122 standing 720 331 45 111 standing 613 398 51 125 standing 553 431 45 137 standing 350 397 42 127 setting
30195.jpg l_set 229 426 96 109 moving 349 461 96 140 moving 436 427 48 156 setting 408 347 54 93 moving 452 360 47 113 standing 607 387 39 120 standing 723 438 39 135 standing 718 406 39 138 standing 709 378 43 113 standing 971 372 62 120 standing 1026 454 60 163 standing 1094 406 46 135 standing
52450.jpg l-pass 187 444 61 94 waiting 383 494 69 122 digging 469 417 71 92 standing 570 393 77 99 standing 728 428 72 148 blocking 765 444 34 165 blocking 864 485 85 102 waiting 886 503 46 134 standing 904 494 46 123 waiting 1102 483 58 116 waiting 1034 410 68 106 standing 973 375 82 105 standing
15785.jpg r-pass 1068 439 63 113 waiting 822 381 79 112 moving 699 404 31 115 digging 615 358 73 116 standing 585 344 38 122 digging 535 358 35 107 standing 502 409 56 118 standing 481 446 56 132 standing 350 390 50 118 standing 286 446 65 105 waiting 229 386 43 116 standing 830 480 97 103 waiting
25675.jpg r_set 147 464 44 122 standing 291 378 35 125 standing 301 464 52 147 standing 561 470 38 139 standing 554 428 51 120 waiting 562 391 44 137 standing 653 468 69 141 standing 732 419 65 141 standing 780 481 62 132 standing 783 393 55 120 digging 850 374 57 96 waiting 977 414 60 137 standing
19990.jpg r-pass 238 400 63 137 standing 421 451 63 142 standing 423 402 79 96 moving 702 419 43 134 standing 711 371 49 167 blocking 805 464 74 123 standing 782 415 117 101 standing 852 406 35 107 digging 1007 424 54 120 standing 1031 306 63 120 moving 1167 436 56 131 standing
51480.jpg r_spike 797 459 72 114 waiting 709 392 68 165 spiking 652 418 57 117 standing 796 342 63 106 standing 884 384 71 103 standing 1024 440 75 141 standing 315 383 52 92 digging 435 385 83 85 standing 190 459 110 128 standing 42 411 71 113 waiting 598 408 46 158 blocking 598 367 58 172 blocking
19975.jpg r_spike 123 445 48 103 waiting 322 469 54 133 waiting 311 385 60 123 digging 616 354 68 159 blocking 628 343 39 160 blocking 694 421 102 103 waiting 753 381 44 107 standing 760 458 58 142 standing 883 393 60 138 spiking 956 300 39 95 moving 1068 425 51 137 standing
52440.jpg r_spike 1006 468 68 113 waiting 980 407 66 90 moving 879 365 67 117 standing 797 411 69 166 spiking 822 498 47 108 waiting 758 478 64 94 waiting 657 413 58 195 blocking 660 387 64 192 blocking 261 480 67 136 digging 367 409 57 97 waiting 467 403 91 92 waiting 89 420 66 118 digging
15640.jpg r-pass 834 483 48 116 digging 798 436 63 91 digging 821 395 43 103 waiting 645 384 57 130 standing 569 351 54 117 standing 499 395 57 127 standing 319 435 65 139 standing 360 423 46 142 standing 355 397 27 130 standing 62 478 40 144 standing 98 391 54 122 standing
25625.jpg r_spike 202 483 86 110 standing 402 411 69 100 standing 510 493 50 126 waiting 667 390 55 167 setting 655 426 47 112 standing 735 403 62 135 spiking 753 433 82 107 digging 816 400 80 107 standing 799 489 66 122 digging 1042 426 69 128 standing
23455.jpg r_set 804 383 75 97 moving 791 400 48 150 setting 933 422 44 132 standing 798 530 93 125 moving 873 475 65 130 standing 593 451 69 145 standing 494 399 50 69 standing 488 435 54 125 standing 494 463 56 135 standing 143 449 45 130 standing 233 392 47 117 standing 198 477 60 140 standing
30030.jpg l_set 322 383 39 116 standing 337 421 110 126 moving 414 504 130 124 moving 409 358 69 92 moving 520 413 53 160 setting 554 385 57 172 setting 747 473 42 127 standing 743 430 43 123 standing 732 377 53 114 standing 989 394 67 110 waiting 1102 463 72 146 standing 1126 418 60 118 standing
23290.jpg l-spike 1135 470 45 126 standing 1008 517 69 135 standing 996 418 63 104 digging 726 454 45 164 blocking 720 423 46 141 blocking 721 411 40 90 standing 462 448 55 124 standing 450 389 70 135 jumping 540 349 49 161 spiking 508 380 86 104 jumping 306 512 80 145 moving 311 469 43 134 standing
21970.jpg l_set 439 435 50 172 setting 428 417 48 62 falling 448 378 64 87 moving 500 422 45 142 standing 641 422 38 130 standing 629 463 45 132 standing 626 372 45 80 standing 919 459 50 147 standing 985 406 57 120 standing 845 380 70 122 standing 198 487 113 132 moving 326 392 50 120 standing
23420.jpg r-pass 1110 450 46 122 standing 1017 444 54 116 standing 913 408 80 113 standing 847 376 53 128 standing 830 483 71 138 standing 775 428 42 148 setting 700 371 44 118 standing 661 417 75 123 jumping 631 382 50 106 moving 378 463 43 152 standing 377 386 39 116 standing 275 461 59 119 standing
30085.jpg r_set 831 448 70 103 standing 751 447 69 144 standing 675 332 76 122 digging 516 352 50 102 moving 471 415 46 144 standing 599 502 65 133 standing 355 453 45 147 standing 340 423 57 139 standing 367 384 31 119 standing 102 409 65 131 moving 47 464 65 139 standing 63 384 37 120 standing
59200.jpg l-spike 971 431 80 110 standing 906 502 70 119 standing 811 393 75 100 waiting 601 386 87 107 standing 537 397 40 177 blocking 541 374 42 182 blocking 482 402 44 102 standing 432 342 65 115 standing 348 393 52 125 standing 298 405 55 157 spiking 225 454 57 115 standing 121 410 65 102 waiting
25635.jpg r-pass 1075 430 59 126 standing 778 507 87 96 falling 741 454 51 93 standing 805 427 67 127 standing 822 398 77 115 standing 691 456 40 138 standing 674 442 54 121 standing 645 405 55 132 standing 536 468 62 138 standing 386 412 68 112 standing 234 479 118 106 moving 1223 354 54 93 moving
16100.jpg r-pass 93 437 55 133 standing 311 396 45 113 standing 358 470 41 143 standing 593 437 47 143 standing 571 391 44 108 standing 611 366 44 97 standing 728 330 52 117 moving 835 386 50 116 standing 750 378 64 104 standing 798 405 45 99 standing 739 448 83 130 digging 801 470 57 126 standing
30230.jpg l-spike 177 481 51 153 moving 262 415 50 133 standing 247 409 44 106 standing 370 468 63 152 standing 409 436 72 103 waiting 386 291 68 126 spiking 491 301 57 166 blocking 555 414 58 117 standing 772 471 76 123 waiting 766 365 79 107 digging 990 441 58 127 digging
19860.jpg l_set 1168 432 46 131 standing 1001 386 63 111 standing 996 478 60 120 standing 773 441 67 137 standing 773 366 45 153 blocking 710 345 44 158 setting 625 392 60 121 standing 532 363 39 85 moving 336 448 39 129 standing 241 499 107 137 moving 250 361 61 99 moving
19970.jpg r_spike 868 333 44 164 spiking 703 377 65 122 standing 657 416 100 103 waiting 763 465 61 141 standing 1022 418 46 137 standing 583 349 48 185 blocking 73 435 51 117 waiting 248 463 68 136 standing 270 375 38 114 waiting 573 342 58 164 blocking 916 293 55 98 moving
16135.jpg r_set 148 434 55 114 waiting 262 482 83 123 waiting 322 406 63 91 digging 575 449 65 131 standing 602 418 38 123 standing 591 396 41 65 standing 684 342 43 156 setting 723 360 66 168 setting 833 367 68 100 moving 900 345 61 102 standing 844 469 74 108 waiting 838 524 113 120 moving
21830.jpg l-pass 1133 455 79 88 standing 1024 415 48 133 standing 953 392 41 134 standing 799 425 45 120 standing 760 395 51 129 standing 758 404 53 143 standing 681 469 61 131 standing 424 479 59 151 standing 285 477 47 124 digging 254 452 55 104 digging 325 388 47 119 standing 107 479 56 152 standing
25460.jpg l-pass 1159 419 63 128 standing 1159 491 48 148 standing 901 446 43 134 standing 914 420 40 133 standing 935 408 55 125 standing 794 465 65 131 standing 602 413 61 120 standing 478 490 61 144 standing 514 364 41 127 moving 423 457 52 120 digging 347 417 55 127 standing
52490.jpg l_set 1216 438 53 125 standing 1107 461 57 146 standing 1010 377 82 111 standing 870 404 32 142 standing 910 392 33 111 standing 896 472 58 139 standing 761 431 48 129 standing 730 474 66 146 standing 702 377 75 117 digging 519 371 65 90 moving 324 423 70 127 standing 354 474 66 149 standing
25525.jpg r-pass 735 449 73 112 standing 675 468 80 118 digging 642 407 77 116 moving 457 511 68 138 standing 395 429 45 141 standing 406 420 43 143 standing 348 446 42 105 standing 338 461 42 135 standing 266 490 55 151 standing 287 375 62 129 standing 154 485 101 141 standing
23380.jpg r_spike 133 485 59 109 digging 340 397 62 102 digging 366 503 68 113 digging 560 495 71 116 waiting 682 328 39 165 blocking 692 297 34 158 blocking 764 282 52 148 spiking 766 426 54 127 standing 809 505 55 154 moving 860 415 36 124 standing 869 457 70 128 moving 1056 439 53 130 standing
15920.jpg l_set 406 507 91 123 moving 615 371 56 95 moving 362 390 55 130 standing 477 382 42 133 setting 470 442 37 123 standing 734 415 53 139 standing 886 473 49 119 standing 910 422 39 135 standing 881 391 58 105 standing 1144 408 41 133 standing 1211 401 39 132 standing 1244 490 35 119 waiting
15965.jpg l-spike 869 395 72 97 digging 1220 413 58 108 waiting 1050 492 74 136 waiting 696 420 29 162 blocking 704 385 48 190 blocking 688 388 44 170 blocking 551 444 106 97 waiting 514 403 61 161 spiking 531 370 52 114 moving 467 473 72 114 waiting 284 391 61 96 moving 183 460 71 139 moving
22005.jpg r-pass 910 447 69 103 standing 856 513 52 129 standing 780 402 92 107 digging 587 402 60 111 standing 501 416 49 116 blocking 485 411 52 177 blocking 382 453 64 131 standing 396 371 55 122 standing 273 354 60 106 standing 288 453 36 115 standing 264 508 70 145 standing 206 428 54 123 standing
15770.jpg l-spike 788 410 47 109 standing 711 280 60 172 blocking 616 265 47 144 spiking 611 424 86 103 waiting 562 467 57 144 standing 489 403 63 105 waiting 983 383 65 112 standing 968 480 75 122 waiting 1193 440 70 119 standing 414 432 42 112 standing 366 361 33 130 standing
15690.jpg l-pass 1134 456 37 129 standing 942 436 71 126 standing 871 390 67 124 standing 842 341 43 122 standing 803 428 62 129 standing 861 505 58 139 standing 701 453 47 126 standing 733 366 41 133 standing 703 393 52 105 standing 413 480 60 133 standing 445 408 56 94 standing 316 415 77 114 digging
19925.jpg r-pass 834 408 50 124 standing 719 418 60 129 standing 736 276 67 137 digging 654 493 88 135 standing 506 399 50 146 standing 498 368 39 120 standing 341 450 47 122 standing 362 403 33 135 standing 378 382 30 129 standing 137 448 65 152 standing 12 383 43 131 standing
19880.jpg r-pass 933 449 42 111 standing 845 384 58 107 standing 777 474 84 109 digging 570 462 99 116 standing 559 350 33 156 blocking 567 318 40 150 blocking 473 343 45 111 standing 473 356 49 137 jumping 504 407 50 122 standing 247 479 84 156 standing 196 435 43 132 standing 124 362 49 130 standing
15680.jpg r_spike 796 508 94 125 moving 903 424 60 120 moving 996 448 39 127 standing 753 349 70 96 moving 699 335 60 157 spiking 725 399 45 119 standing 284 403 70 95 digging 268 499 75 118 waiting 174 427 51 108 digging 566 469 42 124 standing 595 357 31 157 blocking 582 397 35 113 standing
59140.jpg l-pass 47 433 57 153 standing 235 458 54 115 standing 284 414 38 120 standing 335 396 49 109 digging 452 382 98 109 standing 625 449 46 137 standing 700 383 57 148 standing 760 411 49 139 standing 737 382 32 128 standing 918 478 65 123 standing 992 412 27 139 standing 1202 418 74 134 standing
23280.jpg l_set 1190 456 58 130 standing 1081 420 63 106 waiting 1080 528 65 106 waiting 775 474 65 134 standing 777 440 55 122 standing 774 400 49 99 standing 563 384 54 158 setting 484 374 51 89 moving 401 432 99 113 moving 359 469 44 128 standing 264 516 89 141 moving
25570.jpg r-pass 2 495 58 141 standing 182 393 39 121 standing 328 467 41 145 standing 324 443 49 135 standing 337 403 39 125 standing 447 432 41 141 standing 524 426 52 127 standing 707 533 47 121 standing 853 455 68 121 standing 814 405 52 131 standing 812 334 41 125 digging
21910.jpg l-spike 936 428 52 122 standing 773 495 65 112 digging 689 376 82 112 standing 450 433 68 117 standing 460 314 37 160 blocking 437 306 46 146 blocking 320 318 87 135 spiking 350 458 69 114 waiting 276 443 73 137 standing 265 426 60 112 standing 126 411 43 121 standing 26 537 92 149 standing
23240.jpg l-pass 182 472 56 147 standing 372 498 58 119 standing 396 436 53 121 digging 415 406 35 90 standing 568 402 56 112 standing 725 474 51 137 standing 836 440 51 137 standing 815 424 39 132 standing 1037 469 35 140 standing 1100 438 55 130 standing 829 407 28 111 standing
25510.jpg l-spike 943 458 56 106 digging 871 412 59 110 standing 885 498 59 110 standing 626 513 48 117 standing 620 360 49 186 blocking 519 413 56 132 jumping 494 467 79 133 standing 470 509 54 138 standing 495 351 45 117 standing 427 361 71 130 spiking 108 473 75 129 standing
52400.jpg r_set 884 493 78 135 moving 898 430 62 125 moving 926 403 59 117 standing 911 354 80 90 moving 775 368 46 137 setting 659 433 47 147 moving 438 475 71 127 standing 461 421 56 130 standing 458 404 55 118 standing 109 465 50 142 standing 66 406 70 97 waiting 0 432 38 130 standing
25815.jpg l-spike 520 291 63 144 spiking 573 427 43 105 falling 407 467 79 125 standing 405 455 49 117 standing 426 401 49 86 waiting 667 316 46 152 blocking 671 309 26 153 blocking 894 497 63 123 waiting 963 396 61 117 waiting 1130 452 68 117 waiting
51445.jpg r_set 1017 510 53 60 falling 834 499 79 134 standing 763 404 46 115 standing 838 333 78 92 moving 646 349 42 131 setting 559 431 62 122 standing 415 382 52 110 standing 416 397 57 136 standing 394 450 75 129 standing 34 440 50 147 standing 55 388 78 98 waiting
59170.jpg l_set 1127 420 57 132 standing 1098 398 95 105 moving 1034 490 56 129 waiting 772 444 62 135 standing 777 405 56 105 standing 777 381 47 118 standing 673 395 57 152 setting 591 392 82 105 standing 474 375 62 100 moving 329 444 42 126 standing 286 380 75 104 moving 203 483 137 141 moving
23395.jpg l-pass 1212 437 55 108 waiting 1062 443 51 131 standing 1011 408 48 127 standing 909 494 68 144 standing 877 426 60 133 standing 862 383 54 103 standing 813 355 33 128 blocking 764 369 68 115 standing 687 477 71 128 standing 486 495 66 114 digging 467 393 39 105 standing 256 484 73 104 waiting
51540.jpg r_spike 911 350 80 104 moving 800 439 72 123 moving 763 523 101 122 standing 673 347 63 148 spiking 595 441 73 130 standing 592 344 41 113 standing 480 450 55 126 waiting 506 397 35 140 blocking 490 383 32 119 standing 205 376 55 96 waiting 141 456 56 136 waiting
19870.jpg l-spike 186 356 61 114 standing 248 497 102 139 moving 252 452 66 122 moving 542 328 86 144 spiking 537 366 68 94 standing 614 375 46 153 setting 678 455 82 120 waiting 662 313 41 151 blocking 671 390 38 103 standing 863 480 80 114 waiting 916 378 61 114 waiting 1045 431 44 131 standing
51500.jpg r-pass 334 436 45 147 standing 394 363 85 99 moving 480 368 85 105 moving 117 387 53 105 waiting 604 469 76 135 standing 630 459 45 120 standing 723 470 59 130 standing 701 424 58 96 moving 863 462 46 127 standing 871 351 91 125 setting 841 367 66 82 standing 1006 418 54 134 standing
25725.jpg l-pass 251 473 60 117 standing 485 476 86 129 standing 555 387 47 108 moving 684 423 70 99 digging 769 345 37 131 blocking 827 396 48 117 standing 831 373 31 55 standing 933 410 51 109 standing 958 473 62 135 standing 1005 396 45 115 standing 1053 429 64 118 standing
16160.jpg r_spike 194 432 55 117 waiting 344 385 51 97 digging 366 474 70 122 standing 566 472 77 136 standing 649 428 37 116 standing 654 296 36 148 blocking 738 276 48 150 spiking 702 419 44 127 standing 726 417 45 120 standing 739 497 54 142 standing 920 443 82 103 moving 940 366 67 120 standing
23305.jpg r-pass 154 462 43 125 standing 274 509 65 139 moving 262 461 78 126 standing 397 454 46 128 standing 394 393 69 121 spiking 423 376 56 105 standing 542 485 55 112 standing 545 374 56 170 blocking 575 417 36 105 standing 807 413 81 102 moving 816 508 58 98 falling 959 498 51 99 digging
15880.jpg l-pass 1191 440 50 126 standing 1150 467 60 143 standing 993 358 67 126 standing 932 437 52 97 standing 973 439 30 133 standing 967 507 58 141 standing 817 471 82 129 moving 774 436 62 129 standing 880 435 47 99 standing 521 429 45 141 setting 498 395 65 112 standing 391 445 80 109 standing
23510.jpg l-pass 432 460 58 133 digging 446 401 55 96 standing 496 401 77 107 standing 192 453 83 97 moving 684 533 51 153 standing 664 525 49 128 standing 805 510 62 148 standing 853 520 52 115 waiting 769 463 56 123 standing 810 371 51 123 standing 962 421 82 117 standing 1116 452 58 137 standing
30040.jpg l-spike 1014 475 64 133 waiting 1018 427 54 105 waiting 907 389 64 109 digging 646 440 50 160 standing 644 385 39 161 blocking 658 391 37 103 standing 481 350 64 173 spiking 436 459 84 137 standing 449 492 80 148 standing 382 415 79 124 standing 441 368 43 92 moving 270 383 37 118 standing
21925.jpg l-pass 957 394 56 127 standing 758 461 67 140 standing 627 374 80 122 standing 454 424 76 117 standing 460 377 49 120 standing 440 383 35 113 standing 387 402 60 114 standing 354 436 46 135 standing 308 421 67 105 digging 251 434 62 134 standing 194 418 51 108 standing 74 506 79 146 standing
21875.jpg l_set 1117 418 35 130 standing 1094 471 37 154 standing 979 380 61 125 standing 733 477 59 133 digging 740 443 49 130 standing 726 420 63 96 standing 455 446 49 167 setting 472 447 95 151 jumping 330 353 76 105 moving 307 469 62 101 moving 249 496 67 126 moving 124 442 60 110 moving
30155.jpg l-pass 954 392 50 130 standing 896 423 39 147 standing 851 344 62 110 moving 713 440 85 124 standing 716 391 47 149 standing 682 384 40 127 standing 351 430 67 137 standing 442 404 57 67 falling 489 410 62 117 waiting 78 425 72 125 standing 583 370 57 110 standing 558 353 55 117 digging
15670.jpg r_set 884 506 102 132 moving 988 430 48 121 standing 965 422 92 109 moving 790 349 71 96 moving 722 364 53 170 setting 679 349 46 160 setting 529 443 67 142 standing 557 417 46 130 standing 542 399 44 112 standing 233 503 91 118 waiting 247 413 69 89 digging 138 435 57 104 digging
15735.jpg l_set 1107 486 73 129 waiting 1114 418 35 126 standing 1038 388 65 114 standing 831 451 35 128 standing 836 417 41 135 standing 805 370 54 122 standing 724 406 45 135 standing 536 343 39 160 setting 478 358 67 75 moving 412 501 92 135 moving 401 429 47 129 standing 349 374 54 118 standing
31080.jpg r_winpoint 559 416 96 66 falling 361 430 89 82 falling 497 443 56 140 standing 792 437 56 144 standing 762 385 55 110 standing 798 447 52 116 standing 878 484 70 150 moving 871 440 41 135 standing 915 334 70 129 standing 1071 474 58 132 standing 1000 416 60 136 standing 999 396 57 130 standing
38430.jpg r_winpoint 731 401 36 152 standing 590 385 72 137 standing 582 440 63 151 standing 449 487 56 145 standing 388 397 56 143 standing 354 419 48 169 standing 267 408 48 121 standing 240 448 45 139 standing 198 479 63 153 standing 123 479 56 144 standing 182 410 41 127 standing
48825.jpg r_winpoint 1187 435 85 146 standing 1186 423 87 139 standing 1116 449 73 138 standing 1109 420 31 144 standing 1106 401 30 134 standing 773 440 79 130 standing 645 382 63 131 standing 570 449 70 147 standing 586 371 39 119 standing 519 436 62 122 standing 481 470 120 60 falling
34725.jpg l_winpoint 761 385 48 140 standing 682 329 67 138 standing 435 531 70 75 falling 460 417 49 133 standing 464 312 38 116 standing 386 338 41 127 standing 259 338 43 118 standing 228 369 59 146 standing 197 411 71 144 standing 174 379 33 132 standing 37 378 49 150 standing
50745.jpg l_winpoint 782 390 63 149 standing 752 375 58 134 standing 674 404 104 138 standing 701 408 28 123 standing 710 397 44 122 standing 702 374 58 117 standing 1120 401 63 141 standing 1129 394 46 125 standing 1199 412 72 135 standing
33405.jpg l_winpoint 848 418 80 123 standing 813 445 61 143 standing 776 447 55 135 standing 718 374 46 127 standing 661 387 53 135 standing 635 388 44 135 standing 463 358 40 128 standing 390 402 40 135 standing 313 415 82 138 standing 336 413 49 124 standing 287 401 56 120 standing 337 391 61 114 standing
43950.jpg l_winpoint 960 372 46 123 moving 719 541 138 94 falling 735 346 52 123 standing 632 325 61 125 standing 542 456 47 151 standing 574 430 49 149 standing 399 371 52 136 standing 367 406 58 149 standing 318 397 41 139 standing 273 384 55 106 standing 356 338 44 123 standing 159 421 62 127 standing
51615.jpg l_winpoint 1172 398 48 137 standing 1131 351 60 135 standing 1113 435 54 139 standing 1037 392 68 144 standing 973 341 55 127 standing 1234 391 43 134 standing 700 398 50 129 standing 710 362 62 149 standing 707 357 44 116 standing 624 379 66 154 standing 610 356 62 126 standing 494 400 72 118 standing
41670.jpg r_winpoint 1201 445 50 145 standing 1130 440 49 154 standing 1077 459 58 143 standing 1042 429 55 146 standing 1146 359 80 127 standing 865 498 49 148 standing 877 441 46 164 standing 758 379 65 129 standing 588 364 37 131 standing 507 450 43 146 standing 467 414 71 118 standing
48135.jpg r_winpoint 738 357 71 123 standing 621 424 72 130 standing 599 415 80 141 standing 606 412 39 127 standing 608 413 83 127 standing 652 425 45 125 standing 204 438 105 145 standing 226 404 50 140 standing 171 396 80 124 standing 84 455 59 143 standing 51 433 47 141 standing 21 412 54 137 standing
30285.jpg l_winpoint 751 431 36 136 standing 550 438 53 142 standing 438 354 36 127 standing 385 431 47 138 standing 279 378 41 132 standing 239 344 59 119 standing 7 421 94 150 standing 22 405 48 140 standing
44910.jpg l_winpoint 901 411 62 136 standing 687 541 135 68 falling 780 372 35 129 standing 604 467 66 145 standing 518 435 39 131 standing 574 366 49 126 standing 277 445 88 131 moving 179 418 48 115 standing 410 452 74 147 standing 453 396 63 108 standing 368 425 109 121 standing 350 388 50 127 standing
46230.jpg l_winpoint 719 427 47 135 standing 570 478 66 138 standing 589 403 39 125 standing 469 499 54 143 standing 405 451 74 143 standing 385 388 45 129 standing 214 444 57 138 standing 229 406 59 134 standing 182 458 66 135 standing 131 475 52 147 standing 174 419 54 125 standing 41 444 80 126 standing
32565.jpg l_winpoint 933 393 60 152 standing 761 428 55 135 standing 631 343 48 129 standing 535 452 116 132 standing 542 394 67 141 standing 536 384 37 138 standing 352 397 78 162 standing 355 380 43 133 standing 367 368 69 125 standing 266 397 70 155 standing 242 377 37 143 standing 177 393 58 133 standing
