23455.jpg r_spike 463 646 87 166 standing 654 570 85 124 standing 612 749 73 169 digging 824 608 107 116 standing 1042 612 63 222 blocking 1049 658 58 214 blocking 1174 573 87 134 digging 1228 623 83 125 standing 1218 667 108 123 waiting 1318 678 126 174 spiking 1423 684 77 144 waiting 1727 823 101 112 falling
23605.jpg r_set 1191 573 51 185 setting 1330 837 110 182 moving 1417 705 80 161 standing 1421 596 96 138 moving 1095 699 96 166 standing 1028 660 67 155 standing 528 622 53 165 standing 603 572 54 115 waiting 677 686 58 172 standing 960 702 52 183 standing 944 598 56 175 standing 964 584 34 116 standing
23545.jpg l-spike 334 597 65 154 standing 466 647 78 168 standing 586 639 81 252 spiking 609 631 80 152 standing 641 563 56 160 standing 568 507 59 139 standing 752 623 86 222 blocking 749 640 73 215 blocking 884 598 59 130 standing 1066 556 76 123 standing 1248 639 91 116 waiting 1257 756 87 156 standing
23825.jpg r_spike 465 596 77 159 standing 638 566 93 112 waiting 657 707 121 165 standing 886 590 100 118 standing 1015 662 59 183 standing 1020 717 60 181 standing 1164 560 79 122 digging 1131 636 71 139 standing 1128 681 83 141 standing 1165 715 131 181 spiking 1285 746 107 135 standing 1395 670 75 139 waiting
40135.jpg r_spike 1422 582 63 118 standing 1312 673 68 144 standing 1204 732 108 171 spiking 1162 759 117 122 standing 1101 684 94 156 standing 1122 576 56 130 digging 1000 703 48 228 blocking 972 665 75 232 blocking 769 627 104 120 standing 592 589 115 132 waiting 602 757 112 162 moving 375 675 75 162 standing
40100.jpg r_set 372 631 89 158 standing 492 549 91 141 standing 651 666 76 176 standing 816 607 57 163 blocking 791 643 57 184 blocking 776 712 80 170 standing 951 558 57 152 standing 1018 522 71 106 moving 1191 540 57 139 setting 1358 620 106 146 moving 1289 711 64 155 standing 1327 828 101 190 standing
19150.jpg l_set 1527 647 64 139 waiting 1450 729 80 174 standing 1363 573 54 123 digging 1077 572 51 122 waiting 1019 700 65 169 standing 1020 614 61 152 standing 926 590 81 189 setting 828 699 72 186 standing 743 469 58 125 moving 487 633 107 148 moving 495 575 53 129 moving 336 776 152 176 moving
23515.jpg l_set 1450 637 93 126 waiting 1271 569 70 111 standing 1398 752 79 133 waiting 999 680 44 169 standing 981 619 56 137 blocking 973 568 52 130 standing 771 581 64 207 setting 760 584 74 166 standing 593 499 75 122 moving 507 577 66 133 standing 387 604 112 140 moving 586 811 123 169 moving
19170.jpg r-pass 1352 771 92 152 waiting 1309 654 81 120 waiting 1128 616 111 107 falling 953 596 104 98 digging 830 674 99 221 standing 863 671 64 138 standing 727 737 106 204 standing 725 718 91 93 falling 547 635 72 147 standing 409 593 85 139 standing 445 757 69 167 standing 666 497 68 154 standing
40050.jpg l-spike 606 603 67 154 standing 636 626 96 155 standing 652 734 61 185 standing 762 641 93 121 waiting 742 446 55 186 spiking 652 549 73 143 standing 908 477 45 182 blocking 909 498 47 195 blocking 1264 554 49 121 standing 1133 710 63 165 digging 1361 736 65 141 digging 1477 654 69 132 waiting
14565.jpg r_spike 281 688 61 137 waiting 556 554 79 128 standing 686 604 126 108 standing 517 733 99 162 standing 863 636 70 239 blocking 882 683 51 229 blocking 1018 568 78 129 digging 1026 664 76 124 standing 1127 686 81 134 waiting 1041 713 104 160 spiking 1211 752 121 155 waiting 1328 669 83 130 waiting
23650.jpg l-pass 583 563 62 157 standing 728 631 84 165 standing 823 621 90 75 falling 978 606 64 162 falling 1120 529 56 166 standing 1117 565 64 162 standing 1215 596 52 156 standing 1207 622 60 167 standing 1249 678 65 180 standing 1280 574 83 146 standing 1448 678 52 163 standing 1536 597 68 147 standing
23475.jpg l-pass 533 657 62 167 standing 691 607 82 89 falling 696 742 92 168 moving 845 585 94 134 digging 1126 702 58 160 standing 1103 671 87 173 standing 1258 652 69 133 standing 1196 572 52 152 standing 1286 689 92 157 standing 1374 605 71 141 moving 1513 665 64 177 standing 1729 783 126 144 standing
23795.jpg r_set 317 610 77 159 standing 454 560 59 129 standing 581 668 78 180 standing 828 562 48 176 standing 787 606 63 177 standing 827 668 48 192 standing 957 580 61 154 standing 970 680 52 150 digging 1131 505 74 110 moving 1331 615 107 156 standing 1441 732 107 153 standing 1256 802 102 197 standing
23750.jpg r-pass 1207 646 93 157 digging 1178 561 70 164 standing 943 518 64 109 standing 921 681 110 155 standing 689 497 67 142 standing 685 486 55 139 standing 628 466 50 186 standing 494 625 95 166 standing 527 573 49 167 standing 509 561 58 128 standing 384 522 64 144 jumping 277 579 67 164 standing
19235.jpg l-pass 1358 640 111 134 moving 1350 597 78 131 standing 1128 639 91 136 moving 1146 595 84 113 standing 1041 730 63 161 standing 1183 736 93 161 waiting 982 650 56 206 blocking 870 710 59 189 setting 812 585 90 139 standing 671 766 76 157 digging 565 706 89 118 waiting 620 601 97 108 standing
14590.jpg r-pass 373 638 66 157 standing 607 535 61 151 standing 758 592 113 99 waiting 670 713 64 182 standing 943 691 80 190 standing 939 733 87 178 standing 1038 584 81 121 standing 1106 739 113 94 falling 1165 761 74 152 standing 1240 714 77 113 waiting 1329 766 91 141 waiting 1426 647 83 156 standing
40065.jpg r-pass 1398 616 53 159 standing 1282 754 91 111 falling 1175 552 57 111 moving 1085 748 100 142 standing 807 525 49 151 standing 824 545 71 139 standing 701 581 60 105 standing 679 654 94 113 waiting 613 543 59 165 standing 530 642 114 148 standing 541 599 38 178 standing 519 726 107 149 waiting
19160.jpg l-spike 1421 648 71 129 digging 1407 749 77 158 standing 1268 586 55 126 digging 985 579 96 112 digging 933 655 66 175 blocking 926 627 59 112 standing 767 657 84 200 spiking 554 626 83 152 standing 456 577 63 135 standing 717 482 53 135 standing 823 685 97 113 standing 387 765 125 169 moving
14615.jpg l_winpoint 1326 619 90 171 standing 1246 756 81 162 waiting 1130 652 63 146 standing 1011 771 156 126 falling 993 766 94 58 falling 1050 551 69 134 standing 832 621 56 176 standing 720 708 71 195 standing 693 515 71 185 standing 637 692 66 184 standing 526 556 75 159 standing 432 633 69 171 standing
23565.jpg r-pass 1255 618 95 149 standing 995 572 67 118 standing 912 687 92 104 falling 789 750 101 146 standing 789 723 101 173 standing 651 563 47 150 standing 661 535 65 137 standing 520 669 72 169 standing 335 634 56 152 standing 678 704 47 168 standing 664 679 75 137 standing 1208 760 106 117 standing
39935.jpg r_set 289 652 61 166 standing 428 557 57 151 standing 474 731 78 165 standing 792 599 61 153 standing 797 636 52 182 standing 767 731 65 178 standing 1004 661 100 152 standing 1107 499 54 110 standing 1307 594 47 126 digging 1378 627 102 151 standing 1408 837 113 180 standing 1632 839 127 97 falling
23625.jpg r_spike 547 597 76 142 standing 636 697 99 163 digging 719 540 64 108 waiting 1026 688 71 183 standing 1064 545 54 199 blocking 1129 636 102 141 standing 1148 660 74 170 standing 1278 752 85 178 standing 1350 682 83 161 standing 1476 651 69 157 moving 1316 482 105 194 spiking
40020.jpg l_set 1502 650 63 152 standing 1398 767 83 137 standing 1342 579 59 127 standing 1055 569 56 139 standing 1062 622 63 161 standing 1067 706 56 162 standing 936 680 69 180 standing 847 772 74 191 standing 895 573 78 200 setting 724 517 71 102 moving 599 528 73 137 standing 473 621 93 150 moving
39970.jpg r_spike 1411 771 80 147 moving 1372 697 70 128 waiting 1402 582 59 121 standing 1249 700 81 188 spiking 1150 717 106 136 waiting 1170 566 51 136 standing 1025 680 54 221 blocking 1000 639 85 233 blocking 754 609 97 107 waiting 635 752 70 176 standing 591 581 70 141 digging 395 668 82 154 waiting
23730.jpg l-spike 1262 600 85 134 standing 1216 707 80 137 digging 1054 512 53 121 digging 952 688 101 140 waiting 740 446 49 197 blocking 629 445 66 140 spiking 612 576 64 158 standing 572 553 67 132 waiting 533 608 60 166 standing 407 544 70 133 standing 367 572 52 163 standing
19050.jpg r-pass 401 595 43 130 standing 389 688 65 159 waiting 406 740 85 170 standing 581 514 43 142 standing 692 623 72 174 standing 797 705 71 182 standing 932 642 51 162 standing 984 604 56 138 standing 1140 678 100 172 standing 1267 622 84 138 digging 1334 657 75 168 standing 1635 567 66 123 standing
19115.jpg l-pass 1705 638 69 150 waiting 1545 729 105 153 waiting 1552 549 48 146 standing 1255 563 39 127 standing 1191 602 55 194 blocking 1181 562 62 196 blocking 1110 646 67 173 standing 802 601 42 174 standing 782 427 42 139 standing 588 547 91 131 digging 464 618 63 161 standing 456 735 48 186 standing
40155.jpg r-pass 384 677 79 186 standing 586 566 80 153 standing 803 581 85 137 standing 1102 601 69 127 standing 1022 729 70 175 standing 1004 725 91 221 blocking 1107 798 57 122 falling 1161 808 91 100 falling 1147 708 86 140 waiting 1365 676 76 147 standing 1382 590 54 127 standing 735 777 60 155 standing
39980.jpg l-pass 1402 610 81 116 standing 1441 700 67 153 waiting 1357 784 76 137 standing 1237 784 81 164 jumping 1227 719 104 137 waiting 1169 589 78 137 standing 1083 686 59 239 blocking 1066 653 77 234 blocking 810 592 113 132 digging 620 594 97 126 digging 752 749 65 180 standing 448 670 67 160 standing
23695.jpg l-pass 1336 728 72 140 standing 1328 580 87 149 standing 1145 545 61 136 standing 945 615 50 161 standing 923 558 65 123 standing 919 535 77 143 standing 819 595 59 185 standing 765 573 75 147 digging 718 489 55 121 standing 658 561 51 143 standing 566 591 41 135 standing 336 595 107 153 standing
19225.jpg r_spike 1412 627 98 145 moving 1323 587 49 134 standing 1185 721 88 172 standing 1117 630 78 137 moving 1125 562 64 131 standing 994 633 88 211 spiking 908 605 61 245 blocking 824 703 73 187 standing 771 568 82 144 standing 614 750 75 167 digging 524 669 91 142 standing 558 587 94 111 standing
41865.jpg r_winpoint 217 642 64 189 standing 345 614 88 158 standing 646 709 72 172 standing 618 565 58 144 standing 660 596 65 130 standing 748 564 60 158 standing 1635 867 86 203 moving 1212 640 60 150 standing 1265 638 29 137 standing 1200 602 44 155 standing 1258 615 45 134 standing 1220 637 27 142 standing
34365.jpg r_winpoint 398 674 50 172 standing 459 495 109 67 falling 612 604 131 35 falling 664 436 64 121 standing 517 539 47 132 standing 710 516 77 163 standing 1106 561 50 132 standing 896 509 80 125 standing 977 572 38 129 standing 955 620 51 162 standing 1179 636 50 161 standing 1248 591 92 144 moving
31425.jpg l_winpoint 291 623 72 151 moving 391 647 60 168 standing 626 598 94 169 standing 549 722 84 183 standing 640 715 83 196 standing 746 716 50 203 standing 1278 675 59 167 standing 1107 730 52 152 standing 1053 730 72 177 standing 1150 630 56 168 standing 1219 640 55 158 standing 1042 678 46 145 standing
35565.jpg l_winpoint 555 602 56 166 standing 651 659 69 170 standing 732 659 57 176 standing 798 564 60 167 jumping 843 575 50 173 standing 1478 620 67 119 standing 1256 527 60 147 standing 1122 659 85 120 falling 1002 563 54 155 standing 1092 564 51 134 standing 1078 682 86 161 standing
32250.jpg r_winpoint 476 587 72 134 moving 612 659 64 165 standing 555 585 66 113 falling 823 672 45 169 standing 815 531 59 156 standing 880 511 68 145 standing 1115 624 87 163 standing 1204 632 71 140 standing 1200 561 52 143 standing 1270 610 53 137 standing 1315 584 40 147 standing 1261 559 34 147 standing
45495.jpg r_winpoint 1185 587 114 133 standing 1166 609 84 139 standing 1131 597 77 157 standing 1119 580 46 159 standing 1168 587 40 136 standing 798 603 44 161 standing 640 471 79 149 standing 608 469 64 135 standing 567 514 67 123 standing 497 537 72 152 standing 362 638 85 165 standing
36765.jpg l_winpoint 1401 583 57 163 standing 1357 547 52 94 falling 1353 660 54 153 standing 1196 673 55 172 standing 981 511 50 152 standing 939 463 48 150 standing 730 580 93 163 standing 701 578 99 150 standing 659 556 47 163 standing 578 592 92 178 standing 560 590 67 162 standing
48270.jpg l_winpoint 621 619 47 161 standing 621 614 94 217 standing 695 629 44 135 standing 750 604 50 193 standing 784 606 71 164 standing 757 574 68 163 standing 1036 545 51 145 standing 981 671 107 75 falling 1027 692 90 175 standing 1218 613 63 118 standing 1187 739 66 101 falling 1432 638 55 172 standing
42480.jpg l_winpoint 1470 785 92 189 standing 1442 603 71 156 standing 1330 622 42 142 standing 1205 554 42 140 standing 1165 745 63 170 standing 1171 712 49 177 standing 790 633 97 177 standing 737 629 77 160 standing 690 658 75 164 standing 672 627 70 164 standing 617 640 72 154 standing 415 695 92 177 standing
30615.jpg l_winpoint 1512 707 75 118 falling 1334 633 45 159 standing 1273 720 60 155 standing 1172 717 91 167 standing 1220 684 56 175 standing 1037 657 59 146 standing 719 646 81 202 standing 677 650 92 170 standing 593 752 108 181 standing 625 735 97 172 standing 435 722 82 214 standing 259 758 87 156 standing
40200.jpg l_winpoint 350 788 136 191 moving 790 570 114 200 jumping 703 560 60 182 standing 466 544 108 195 standing 475 620 110 158 standing 467 658 66 173 standing 1045 601 72 148 standing 986 779 91 68 falling 986 817 60 103 falling 1053 846 72 89 falling 1180 660 60 142 standing 1338 663 54 159 standing
33660.jpg l_winpoint 1467 737 121 116 falling 1392 597 52 156 standing 1295 561 53 149 standing 1037 690 66 187 standing 966 740 61 187 standing 874 567 48 139 standing 675 533 85 175 standing 655 589 78 175 standing 566 615 69 156 standing 462 577 78 150 standing 462 664 77 180 standing 401 681 83 153 standing
35010.jpg l_winpoint 1452 593 67 152 standing 1354 655 55 142 standing 1255 541 41 126 standing 1120 530 68 137 standing 1066 669 76 180 standing 1015 513 71 135 standing 762 637 64 165 standing 746 591 104 172 standing 715 608 67 164 standing 650 630 65 141 standing 620 505 48 168 standing 632 498 51 127 standing
32955.jpg r_winpoint 1344 602 50 159 standing 1308 594 104 155 standing 1256 635 51 172 standing 1204 615 73 170 standing 1199 580 108 144 standing 1136 567 76 194 standing 940 723 93 180 standing 857 670 91 186 standing 674 511 75 142 standing 582 535 74 140 standing 615 678 77 176 standing 332 623 70 145 standing
47250.jpg l_winpoint 1242 652 66 144 standing 1157 638 91 171 standing 1263 578 63 128 standing 1231 561 53 133 standing 968 538 64 142 standing 947 520 63 135 standing 733 544 77 207 standing 616 607 60 163 jumping 563 529 64 175 standing 527 558 69 168 standing 452 593 94 206 standing 332 560 80 191 standing
