30275.jpg r-pass 918 381 74 126 digging 942 379 49 77 standing 856 297 54 117 standing 737 300 38 115 standing 634 247 50 99 standing 586 317 64 99 standing 445 322 39 102 standing 466 345 37 108 standing 456 366 38 122 standing 117 357 48 115 standing 15 346 49 132 standing
17050.jpg r-pass 731 368 111 122 standing 606 289 44 98 standing 539 364 41 130 standing 524 329 27 130 standing 521 304 54 96 standing 271 360 37 142 standing 218 301 48 85 waiting 128 323 69 105 moving 987 379 48 102 waiting 935 347 55 89 digging 921 303 44 68 waiting 1046 242 46 99 moving
23950.jpg r-pass 783 303 49 99 digging 897 411 51 136 standing 823 362 41 113 standing 703 277 49 97 standing 712 248 30 105 standing 528 312 45 103 standing 439 369 37 131 standing 466 338 35 129 standing 456 314 23 114 standing 144 328 40 114 standing 25 389 54 127 moving 8 362 38 117 standing
21655.jpg r_set 823 359 106 107 moving 694 350 52 115 standing 794 282 70 92 moving 655 275 52 132 setting 1018 327 38 100 standing 853 464 75 123 standing 206 326 72 92 waiting 246 450 105 99 waiting 40 387 65 97 digging 508 405 44 106 standing 503 356 49 108 standing 495 314 43 97 standing
17245.jpg l-pass 416 396 79 107 waiting 325 281 40 151 setting 297 298 38 96 waiting 445 284 55 93 waiting 519 306 86 110 standing 543 255 43 110 moving 631 284 45 112 standing 616 251 40 89 standing 920 252 53 105 waiting 942 375 57 116 waiting 1049 313 42 116 standing
24030.jpg r_spike 495 400 66 120 standing 296 361 55 105 waiting 482 260 35 95 waiting 718 360 85 106 waiting 814 203 30 137 blocking 807 187 42 132 blocking 939 180 52 138 spiking 888 290 45 115 standing 973 414 60 133 standing 1030 310 40 105 standing 1165 356 49 115 waiting 1218 331 40 102 standing
21690.jpg l-pass 1150 339 43 119 standing 1045 324 40 108 standing 813 256 51 103 standing 847 395 53 156 standing 756 377 47 98 standing 776 335 44 114 standing 710 355 38 121 standing 667 404 55 130 standing 617 300 75 92 standing 416 301 46 100 standing 393 333 47 176 setting 283 360 47 136 digging
52700.jpg r-pass 745 328 45 83 digging 882 402 57 102 digging 740 453 69 89 falling 622 436 80 97 standing 483 331 31 95 standing 471 282 20 101 jumping 432 306 38 98 standing 409 414 64 141 standing 295 448 71 140 standing 348 368 69 96 waiting 136 402 80 116 standing 117 365 40 102 standing
5585.jpg r-pass 883 347 45 124 standing 800 419 40 116 standing 677 315 59 102 standing 577 428 74 115 digging 479 304 54 95 standing 491 280 52 109 standing 388 373 34 129 standing 370 321 46 90 standing 222 466 69 125 moving 233 345 59 104 standing 136 364 76 110 standing 63 429 60 100 waiting
52660.jpg l_set 971 437 64 106 waiting 829 302 74 97 standing 968 339 72 112 waiting 669 390 47 117 standing 651 358 40 123 standing 642 326 48 108 standing 526 341 63 158 setting 423 391 71 121 standing 374 267 71 93 moving 329 333 58 85 standing 269 380 77 98 standing 136 448 111 143 moving
52630.jpg l-pass 1082 407 49 124 standing 923 288 62 87 moving 850 260 42 99 standing 746 388 38 122 standing 733 356 45 107 standing 731 315 34 111 standing 639 406 60 123 standing 505 320 53 122 standing 438 259 49 107 standing 376 323 39 83 setting 293 381 75 119 standing 175 428 71 139 moving
17435.jpg r-pass 988 415 52 123 standing 1032 294 59 91 standing 872 264 64 96 standing 806 295 93 163 setting 757 424 56 133 standing 714 407 46 136 standing 691 399 62 122 standing 581 315 86 97 standing 460 375 91 101 standing 393 300 86 86 standing 221 328 77 105 standing
52685.jpg l-spike 883 388 63 110 digging 761 327 56 93 standing 796 435 82 110 waiting 543 425 88 112 standing 508 351 41 135 blocking 507 263 24 142 blocking 390 247 69 110 spiking 426 395 76 137 standing 356 365 46 108 standing 278 395 69 112 standing 242 467 89 153 standing 162 347 65 101 standing
52600.jpg r_spike 958 390 47 125 standing 857 247 36 130 setting 735 264 57 89 standing 694 299 57 108 standing 707 426 66 149 moving 689 415 45 131 standing 536 393 56 124 standing 549 324 36 122 standing 462 281 53 114 standing 352 373 53 116 standing 279 413 63 143 standing 215 367 36 117 standing
35195.jpg l-spike 278 397 54 112 standing 318 360 95 147 spiking 419 362 42 105 waiting 465 316 66 103 standing 503 383 62 98 waiting 488 348 87 107 standing 570 341 42 162 blocking 571 329 49 150 blocking 565 308 55 137 blocking 794 305 55 88 waiting 940 428 62 110 waiting 1046 332 74 87 standing
17225.jpg l-spike 457 281 45 107 standing 547 299 75 103 digging 502 178 60 127 spiking 274 286 65 101 moving 331 336 58 103 digging 369 405 62 123 standing 639 257 35 142 blocking 644 208 39 135 blocking 632 213 25 147 blocking 923 263 67 94 waiting 998 388 65 110 waiting 1060 313 50 113 standing
52545.jpg r-pass 875 459 64 115 digging 876 359 60 87 digging 783 329 71 85 digging 582 354 62 102 standing 493 383 49 146 blocking 502 377 42 159 jumping 377 451 84 142 jumping 438 316 45 125 standing 429 279 42 111 standing 356 357 45 115 standing 315 412 55 95 waiting
24230.jpg r_set 1019 299 43 122 standing 983 288 48 156 setting 914 286 55 106 standing 923 241 68 105 standing 776 327 38 134 standing 636 365 65 123 standing 647 319 51 122 standing 647 296 38 94 standing 321 379 44 128 standing 344 290 48 97 waiting 178 335 91 111 standing 947 483 65 165 moving
35080.jpg r_spike 265 402 66 101 waiting 361 441 88 103 waiting 643 451 54 139 standing 409 307 39 96 standing 662 307 35 137 blocking 652 257 47 141 blocking 734 210 58 123 spiking 753 368 41 115 standing 754 454 64 135 standing 865 377 84 101 falling 938 378 39 121 standing 1005 334 59 101 moving
30315.jpg r_set 1054 356 42 113 standing 879 432 59 118 standing 864 334 80 112 moving 736 356 52 130 standing 703 265 39 151 setting 682 255 51 89 moving 554 324 40 111 standing 566 346 47 115 standing 560 407 51 103 standing 290 423 70 115 standing 235 326 53 90 waiting 116 399 83 98 waiting
17140.jpg l-pass 1111 301 41 99 waiting 1115 526 134 92 falling 930 371 65 133 standing 879 308 74 103 waiting 964 304 55 91 standing 961 268 55 94 standing 793 234 61 122 jumping 827 204 58 128 blocking 702 329 65 106 waiting 476 383 85 113 waiting 503 266 54 83 digging 350 315 44 110 standing
74635.jpg l_set 992 441 52 101 waiting 1022 351 43 102 standing 854 320 39 98 standing 656 403 43 110 standing 626 371 53 115 standing 634 350 59 97 standing 528 299 34 93 moving 477 378 39 110 standing 405 409 70 133 moving 395 348 48 116 setting 333 327 40 107 standing 301 472 70 128 moving
21620.jpg r-pass 901 439 69 147 standing 885 373 46 128 standing 876 347 54 92 standing 816 297 46 120 setting 706 365 63 122 standing 572 308 52 97 standing 475 394 57 128 standing 480 340 32 110 standing 450 321 35 122 standing 213 394 58 139 moving 117 317 69 119 moving
6460.jpg l-pass 900 417 43 123 standing 1006 333 34 130 standing 895 326 54 105 standing 750 291 74 99 moving 650 318 40 100 standing 540 357 54 125 standing 489 363 48 123 standing 490 304 55 99 standing 370 309 49 114 setting 309 378 55 114 waiting 360 441 69 125 moving 661 425 57 134 moving
17355.jpg r-pass 653 424 85 108 digging 662 308 50 91 standing 800 243 47 119 standing 580 263 43 97 standing 614 270 47 107 standing 1071 310 53 125 standing 518 282 38 128 standing 495 312 37 128 standing 390 347 52 106 standing 347 295 47 100 standing 273 374 55 136 standing 125 323 70 112 standing
24280.jpg l-pass 277 358 48 108 standing 506 271 44 91 standing 521 417 72 99 digging 702 322 71 106 standing 787 210 74 128 blocking 787 221 60 125 blocking 860 261 66 102 jumping 873 312 74 110 waiting 982 307 35 94 waiting 902 385 48 131 standing 1127 373 41 113 standing 1169 332 51 113 standing
74590.jpg l-pass 356 344 63 95 standing 345 429 70 80 falling 402 434 62 107 falling 589 413 87 124 moving 562 392 55 101 standing 639 407 43 118 moving 706 399 33 121 standing 715 340 39 104 standing 741 426 62 104 standing 799 362 48 107 standing 879 393 55 113 moving 1110 473 48 116 standing
5660.jpg r_spike 1201 386 43 128 standing 1003 344 65 120 standing 872 357 68 171 spiking 897 366 41 131 standing 874 336 45 126 standing 879 268 48 100 standing 785 343 61 169 blocking 766 330 66 178 blocking 663 299 69 87 digging 464 306 76 87 waiting 375 456 77 107 waiting 309 343 56 104 waiting
17200.jpg l_set 1165 354 58 127 standing 1097 304 51 116 standing 1011 257 46 110 waiting 831 333 48 110 standing 754 347 40 117 standing 731 307 66 109 standing 607 262 42 125 standing 509 222 58 83 moving 445 245 44 145 setting 456 256 51 103 standing 334 286 37 110 standing 216 423 105 128 moving
74700.jpg r-pass 951 379 50 114 standing 672 395 46 102 standing 595 356 105 62 digging 495 338 32 76 moving 493 331 72 67 moving 493 303 32 75 standing 445 303 34 110 standing 436 332 42 115 standing 378 398 70 123 standing 306 381 60 92 standing 340 326 50 98 standing 103 386 45 118 standing
30440.jpg l-spike 1079 336 70 108 standing 925 410 76 110 waiting 880 313 49 104 waiting 544 326 56 93 waiting 590 209 67 149 blocking 478 211 40 117 spiking 459 302 38 105 standing 415 342 57 89 waiting 326 309 46 108 standing 280 408 75 104 waiting
52560.jpg r-pass 931 347 68 112 waiting 799 267 81 145 spiking 640 355 58 109 standing 912 445 60 137 standing 579 459 60 142 standing 539 464 50 122 standing 442 442 90 143 standing 470 287 41 88 standing 471 320 43 128 standing 407 358 46 119 standing 366 399 51 106 standing 39 385 57 127 standing
17130.jpg r_spike 450 401 92 102 waiting 680 333 63 103 waiting 466 264 44 89 digging 297 324 51 106 waiting 777 215 58 151 blocking 792 196 48 136 blocking 965 182 60 145 spiking 881 307 44 123 standing 930 304 60 110 standing 931 380 60 144 standing 1082 527 120 85 falling 1113 290 48 103 standing
23995.jpg r_set 1090 310 48 107 standing 1021 450 83 150 standing 926 352 40 116 standing 925 246 51 109 setting 906 232 65 118 standing 790 302 45 130 standing 604 374 74 117 standing 625 325 55 124 standing 620 303 51 104 standing 319 431 59 113 waiting 305 310 54 91 waiting 196 362 58 104 waiting
6495.jpg l_set 187 469 127 131 moving 343 359 80 103 moving 364 326 49 86 standing 449 274 66 88 moving 534 348 44 112 standing 570 301 46 154 setting 709 392 41 128 standing 696 315 44 139 standing 686 308 72 105 standing 970 323 43 107 waiting 1017 397 42 128 standing 1075 352 49 117 digging
21725.jpg l_set 1134 337 37 117 standing 1022 303 52 110 standing 770 371 58 127 standing 722 385 65 136 standing 725 328 46 115 standing 731 271 37 99 standing 610 298 41 125 jumping 554 271 41 155 setting 454 270 72 82 moving 405 279 51 123 standing 254 399 108 117 moving 262 361 66 103 moving
35060.jpg r_set 745 474 111 132 moving 757 419 69 63 falling 931 350 45 87 waiting 835 396 75 93 standing 650 270 52 99 moving 615 301 40 144 setting 523 330 45 69 standing 529 374 50 127 standing 535 427 44 100 standing 128 415 58 103 waiting 274 443 63 122 standing 242 342 48 90 waiting
24195.jpg r-pass 507 351 54 119 waiting 547 320 32 133 standing 547 293 44 123 standing 342 382 67 126 standing 296 349 46 114 standing 230 304 53 99 standing 589 350 75 126 standing 709 395 61 124 standing 707 271 74 114 moving 843 315 44 77 digging 871 358 51 124 standing 917 331 102 95 waiting
6385.jpg l_set 1061 357 54 111 digging 1040 399 51 119 standing 990 308 43 97 standing 728 389 41 118 standing 714 303 27 132 blocking 715 305 50 99 standing 636 303 37 132 setting 571 266 87 103 jumping 523 259 80 112 moving 475 328 53 101 standing 372 362 98 109 moving 197 462 110 131 moving
17465.jpg r_set 921 243 52 101 standing 863 366 52 122 standing 879 348 64 133 standing 844 319 39 114 digging 771 347 54 135 standing 759 463 62 158 standing 633 379 45 122 standing 618 339 37 126 standing 616 292 39 92 standing 409 353 60 131 standing 311 283 45 97 standing 116 328 39 120 standing
35155.jpg l_set 962 394 64 134 standing 1021 325 40 103 standing 845 322 66 94 standing 668 327 32 97 standing 680 355 44 88 standing 682 398 37 127 standing 600 363 38 116 standing 546 322 44 120 standing 460 361 37 113 digging 424 272 57 90 standing 266 358 50 107 standing 138 455 83 134 standing
30335.jpg r_spike 260 345 63 107 digging 378 308 74 96 waiting 405 413 63 120 waiting 639 303 71 87 standing 703 346 38 167 blocking 754 346 54 145 jumping 772 254 35 109 standing 817 374 76 137 spiking 822 334 60 117 standing 851 326 43 87 waiting 1136 362 57 112 standing
52535.jpg l-spike 318 383 60 176 spiking 351 410 37 96 waiting 367 357 57 112 standing 460 320 49 116 standing 448 279 50 80 standing 516 371 43 151 blocking 516 348 35 141 blocking 577 345 51 96 standing 787 326 70 78 waiting 903 356 63 92 digging 905 456 60 118 waiting
24270.jpg r_spike 245 353 49 119 waiting 470 261 41 111 waiting 490 396 65 123 waiting 711 330 99 114 standing 784 209 46 158 blocking 873 298 54 119 waiting 896 408 58 134 standing 885 198 60 116 spiking 1106 359 77 122 standing 1142 328 46 115 waiting 965 300 37 103 standing
6425.jpg r-pass 261 344 45 104 waiting 344 311 62 95 standing 390 343 47 88 waiting 454 309 42 109 standing 349 449 76 137 jumping 364 415 69 122 standing 500 379 65 161 blocking 505 310 48 109 standing 606 322 71 99 standing 770 349 59 76 digging 829 354 71 110 digging 914 442 41 116 standing
6520.jpg l-spike 151 336 46 112 standing 203 458 65 158 moving 366 334 49 114 standing 373 373 57 111 standing 402 216 74 115 spiking 435 343 40 124 standing 515 224 43 167 blocking 522 255 31 147 blocking 574 390 55 125 moving 819 303 45 83 digging 886 407 63 111 digging 918 341 53 110 standing 
74570.jpg r_spike 226 401 47 101 waiting 284 459 49 101 waiting 278 350 72 96 digging 525 376 50 101 standing 567 362 45 162 blocking 567 346 56 152 blocking 627 419 52 113 standing 700 364 50 148 spiking 702 340 45 72 standing 726 369 47 117 standing 828 385 43 113 standing 1161 526 74 135 standing
17325.jpg l-spike 1073 317 57 108 standing 839 401 65 108 waiting 777 263 52 106 standing 544 216 51 124 blocking 558 213 40 126 blocking 457 212 49 118 spiking 502 296 49 118 standing 368 287 37 107 standing 305 350 60 105 waiting 269 406 96 105 standing 147 315 64 106 standing
24170.jpg l-spike 184 269 45 104 standing 333 346 66 112 standing 416 372 63 122 standing 547 259 44 170 setting 598 269 38 125 standing 629 333 55 117 standing 687 264 41 129 blocking 694 360 44 117 standing 786 295 64 105 standing 955 294 54 95 standing 1030 394 48 103 standing 1102 319 47 112 standing
5555.jpg l-spike 916 449 71 114 standing 903 365 57 109 standing 815 321 41 85 waiting 619 431 46 110 standing 506 275 40 147 blocking 504 243 40 134 blocking 386 404 76 141 moving 360 385 55 87 standing 340 347 40 99 standing 378 225 65 145 spiking 194 494 85 120 waiting 154 464 67 150 standing
52510.jpg l_set 1026 424 56 105 waiting 1043 373 80 80 waiting 907 324 50 96 waiting 682 402 45 105 standing 667 353 39 116 standing 647 331 45 88 standing 510 313 35 152 setting 439 283 39 86 moving 301 350 99 116 moving 531 289 47 135 standing 188 465 69 135 standing 35 400 86 67 falling
30505.jpg r_set 80 341 74 128 standing 248 386 69 135 standing 189 310 60 104 standing 533 356 44 123 standing 531 318 30 126 standing 524 306 46 93 standing 673 262 44 114 standing 712 322 46 118 standing 723 241 53 81 moving 856 247 44 128 setting 840 382 48 128 standing 1038 372 65 121 standing
74725.jpg r_set 210 378 37 114 standing 381 315 37 103 standing 415 383 44 98 standing 553 379 42 113 standing 562 329 31 111 standing 573 307 20 109 standing 636 359 43 110 digging 679 361 51 53 falling 715 289 29 80 moving 712 279 48 75 standing 805 356 45 108 setting 1001 356 47 106 standing
17385.jpg r_set 115 331 53 116 standing 288 283 58 100 standing 319 400 74 112 waiting 593 363 46 121 standing 588 316 44 130 standing 590 284 47 117 standing 741 241 44 126 setting 918 243 71 96 moving 768 307 88 102 jumping 990 322 60 107 standing 914 392 81 112 moving
5495.jpg l-pass 166 429 49 142 standing 311 384 58 119 standing 471 386 52 126 moving 451 363 47 92 digging 480 284 43 107 standing 663 383 57 123 standing 771 383 42 134 standing 767 349 35 131 standing 770 319 35 102 standing 1076 395 56 102 waiting 1050 332 71 102 standing 1173 355 47 124 standing
17320.jpg l-spike 1102 322 57 103 waiting 898 408 57 109 waiting 829 265 64 103 waiting 587 203 40 155 blocking 528 294 43 119 moving 450 197 82 114 spiking 374 288 43 95 waiting 329 353 63 100 waiting 277 397 67 109 waiting 156 319 77 100 waiting
5635.jpg r_set 1047 407 44 129 standing 957 387 51 116 standing 948 491 61 136 standing 825 304 37 142 setting 848 323 45 116 moving 859 274 57 92 standing 638 334 40 95 standing 641 370 46 120 standing 644 424 44 107 standing 333 462 80 116 waiting 185 387 61 105 waiting 326 340 49 92 waiting
30395.jpg l_set 386 426 78 128 moving 574 297 42 137 setting 631 283 54 103 standing 661 258 37 84 standing 705 410 70 134 moving 715 366 56 85 standing 926 405 47 138 standing 932 349 37 114 standing 923 303 36 121 standing 1109 366 78 133 standing 1195 340 71 105 moving
21675.jpg r_spike 1104 332 51 112 moving 878 311 44 113 standing 801 427 56 147 standing 766 285 62 154 jumping 770 258 63 103 standing 719 305 59 132 jumping 623 401 43 139 standing 629 290 35 147 blocking 579 306 54 90 waiting 313 427 63 107 waiting 331 308 49 99 digging 176 375 59 90 digging
24040.jpg l-pass 1211 352 55 117 waiting 1059 303 39 100 waiting 979 387 55 139 moving 901 293 79 109 waiting 939 244 62 95 moving 815 196 84 143 blocking 749 345 79 105 waiting 541 390 66 113 digging 529 256 41 94 waiting 342 348 47 106 waiting
17230.jpg l-spike 274 285 43 102 waiting 316 339 54 103 waiting 368 403 73 112 standing 440 282 43 107 standing 527 302 67 103 waiting 498 204 44 109 spiking 614 250 35 138 blocking 594 214 53 128 blocking 605 203 47 117 blocking 900 256 67 99 waiting 939 388 65 110 digging 1023 314 60 114 digging
5560.jpg l-spike 857 367 70 115 standing 861 456 59 111 waiting 766 324 42 84 waiting 583 445 82 114 standing 419 253 81 144 blocking 345 262 59 116 jumping 368 399 48 133 moving 295 382 71 102 waiting 297 352 42 105 standing 137 498 85 121 waiting 68 457 80 121 moving
74680.jpg l-spike 966 381 45 101 digging 718 315 42 92 moving 679 428 75 111 waiting 460 250 62 138 blocking 428 348 50 96 standing 407 235 43 130 spiking 297 321 48 100 standing 317 433 47 118 moving 289 380 62 89 waiting 110 383 42 115 standing
30355.jpg l-pass 398 308 56 100 moving 507 272 54 117 spiking 705 293 45 104 waiting 498 388 75 133 standing 779 392 51 124 standing 797 400 48 137 standing 873 434 62 114 standing 859 360 45 147 standing 878 327 53 107 standing 876 262 40 101 standing 991 299 52 107 standing 1222 358 50 122 standing
6415.jpg l-spike 330 391 46 159 spiking 304 351 50 92 waiting 408 396 50 113 moving 429 332 36 93 standing 429 293 47 93 standing 499 317 36 82 moving 542 309 45 110 standing 531 347 47 173 blocking 623 322 64 102 standing 798 337 72 88 waiting 873 352 65 113 digging 951 449 62 115 standing
21750.jpg l-spike 1095 371 63 109 standing 917 299 37 86 waiting 827 385 84 114 digging 694 386 56 118 waiting 609 227 34 158 blocking 608 203 28 154 blocking 548 314 53 107 waiting 479 201 70 112 spiking 413 285 51 100 waiting 424 325 58 98 waiting 271 344 60 112 standing 290 452 81 107 waiting
74455.jpg r-pass 69 425 60 114 standing 263 366 47 106 standing 346 378 42 110 standing 494 426 58 119 waiting 487 358 30 96 standing 512 365 36 105 digging 622 360 51 93 standing 715 294 33 93 standing 718 337 78 91 standing 877 350 51 92 standing 920 390 44 91 standing 950 459 54 74 falling
17280.jpg l_set 236 400 78 121 standing 389 298 51 125 standing 299 287 42 111 standing 434 263 49 115 setting 469 245 78 84 moving 560 295 55 122 standing 727 325 35 128 standing 732 289 41 117 standing 733 247 35 66 standing 1022 270 53 104 digging 1114 368 41 130 standing 1152 314 47 123 waiting
21765.jpg r-pass 1033 366 52 106 waiting 838 287 38 99 digging 808 379 71 125 waiting 681 380 83 130 standing 538 252 51 119 digging 481 317 49 103 waiting 444 254 47 99 moving 356 330 55 104 waiting 350 282 42 103 standing 214 432 83 122 waiting 206 338 52 110 waiting
17090.jpg r_set 289 383 53 127 standing 117 340 72 113 moving 280 290 54 86 waiting 590 375 43 130 standing 585 334 42 123 standing 581 303 57 81 standing 792 364 50 114 setting 819 323 61 116 standing 996 440 71 144 standing 1014 321 78 102 moving 985 292 44 92 waiting 1011 236 70 112 standing
6445.jpg r_spike 871 338 58 120 standing 854 432 89 113 moving 785 329 59 100 waiting 641 301 63 108 standing 529 276 45 135 spiking 531 445 60 144 standing 451 327 47 124 standing 390 300 47 97 standing 377 355 50 117 standing 358 447 81 135 standing 280 408 49 123 standing 267 335 43 110 waiting
30535.jpg r_spike 1026 279 60 107 standing 932 400 79 139 moving 902 355 43 112 moving 750 332 71 112 standing 683 300 63 120 standing 710 200 49 128 spiking 537 332 63 96 standing 316 425 87 107 waiting 286 284 71 90 moving 120 393 63 126 waiting 620 243 38 145 blocking 628 215 38 134 blocking
5525.jpg l_set 186 462 114 133 moving 362 371 65 95 moving 423 326 51 111 standing 440 270 91 93 moving 558 352 51 154 setting 540 371 46 116 standing 742 399 44 130 standing 736 326 48 125 standing 716 310 70 74 standing 989 312 44 98 standing 1074 413 76 107 waiting 1102 360 56 116 digging
17415.jpg r_spike 957 257 60 103 standing 896 238 67 103 moving 855 458 77 140 standing 812 344 86 155 spiking 852 335 51 120 moving 773 305 54 117 standing 730 324 43 162 blocking 721 330 35 152 blocking 650 282 48 102 moving 351 403 75 120 waiting 376 271 54 96 moving 216 336 53 103 waiting
30435.jpg l-spike 1126 338 83 99 waiting 953 313 55 97 waiting 981 424 75 111 waiting 678 255 26 134 blocking 668 220 38 145 blocking 674 210 38 139 blocking 600 320 57 92 digging 499 298 54 106 standing 472 338 57 92 waiting 514 200 61 114 spiking 384 307 54 114 standing 327 387 66 114 waiting
6350.jpg l-pass 1152 350 39 130 standing 1058 398 52 104 waiting 1061 327 75 105 standing 770 382 40 130 standing 766 348 41 132 standing 755 318 65 124 standing 669 372 48 130 standing 312 384 62 121 standing 162 427 54 143 standing 454 381 55 128 standing 466 349 51 119 digging 476 286 43 106 standing
37350.jpg r_winpoint 1012 374 45 115 standing 908 362 38 124 standing 858 376 55 118 standing 814 367 77 126 standing 813 374 46 109 standing 810 345 64 121 standing 491 439 42 138 standing 472 399 60 129 standing 463 332 62 117 standing 266 400 54 133 standing 248 414 51 116 standing 201 355 40 118 standing
39705.jpg l_winpoint 1089 294 41 116 standing 1047 334 48 113 standing 928 306 49 106 standing 777 379 59 125 standing 756 329 51 120 standing 684 307 39 126 standing 308 417 74 139 standing 309 338 71 125 standing 352 370 66 119 standing 365 363 65 121 standing 391 357 47 116 standing 376 347 64 118 standing
40260.jpg r_winpoint 842 394 44 139 standing 852 368 44 117 standing 790 333 41 117 standing 766 338 37 125 standing 775 295 39 118 standing 659 340 67 109 standing 439 348 43 123 standing 384 377 70 127 standing 406 319 54 117 standing 146 324 50 109 standing 84 404 40 132 standing 77 403 33 106 standing
35235.jpg l_winpoint 857 419 53 122 standing 692 294 52 107 standing 555 378 51 127 standing 536 408 36 136 standing 506 417 30 150 standing 360 340 73 141 jumping 350 345 71 112 standing 372 323 40 118 standing 314 383 51 109 standing 251 401 77 128 standing 211 415 56 131 standing 972 328 41 112 standing
51150.jpg r_winpoint 1165 350 62 119 standing 1159 303 65 112 standing 1062 349 71 139 standing 1029 330 57 108 standing 994 333 61 129 standing 1004 308 55 123 standing 811 420 47 134 standing 810 383 51 134 standing 645 422 59 143 standing 526 378 70 142 standing 402 333 47 121 standing 392 363 59 60 falling
51855.jpg r_winpoint 1089 324 59 117 standing 1046 364 69 117 standing 983 312 69 124 standing 898 366 48 123 standing 893 337 70 110 standing 855 338 79 119 standing 564 370 69 116 standing 549 288 42 126 standing 402 298 42 118 standing 332 331 44 118 standing 321 382 28 118 standing 261 419 48 155 standing
38280.jpg l_winpoint 1096 419 83 44 falling 907 350 59 128 standing 888 326 60 110 standing 720 367 66 117 standing 659 353 73 123 standing 620 345 38 131 standing 527 318 30 106 standing 500 353 34 125 standing 446 327 57 114 standing 422 404 80 112 standing 395 364 38 124 standing 398 332 47 122 standing
30585.jpg r_winpoint 948 302 61 102 standing 881 353 47 136 standing 889 306 44 110 standing 807 318 42 116 standing 815 293 62 107 standing 758 286 66 124 standing 665 258 30 116 standing 565 245 76 92 standing 550 304 88 36 falling 553 319 72 103 standing 420 357 57 135 standing 236 334 61 131 standing
31425.jpg r_winpoint 989 303 70 126 standing 804 352 45 135 standing 800 326 49 114 standing 744 350 45 132 standing 728 333 68 134 standing 739 313 37 123 standing 586 426 64 133 standing 507 384 62 138 standing 489 311 38 118 standing 278 448 67 108 falling 323 301 54 128 standing 239 328 58 116 standing
41730.jpg r_winpoint 895 401 36 120 standing 803 377 66 127 standing 758 429 57 111 standing 709 443 53 139 standing 735 379 41 137 standing 744 346 42 134 standing 580 437 45 146 standing 507 396 51 136 standing 425 339 52 112 standing 394 330 40 113 standing 305 421 56 134 standing 304 338 40 130 standing
33270.jpg l_winpoint 1017 375 44 146 standing 1016 307 40 146 standing 801 434 63 158 standing 701 479 63 138 standing 872 351 41 105 standing 354 384 65 108 standing 436 357 28 132 standing 456 368 72 130 standing 502 348 48 140 standing 445 350 62 119 standing 492 365 38 111 standing 837 336 49 110 standing
