28640.jpg l_set 917 377 62 129 moving 971 489 58 129 waiting 1119 432 65 128 waiting 657 455 58 150 standing 646 415 28 131 blocking 645 379 47 120 standing 496 379 37 169 setting 534 388 58 120 standing 319 343 88 111 moving 152 422 69 141 moving 142 376 58 141 standing 236 503 97 167 standing
4675.jpg r_set 1100 400 116 154 moving 953 554 105 162 moving 833 377 65 122 standing 777 349 65 123 moving 734 441 63 145 standing 676 344 60 178 setting 558 426 48 175 standing 580 373 44 156 standing 515 380 43 154 standing 329 354 66 120 standing 286 462 105 130 waiting 60 415 71 161 waiting
32345.jpg r_spike 605 412 50 168 blocking 590 443 43 147 standing 873 435 54 111 standing 745 362 49 119 standing 795 397 45 109 digging 744 448 78 135 standing 684 413 52 111 standing 670 407 62 184 spiking 506 377 41 109 standing 421 408 50 98 standing 271 458 84 148 moving 142 431 60 129 standing
27670.jpg l-spike 1093 433 67 122 standing 1002 508 88 131 digging 877 375 86 120 standing 723 395 73 109 standing 616 411 37 195 blocking 411 404 56 186 spiking 517 435 48 143 standing 449 364 52 116 standing 244 463 79 116 standing 149 415 73 144 standing 311 393 73 129 standing
36300.jpg r_set 1004 532 114 171 moving 972 454 77 77 falling 878 382 77 112 moving 794 355 58 94 moving 694 412 56 128 standing 595 351 52 156 setting 490 472 60 146 standing 516 419 50 143 standing 516 388 41 124 standing 291 404 60 99 standing 182 459 77 163 standing 38 417 65 146 standing
1810.jpg l_set 543 357 53 94 moving 686 376 37 144 standing 400 379 59 109 standing 285 497 94 172 moving 284 401 50 181 setting 231 409 55 134 standing 803 437 30 148 standing 811 414 37 140 standing 795 381 43 119 standing 1044 467 52 135 standing 1021 393 76 125 standing 1072 387 33 135 standing
1755.jpg r_spike 1029 396 67 125 standing 990 454 90 74 falling 938 449 54 113 standing 877 492 49 141 standing 824 337 49 133 spiking 748 420 49 110 standing 671 326 38 178 blocking 469 470 107 144 standing 316 495 58 128 standing 195 475 72 102 waiting 294 397 77 96 moving
27525.jpg r_set 991 392 74 133 standing 893 384 58 149 setting 905 472 51 132 standing 893 550 104 165 moving 690 454 51 149 standing 815 356 44 104 standing 464 443 46 165 standing 480 406 53 165 blocking 461 394 46 126 standing 190 463 58 147 standing 106 390 81 109 moving 35 434 63 147 standing
27585.jpg l-pass 1020 399 54 141 standing 896 485 43 161 standing 822 426 67 131 standing 751 470 45 161 standing 754 448 82 139 standing 741 394 52 120 standing 622 469 60 169 standing 622 460 73 156 standing 623 454 71 150 standing 478 379 67 116 digging 289 463 94 124 moving 192 389 58 114 standing
27630.jpg l_set 983 472 92 139 standing 919 374 41 119 standing 679 439 59 149 standing 684 407 29 133 standing 676 388 51 86 standing 583 411 45 150 standing 438 383 49 106 standing 383 374 54 80 moving 299 421 64 136 setting 228 495 97 164 moving 153 401 86 134 moving 1070 413 70 131 standing
33255.jpg r_spike 929 436 79 133 standing 889 311 67 162 spiking 839 343 45 128 standing 754 317 67 140 standing 769 433 74 161 standing 647 356 52 105 standing 561 346 45 185 blocking 488 438 62 146 standing 499 341 52 137 standing 67 445 93 171 standing 81 407 67 155 standing 124 367 65 131 standing
33175.jpg l-spike 410 262 78 157 spiking 525 269 70 164 blocking 691 427 80 135 moving 806 435 66 122 standing 748 351 53 119 standing 1037 404 75 116 standing 453 420 49 145 standing 150 421 106 127 moving 168 382 43 150 standing 296 352 55 102 standing 250 470 60 161 standing
24215.jpg r-pass 878 402 44 132 standing 678 480 109 97 falling 694 478 100 87 falling 671 402 90 116 moving 505 378 42 112 standing 506 346 41 95 standing 397 444 42 165 standing 417 386 46 138 standing 448 364 32 142 standing 250 375 53 124 standing 216 442 52 127 standing 123 387 65 122 standing
15240.jpg l_set 1129 412 48 148 standing 1002 483 71 156 standing 847 383 90 122 standing 626 463 50 161 standing 619 411 47 146 blocking 631 374 43 126 standing 491 368 67 158 setting 411 455 56 146 standing 266 379 62 126 standing 157 456 80 167 standing 128 403 62 141 standing 318 330 58 113 moving
27475.jpg r-pass 1029 436 84 124 digging 690 399 90 95 standing 800 394 87 104 standing 866 493 63 120 standing 564 453 60 175 blocking 458 429 77 128 standing 466 494 67 160 standing 394 451 78 136 standing 440 370 44 127 standing 309 431 62 115 standing 191 455 76 158 standing
4640.jpg r_set 745 334 56 148 setting 791 378 60 126 standing 790 423 52 144 standing 737 380 58 139 standing 844 475 54 154 standing 1098 378 67 137 standing 656 345 35 143 standing 600 328 45 124 standing 468 350 67 126 standing 459 455 77 182 standing 193 409 60 143 standing 407 448 84 120 standing
24115.jpg l-pass 1140 411 66 125 moving 949 401 38 119 standing 763 403 32 117 standing 727 435 44 148 blocking 490 491 72 133 standing 491 353 38 117 standing 494 420 60 131 standing 336 403 44 111 standing 203 452 46 127 digging 733 404 41 147 blocking 1041 493 48 114 standing 180 460 66 111 standing
32395.jpg r_set 141 432 58 128 standing 265 455 79 148 standing 369 403 44 119 standing 651 416 40 133 standing 719 392 48 144 setting 542 482 44 144 standing 555 430 41 131 standing 553 392 43 125 standing 860 358 43 99 moving 911 426 41 119 standing 819 500 77 153 standing 809 440 38 145 standing
4585.jpg r_set 954 423 65 148 standing 870 388 75 130 standing 833 342 76 115 moving 856 533 79 162 moving 703 390 55 200 setting 619 328 48 185 setting 538 432 59 157 standing 537 417 46 157 standing 536 376 41 116 standing 157 469 67 160 standing 264 359 62 123 standing 54 440 71 129 waiting
46670.jpg r-pass 905 361 51 153 setting 959 453 77 136 standing 776 506 49 154 standing 765 413 48 113 standing 721 381 77 113 moving 619 394 55 133 standing 498 372 55 127 standing 508 425 48 150 standing 466 467 54 175 standing 344 476 85 147 standing 347 399 46 96 standing 75 431 44 154 standing
1900.jpg r-pass 941 537 92 164 moving 988 484 65 117 standing 1038 418 77 135 standing 690 391 81 121 digging 649 370 62 105 standing 578 404 72 109 digging 461 445 35 167 standing 499 411 41 159 standing 471 388 40 136 standing 192 465 59 144 standing 226 391 74 109 moving 6 427 59 147 standing
46500.jpg l-pass 1074 440 70 133 standing 865 439 72 77 falling 779 396 60 145 standing 712 459 52 159 standing 706 379 45 91 standing 692 444 41 147 standing 147 445 61 137 standing 291 442 47 153 setting 449 351 51 128 standing 392 417 76 111 standing 555 397 44 133 standing 520 463 99 147 moving
36425.jpg l-spike 1062 439 68 118 standing 844 472 68 122 standing 719 453 79 126 standing 732 395 57 104 digging 551 319 44 146 blocking 427 319 103 132 spiking 424 432 60 134 standing 366 404 50 115 standing 295 420 40 128 standing 247 400 53 121 standing 84 457 76 159 standing
1725.jpg r_set 1086 487 91 109 moving 1047 422 66 117 standing 856 375 43 107 standing 798 392 52 140 setting 756 448 66 125 standing 561 458 39 144 standing 585 434 39 136 standing 561 416 44 106 standing 341 405 38 97 standing 238 488 54 130 standing 140 458 55 123 standing 1021 560 87 157 moving
36435.jpg l-pass 997 423 73 126 moving 796 459 56 131 standing 667 460 92 118 moving 661 404 45 111 standing 498 353 26 139 blocking 454 380 39 129 standing 361 422 56 135 standing 314 418 77 90 digging 247 428 45 126 standing 188 404 47 116 digging 41 441 73 161 standing 506 354 65 133 blocking
36515.jpg l-spike 1138 417 67 111 waiting 1051 501 73 131 digging 800 375 65 114 standing 623 362 48 210 blocking 512 363 43 109 standing 503 423 73 118 standing 498 422 54 97 standing 261 371 60 192 spiking 311 434 35 137 standing 352 380 56 124 moving 1014 388 83 105 digging
32520.jpg l-spike 1016 424 82 106 standing 901 458 82 120 standing 905 388 81 102 moving 641 446 109 109 standing 618 362 43 126 blocking 618 311 32 147 blocking 557 391 39 117 standing 489 307 60 110 spiking 477 465 68 144 standing 394 384 47 105 standing 360 405 61 141 standing 216 459 68 168 standing
28565.jpg r_spike 810 412 60 139 standing 750 403 64 103 standing 638 349 86 99 moving 548 357 77 126 spiking 549 372 80 133 standing 423 374 41 192 blocking 176 372 71 116 standing 14 481 107 143 moving 733 497 58 169 standing
27320.jpg r_set 907 441 92 129 digging 1008 518 105 77 falling 946 535 76 145 moving 817 395 41 76 moving 819 427 67 119 standing 708 449 37 142 standing 547 405 42 160 standing 532 469 40 159 standing 329 475 78 133 standing 313 409 46 111 standing 130 434 52 142 standing
33220.jpg r-pass 916 375 53 138 standing 843 417 45 138 standing 673 352 69 127 standing 643 320 53 112 standing 582 395 50 68 falling 751 407 76 155 digging 479 348 35 138 standing 449 389 48 146 standing 359 454 77 145 standing 265 367 41 141 moving 175 370 71 126 standing 54 410 64 170 standing
46395.jpg r-pass 1057 453 54 128 digging 1014 472 69 118 digging 955 389 56 116 standing 821 383 54 122 standing 747 360 52 109 standing 643 392 58 124 standing 527 439 37 158 standing 461 434 37 156 standing 510 416 33 133 standing 373 400 50 105 standing 264 440 60 126 standing 23 432 54 161 standing
24155.jpg l_set 1161 447 71 127 standing 1058 498 63 122 standing 987 394 46 117 standing 727 443 52 159 blocking 730 404 38 140 blocking 730 394 52 124 standing 542 406 51 128 standing 522 389 60 156 setting 494 340 49 107 standing 366 389 35 125 standing 122 510 120 161 moving 166 446 86 125 moving
15165.jpg l-spike 1108 402 54 135 standing 1011 460 58 141 standing 904 368 88 107 moving 688 443 97 126 standing 571 335 39 163 blocking 576 338 33 150 blocking 482 398 60 131 standing 327 314 88 111 spiking 231 396 80 116 standing 197 433 65 154 moving 83 381 43 148 standing 391 570 69 150 standing
27260.jpg l_set 1003 479 57 92 standing 952 515 58 110 standing 890 419 32 102 standing 688 477 40 130 standing 679 438 35 131 blocking 680 421 46 106 standing 619 410 38 148 setting 548 456 49 114 standing 419 399 51 82 moving 337 511 86 137 moving 305 500 66 103 standing 221 464 52 128 standing
46435.jpg r_spike 1255 437 25 103 standing 925 391 40 133 standing 864 515 72 155 standing 665 411 64 163 jumping 764 359 58 110 moving 587 342 66 189 spiking 505 446 57 199 standing 525 349 55 176 blocking 326 402 55 110 standing 153 480 70 144 standing 19 432 58 137 standing
46450.jpg r-pass 1226 437 49 112 standing 842 439 107 99 digging 735 411 72 80 falling 680 502 114 122 standing 665 394 84 162 jumping 637 417 47 145 standing 556 450 60 150 standing 557 403 51 148 standing 565 385 43 114 standing 391 400 54 114 standing 228 483 68 137 standing 90 411 59 154 standing
28605.jpg l-pass 1015 409 70 152 standing 939 419 45 133 standing 894 362 43 139 standing 711 436 47 162 standing 680 388 39 150 standing 690 356 43 131 standing 518 436 94 135 moving 517 376 62 133 standing 383 441 58 145 standing 423 325 50 117 standing 278 317 62 176 setting 70 395 88 152 standing
36470.jpg l_set 458 351 61 120 standing 440 402 75 116 moving 635 427 60 151 standing 629 384 35 125 standing 627 354 35 122 standing 901 452 48 123 standing 1016 378 52 145 standing 783 383 54 114 standing 233 388 48 136 standing 328 426 79 46 falling 10 466 97 164 moving 515 403 55 141 standing
27730.jpg r_set 954 384 44 148 setting 947 475 85 148 standing 783 518 92 169 moving 712 363 53 99 standing 903 381 60 120 standing 601 462 53 159 standing 425 417 29 150 standing 418 401 32 142 standing 387 442 38 154 standing 114 385 30 119 standing 57 467 60 146 standing
24285.jpg r_spike 1028 374 70 133 digging 973 373 58 133 standing 881 405 56 119 digging 869 455 67 152 standing 756 399 72 106 standing 804 280 47 152 spiking 683 275 44 190 blocking 699 278 39 179 blocking 581 426 112 124 standing 302 456 100 142 moving 259 382 84 117 standing 116 427 81 152 standing
24345.jpg r_set 1074 406 105 135 moving 941 439 64 143 standing 758 460 75 169 standing 809 330 58 109 standing 708 311 54 169 setting 656 359 43 118 standing 543 415 50 160 standing 577 351 43 167 blocking 566 336 33 143 standing 269 450 77 137 standing 258 361 37 118 standing 137 407 56 146 standing
32455.jpg l-pass 937 426 69 126 standing 954 404 43 101 standing 842 373 39 112 standing 756 427 64 133 standing 743 400 35 122 standing 742 356 50 94 standing 624 363 43 92 moving 667 350 43 101 moving 539 436 60 124 standing 356 371 43 101 standing 241 376 47 169 setting 106 440 80 143 standing
46550.jpg l_set 1098 397 58 147 standing 994 474 54 136 standing 914 365 56 118 standing 659 439 39 134 standing 658 414 51 137 standing 652 370 62 123 standing 571 398 50 150 standing 427 431 55 136 digging 325 335 53 103 moving 75 419 48 145 standing 191 474 67 143 standing 189 494 97 170 moving
27360.jpg r_spike 940 470 80 120 moving 827 426 97 167 standing 847 423 58 136 standing 771 418 72 134 standing 724 441 79 128 standing 727 388 44 119 standing 594 445 41 164 standing 595 395 49 216 blocking 323 382 46 99 standing 164 471 106 137 moving 57 407 79 113 standing
27460.jpg l-spike 1046 451 61 116 standing 937 513 123 122 moving 848 376 37 125 standing 685 401 74 111 standing 594 418 41 213 blocking 577 398 61 199 blocking 497 440 54 141 standing 494 428 43 130 standing 419 436 60 178 spiking 455 373 43 114 moving 332 426 57 116 standing 266 445 55 123 standing
27680.jpg r-pass 1064 436 79 122 waiting 1027 504 65 135 standing 884 399 75 103 digging 674 412 92 97 standing 566 389 79 199 blocking 563 386 30 186 blocking 416 440 88 182 jumping 454 462 105 126 standing 441 377 43 118 standing 316 426 71 116 standing 251 479 62 120 waiting 84 418 58 148 standing
33200.jpg r-pass 66 389 50 152 standing 197 391 56 120 standing 247 464 73 148 moving 299 348 50 122 standing 411 387 45 143 standing 451 334 35 126 standing 952 369 67 129 moving 766 414 64 126 standing 710 410 60 131 standing 637 354 41 109 standing 524 328 64 118 digging 524 393 62 67 falling
23355.jpg l-pass 1125 412 39 137 standing 1027 510 62 105 waiting 961 417 58 105 waiting 721 432 43 161 blocking 725 410 43 141 blocking 736 398 41 105 standing 573 477 62 122 standing 424 432 79 111 moving 475 342 37 116 standing 307 389 50 118 standing 191 495 60 154 standing
4610.jpg r_spike 1045 386 58 141 standing 914 374 50 118 digging 782 279 56 129 spiking 756 458 60 167 standing 724 446 62 146 standing 745 397 47 129 standing 658 288 45 180 blocking 660 265 62 167 blocking 556 437 75 173 standing 472 352 67 111 digging 285 449 88 146 standing 161 425 73 133 waiting
15120.jpg l_set 1211 406 65 148 standing 1096 497 84 137 standing 981 370 60 124 standing 731 442 45 161 standing 722 396 35 156 standing 723 370 28 99 standing 535 509 92 171 digging 478 421 88 158 standing 357 372 58 131 standing 348 311 58 122 standing 165 378 73 154 standing 1 472 82 171 standing
27230.jpg l-pass 1112 487 84 116 moving 982 455 39 105 standing 830 429 39 103 standing 692 462 37 118 standing 677 432 41 126 blocking 690 419 39 122 standing 595 476 47 112 standing 299 502 50 73 falling 359 516 80 137 standing 410 405 32 96 standing 226 489 62 120 standing 403 478 43 124 standing
27395.jpg l-pass 997 416 55 132 standing 993 464 45 139 standing 849 495 79 160 standing 839 382 45 142 standing 704 418 60 138 standing 711 393 63 125 standing 517 473 108 159 standing 581 437 57 161 standing 598 422 51 141 standing 456 414 68 101 digging 310 454 98 133 standing 149 389 54 132 standing
1945.jpg l-pass 1048 462 46 130 standing 850 418 80 115 standing 822 448 36 157 standing 854 377 45 79 standing 760 388 46 129 moving 802 362 39 114 standing 688 380 42 164 blocking 568 442 76 160 standing 185 436 60 120 standing 342 388 71 117 standing 341 406 49 182 setting
32495.jpg l_set 1054 417 51 128 standing 966 468 51 128 standing 895 400 57 103 standing 678 418 46 161 blocking 676 406 37 127 standing 685 365 36 110 standing 548 395 51 156 setting 410 349 70 88 moving 358 383 64 109 moving 254 421 57 113 moving 45 467 111 154 moving 565 390 61 103 standing
24190.jpg l-spike 460 284 47 164 spiking 488 399 55 132 standing 561 294 35 175 blocking 762 465 65 125 standing 1049 421 67 122 standing 878 472 85 120 standing 847 375 51 112 standing 363 477 93 160 moving 336 377 36 119 standing 327 428 47 127 standing 176 420 58 110 standing
33140.jpg l_set 1061 416 60 135 standing 987 483 54 129 standing 901 400 62 107 waiting 652 460 47 156 standing 655 408 45 101 blocking 673 380 33 116 standing 478 400 45 169 setting 398 449 62 150 moving 282 347 82 101 moving 201 463 62 139 standing 169 406 67 103 falling 179 382 67 105 moving
15195.jpg l-pass 1071 392 41 146 standing 968 451 76 149 standing 890 366 67 114 moving 549 425 105 142 moving 513 372 44 126 standing 519 357 44 121 standing 399 391 76 137 standing 368 492 60 147 standing 234 335 81 137 standing 220 384 56 130 digging 159 419 58 135 standing
4545.jpg r-pass 984 493 60 140 standing 978 451 67 116 digging 990 416 42 133 standing 864 467 60 144 standing 833 380 39 109 standing 658 419 56 121 standing 553 417 37 130 standing 521 431 39 146 standing 516 405 41 125 standing 340 440 51 126 standing 228 422 44 140 standing
28665.jpg l-spike 968 410 67 113 standing 823 448 81 120 standing 748 357 43 126 standing 669 459 94 127 standing 518 280 43 194 blocking 468 377 32 127 standing 352 408 54 136 standing 381 287 60 132 spiking 267 462 88 180 standing 188 367 82 129 standing 208 408 56 139 standing
32425.jpg r_spike 902 436 67 111 standing 874 413 47 80 digging 788 474 45 158 moving 666 431 88 109 standing 706 401 39 107 standing 726 320 43 116 spiking 469 480 97 114 standing 287 399 50 88 waiting 162 470 86 131 standing 112 466 62 114 standing 604 342 29 159 waiting
27290.jpg r-pass 970 479 35 98 digging 950 511 79 104 falling 854 414 93 96 moving 727 485 49 120 standing 678 411 90 100 standing 613 437 47 107 standing 528 424 58 122 standing 491 383 47 117 standing 473 458 54 130 standing 474 478 58 157 standing 360 447 39 131 standing 217 430 39 132 standing
23420.jpg r-pass 894 434 43 125 standing 823 372 70 107 moving 765 435 69 136 standing 703 355 104 102 digging 606 390 65 127 standing 552 370 57 125 moving 474 367 35 142 standing 427 333 40 134 standing 386 451 89 155 moving 289 418 46 141 standing 205 372 50 140 standing 150 364 32 128 standing
23370.jpg l_set 515 402 53 162 setting 497 406 67 128 jumping 472 334 47 99 standing 313 390 58 113 standing 197 457 64 112 standing 156 522 126 156 moving 711 410 54 147 blocking 709 440 49 147 blocking 712 380 53 107 standing 1134 431 47 140 standing 973 392 40 114 standing 1031 507 70 107 waiting
46590.jpg l-spike 1084 431 65 135 standing 920 496 69 141 standing 864 376 46 135 standing 670 393 48 127 standing 579 387 53 207 blocking 587 365 47 225 blocking 423 382 124 209 spiking 486 435 78 149 standing 426 368 46 113 moving 348 455 44 152 standing 364 439 54 134 standing 30 457 61 156 standing
28520.jpg r-pass 792 422 49 138 digging 851 462 49 130 standing 776 410 29 92 standing 630 373 41 105 standing 652 452 57 137 standing 456 407 46 121 standing 352 401 15 110 standing 359 422 32 127 standing 337 429 40 141 standing 142 438 49 123 standing 28 425 46 134 standing
36420.jpg l-spike 1082 433 68 114 standing 871 464 75 122 standing 777 387 69 110 moving 736 450 83 127 moving 576 325 35 144 blocking 576 322 35 144 blocking 439 311 65 133 spiking 451 427 60 136 standing 386 406 60 122 moving 315 414 38 130 standing 271 399 49 111 standing 92 456 75 161 moving
1930.jpg r_spike 797 475 62 163 moving 888 344 60 169 spiking 970 471 86 137 moving 731 360 56 120 standing 668 386 77 126 standing 662 379 35 114 standing 49 447 64 129 standing 226 377 75 105 standing 216 470 65 128 standing 534 446 82 152 standing 594 396 35 156 blocking 597 361 39 175 blocking
1850.jpg l-spike 469 325 53 125 spiking 554 402 52 125 standing 430 450 59 161 standing 327 398 76 111 moving 181 418 57 110 standing 94 488 92 128 standing 642 309 35 181 blocking 1063 409 68 130 standing 986 373 51 116 standing 948 472 77 114 standing 856 465 86 135 standing
24250.jpg r_set 961 404 63 150 standing 848 349 60 111 moving 803 355 54 112 setting 795 456 70 147 standing 776 474 70 77 falling 652 374 51 136 standing 528 450 63 165 standing 558 390 54 184 standing 581 364 29 143 standing 186 449 71 148 standing 119 407 97 142 moving 154 382 50 117 standing
23385.jpg l-spike 1105 427 56 116 standing 1005 487 69 116 digging 969 367 56 116 standing 701 440 82 129 standing 682 335 45 175 blocking 686 332 45 133 blocking 532 328 73 161 spiking 490 316 41 116 standing 417 447 96 133 moving 362 373 54 124 standing 274 501 126 163 moving 230 424 80 120 moving
27435.jpg l_set 1063 429 72 131 standing 994 499 91 142 moving 892 382 47 117 standing 660 463 47 152 standing 636 440 36 145 standing 640 395 53 128 standing 531 406 74 170 setting 557 376 57 156 jumping 444 377 54 106 standing 389 399 53 120 standing 289 493 91 166 moving 175 414 64 135 moving
46625.jpg l-pass 1001 423 50 127 standing 829 481 47 151 standing 755 386 68 138 standing 627 406 44 135 standing 598 447 54 156 standing 582 477 50 165 standing 451 507 112 77 falling 416 485 63 172 standing 372 368 58 116 standing 362 433 58 131 standing 326 471 53 148 standing 14 447 58 168 standing
33275.jpg l-pass 995 439 73 111 waiting 1004 373 48 131 standing 965 358 60 114 standing 812 433 48 152 standing 840 354 65 129 standing 764 370 43 135 standing 628 427 73 143 standing 699 374 37 131 standing 543 325 58 120 moving 289 381 65 114 standing 193 435 56 158 standing
36340.jpg l-pass 1041 440 65 103 waiting 837 446 67 139 standing 727 460 88 154 standing 814 384 62 111 standing 774 358 56 118 standing 752 432 56 126 standing 623 443 56 176 standing 675 427 37 186 standing 502 367 82 103 standing 360 398 101 92 standing 202 419 84 112 digging 122 444 67 161 standing
32280.jpg r-pass 983 489 72 123 digging 1016 472 47 105 standing 900 408 47 101 standing 792 456 56 115 standing 655 434 57 102 standing 897 539 67 142 standing 560 468 32 126 standing 509 499 47 117 standing 485 456 53 106 moving 392 443 36 102 standing 229 445 38 117 standing 0 473 52 132 standing
28555.jpg r_set 509 338 51 159 setting 559 420 50 125 standing 654 357 82 92 moving 738 399 73 104 standing 795 510 92 157 moving 837 417 63 133 standing 83 376 65 119 standing 27 464 54 149 standing 380 417 52 153 standing 383 409 42 127 standing 389 382 47 133 standing
36325.jpg r_spike 774 430 107 175 spiking 829 424 45 120 standing 707 384 71 116 digging 762 328 54 124 standing 670 419 45 118 standing 528 362 39 112 standing 362 403 90 94 standing 168 448 80 156 standing 130 418 65 129 standing 605 420 43 220 blocking 1021 420 52 107 standing
1870.jpg r-pass 975 412 69 130 standing 870 426 60 145 setting 865 385 66 97 moving 771 481 70 131 standing 506 386 40 119 standing 417 396 64 137 standing 345 444 53 157 standing 362 373 35 118 standing 279 403 41 117 standing 107 475 63 138 standing 36 405 53 131 standing
32430.jpg r_spike 904 424 65 118 standing 873 401 41 99 digging 784 457 54 144 standing 683 431 77 103 standing 710 394 54 96 standing 698 326 58 101 spiking 596 314 54 156 blocking 598 308 54 131 blocking 448 469 84 103 waiting 304 387 52 97 digging 150 460 56 141 standing 124 449 56 118 standing
23465.jpg r_set 984 528 67 154 standing 964 452 79 131 moving 856 355 62 184 setting 782 344 48 99 standing 807 357 75 137 standing 697 412 50 148 standing 528 459 62 160 standing 542 402 48 158 standing 544 355 50 129 standing 206 451 71 137 standing 224 363 65 97 standing 39 410 75 128 standing
32355.jpg r-pass 889 442 52 107 waiting 838 407 60 107 standing 778 375 67 103 standing 750 470 72 123 digging 682 476 105 141 standing 699 433 50 109 standing 620 478 50 130 standing 569 451 58 150 standing 464 431 72 105 standing 511 387 38 110 moving 366 456 105 150 moving 147 436 61 132 standing
1990.jpg l_set 1135 426 61 139 standing 1076 488 57 136 standing 1017 380 44 115 standing 755 446 29 139 standing 764 419 37 142 standing 741 393 61 130 standing 643 404 58 149 standing 474 417 49 131 digging 503 358 46 115 standing 280 493 92 172 moving 332 473 78 142 standing 207 434 51 139 standing
27270.jpg l-spike 1001 474 60 96 waiting 957 523 60 105 digging 901 414 45 97 digging 674 494 64 122 standing 672 393 39 161 blocking 688 417 37 105 standing 568 394 39 129 spiking 597 467 58 105 standing 402 500 69 143 moving 341 479 58 109 standing 253 458 54 122 standing 462 390 56 94 moving
1770.jpg l-pass 1008 473 120 50 falling 1031 384 37 109 standing 931 451 52 97 waiting 837 463 48 124 standing 771 404 67 111 standing 827 364 45 118 standing 710 352 41 143 blocking 710 352 50 143 blocking 464 465 60 148 standing 358 470 77 124 standing 403 369 48 124 setting 274 447 58 126 standing
36380.jpg l_set 730 355 54 123 standing 735 400 39 117 standing 733 419 35 141 standing 959 383 46 119 standing 1067 439 42 134 standing 993 413 79 123 standing 528 463 54 142 standing 570 437 36 105 standing 539 412 35 128 digging 202 392 56 135 standing 85 447 56 159 standing 411 345 44 95 standing
27565.jpg r_spike 1044 431 88 129 standing 835 486 65 139 standing 798 435 67 122 standing 749 440 48 158 spiking 756 392 41 126 standing 710 446 77 146 standing 359 380 62 111 standing 172 466 99 137 moving 43 412 79 118 standing 590 391 69 210 blocking 598 380 58 203 blocking
33095.jpg l-pass 1123 383 60 129 moving 1007 482 62 109 standing 934 389 50 118 standing 719 429 39 139 standing 706 379 39 148 blocking 721 365 45 129 blocking 613 384 39 126 standing 443 382 58 118 moving 195 395 58 118 standing 61 420 64 154 standing 251 461 67 109 standing 325 360 47 118 digging
32310.jpg r_set 850 568 137 151 moving 957 460 46 132 standing 930 447 44 107 standing 640 385 49 135 setting 817 383 46 84 moving 534 501 49 128 standing 694 447 46 109 standing 553 442 39 107 standing 548 433 32 86 standing 331 426 46 88 waiting 136 476 52 144 standing 169 467 23 109 standing
46645.jpg l-spike 958 415 51 135 standing 891 468 44 149 standing 758 402 70 130 moving 612 475 56 139 standing 633 437 67 142 standing 645 397 65 123 standing 491 490 58 123 standing 377 491 79 191 standing 309 452 97 172 setting 383 412 53 137 standing 61 448 53 161 standing 409 360 48 128 standing
24310.jpg r-pass 211 405 85 146 standing 422 356 35 129 standing 472 439 65 135 standing 647 413 58 113 falling 690 319 50 135 standing 1076 368 80 137 standing 912 405 62 105 standing 944 350 74 135 standing 770 314 45 120 standing 758 406 58 80 falling 763 404 107 139 digging
36275.jpg r-pass 967 475 74 150 moving 904 455 74 71 falling 874 378 55 106 standing 771 383 49 114 standing 718 354 58 110 moving 583 406 46 106 waiting 442 454 37 127 standing 493 429 37 134 standing 501 374 40 144 blocking 319 405 41 106 standing 234 446 38 153 standing
23340.jpg l-pass 1081 408 58 103 moving 998 498 60 99 waiting 933 423 56 92 waiting 706 431 41 144 blocking 749 407 30 111 standing 712 408 39 135 blocking 493 466 52 128 standing 487 417 71 118 standing 319 401 47 105 standing 211 475 56 139 standing 466 356 33 105 standing
38640.jpg r_winpoint 283 383 68 144 standing 240 414 57 151 standing 112 434 54 149 standing 91 394 63 138 standing 17 417 60 158 standing 949 411 44 143 standing 896 349 48 169 jumping 586 382 53 141 standing 710 417 71 169 standing 612 445 70 147 standing 724 370 46 120 standing
34530.jpg l_winpoint 1051 505 79 187 standing 873 393 61 100 falling 1008 424 61 120 standing 739 370 66 136 standing 656 363 69 136 standing 371 420 68 147 standing 341 389 43 115 standing 311 430 70 143 standing 266 415 56 140 standing 207 414 79 148 standing 237 430 80 156 standing
36570.jpg l_winpoint 982 392 65 163 standing 797 537 139 66 falling 765 360 61 136 standing 669 370 73 157 standing 645 486 70 102 falling 592 440 51 174 standing 395 420 62 131 standing 373 384 99 137 standing 322 416 65 155 standing 260 390 78 182 standing 235 391 52 160 standing 294 373 54 157 standing
43845.jpg l_winpoint 977 406 39 130 standing 765 379 56 136 standing 778 521 87 91 falling 675 507 70 67 falling 730 534 79 106 falling 733 346 66 118 standing 542 358 73 163 standing 493 398 70 149 standing 490 444 53 166 standing 385 364 47 148 standing 257 398 89 143 standing 270 408 70 175 standing
40770.jpg l_winpoint 31 388 109 139 standing 61 383 71 119 standing 236 383 60 137 standing 298 333 31 125 standing 266 336 41 135 standing 346 384 54 127 standing 530 348 40 124 standing 575 331 55 118 standing 784 348 56 114 standing 718 417 56 149 standing 917 413 44 148 standing 1035 368 44 102 falling
39195.jpg r_winpoint 1167 395 65 184 jumping 1105 437 86 184 standing 1111 402 55 139 standing 957 439 66 167 standing 913 420 91 151 standing 921 383 52 152 standing 614 438 44 154 standing 392 414 75 159 standing 229 395 51 136 standing 205 459 54 183 standing 183 400 81 166 standing
33315.jpg r_winpoint 1200 391 79 159 standing 1137 358 70 136 standing 1052 428 132 149 standing 869 406 61 153 standing 814 395 71 152 standing 873 340 87 114 standing 600 432 85 145 standing 625 366 54 143 standing 502 314 36 130 standing 323 364 40 131 standing 141 434 38 181 standing 58 446 144 75 falling
43320.jpg l_winpoint 1019 465 51 152 standing 971 375 51 137 standing 929 370 39 119 standing 667 386 56 129 standing 645 443 51 151 standing 622 465 54 168 standing 448 397 52 150 standing 390 438 84 164 standing 444 362 42 145 standing 307 422 50 144 standing 291 414 43 142 standing 196 396 52 141 standing
