6235.jpg l-spike 395 313 59 107 digging 465 271 40 114 standing 550 171 37 138 spiking 563 290 48 126 standing 566 338 60 133 standing 538 402 68 146 moving 629 161 45 166 blocking 626 190 55 159 blocking 716 365 100 141 standing 908 396 68 121 waiting 989 319 69 108 waiting 987 255 55 102 standing
6095.jpg r-pass 1046 413 50 85 digging 967 416 71 132 digging 995 308 57 111 standing 792 334 73 122 standing 736 239 61 99 standing 627 313 55 93 standing 556 390 44 126 standing 566 324 53 117 blocking 517 310 50 132 standing 382 319 39 106 standing 238 323 46 118 standing 74 428 60 124 standing
7480.jpg r-pass 77 412 57 153 standing 163 332 53 128 standing 336 319 36 127 standing 527 288 49 140 standing 558 326 56 141 blocking 536 372 52 143 standing 626 293 63 114 standing 756 221 72 119 standing 855 298 55 142 standing 1040 293 65 128 standing 1026 374 73 122 digging 1016 419 60 149 standing
6130.jpg r_set 214 427 69 118 standing 201 355 55 117 waiting 350 305 56 100 standing 579 274 45 123 standing 585 330 52 141 blocking 584 418 45 137 standing 760 282 56 118 setting 767 327 50 142 standing 840 232 79 95 moving 983 344 80 123 moving 1051 376 47 119 standing 926 457 67 141 moving
16630.jpg l_set 1099 346 89 123 standing 960 411 61 130 standing 904 280 60 116 standing 719 290 52 106 standing 693 302 39 135 standing 686 357 46 131 standing 553 296 50 139 setting 482 318 53 114 moving 498 246 46 100 standing 391 303 47 109 standing 236 430 141 79 falling 137 449 120 124 moving
9765.jpg r-pass 928 372 67 131 standing 830 303 109 121 digging 776 234 42 78 falling 738 361 61 140 standing 709 385 56 119 standing 850 442 69 161 standing 536 320 59 137 standing 491 402 77 143 standing 502 237 58 157 standing 274 395 94 132 moving 191 322 63 153 standing 231 297 71 116 standing
9800.jpg l-pass 985 393 43 134 standing 845 273 64 125 standing 862 208 45 116 standing 707 292 43 122 standing 686 382 56 159 standing 665 336 41 149 standing 588 365 59 141 standing 450 469 73 108 digging 432 305 73 110 waiting 402 245 51 121 standing 281 314 53 113 standing 145 337 50 156 standing
6155.jpg r_spike 968 407 59 106 standing 894 310 55 118 standing 815 382 48 126 standing 736 387 91 155 spiking 712 365 49 125 standing 737 240 48 116 standing 610 344 51 185 blocking 596 348 57 157 blocking 527 279 49 104 standing 286 438 68 115 standing 273 311 69 100 standing 176 361 71 105 digging
7705.jpg r_set 579 413 47 156 standing 576 317 44 125 standing 569 260 45 132 standing 302 398 72 131 waiting 297 278 45 112 standing 139 372 69 123 waiting 687 319 67 193 standing 655 215 48 159 setting 784 207 96 118 moving 959 349 47 144 standing 1006 303 77 122 moving 907 478 85 163 moving
7605.jpg l_set 1009 412 55 135 standing 1046 337 55 137 standing 1032 264 80 113 standing 752 392 53 153 standing 737 312 51 139 standing 716 258 50 139 standing 651 388 54 160 standing 468 330 57 173 setting 365 497 115 140 moving 368 283 67 103 standing 373 227 73 88 moving 186 331 97 128 moving
15695.jpg r_set 108 321 58 125 standing 260 266 67 126 standing 180 400 71 139 standing 526 271 46 129 standing 531 354 52 136 standing 504 375 51 150 standing 734 230 45 160 setting 777 249 98 105 moving 882 343 66 90 standing 980 349 73 121 moving 957 390 58 154 standing 868 421 68 145 moving
15635.jpg l-spike 1162 352 70 136 standing 987 260 85 106 standing 974 414 71 131 waiting 623 290 67 117 standing 613 188 65 157 blocking 608 196 83 133 blocking 526 209 62 119 spiking 513 318 52 143 standing 520 302 67 121 standing 438 254 40 139 standing 361 311 53 124 standing 307 368 53 135 standing
16490.jpg l-spike 341 386 37 136 standing 335 306 41 137 standing 402 253 75 139 spiking 496 342 52 137 standing 546 313 42 121 standing 640 317 59 131 standing 644 282 54 100 standing 796 357 66 116 standing 988 294 51 106 waiting 967 403 56 134 waiting 1067 335 58 122 waiting
8585.jpg l-spike 1122 284 63 123 standing 1036 429 69 142 waiting 935 264 61 109 standing 706 256 50 113 standing 614 320 63 190 blocking 630 286 56 149 blocking 516 366 66 164 jumping 530 330 79 105 waiting 486 208 57 127 standing 368 369 60 133 standing 375 337 78 119 standing 397 291 57 115 digging
6260.jpg r-pass 334 271 53 144 standing 383 279 67 105 standing 474 297 52 117 standing 484 365 64 141 standing 530 326 60 137 standing 561 210 30 126 standing 606 231 61 124 standing 613 210 67 97 moving 776 356 72 135 standing 865 262 83 84 standing 887 374 83 114 moving 1035 355 77 80 falling
9690.jpg l-spike 1085 322 53 122 waiting 933 267 89 98 waiting 973 439 71 125 waiting 674 399 88 138 standing 628 221 53 171 blocking 493 224 80 127 spiking 391 304 63 120 standing 534 434 68 151 standing 530 380 54 156 standing 360 413 58 147 standing 353 326 47 130 standing
15535.jpg r-pass 348 368 53 137 standing 421 309 69 116 standing 432 272 48 124 standing 489 384 62 130 standing 543 323 51 133 standing 528 243 40 123 standing 627 248 41 123 standing 649 246 31 108 standing 731 298 67 111 moving 937 460 137 88 falling 987 262 46 109 standing 1084 342 77 102 waiting
16360.jpg l-pass 1051 383 62 146 moving 1049 364 61 116 waiting 923 306 45 134 standing 675 354 43 133 standing 662 332 40 123 standing 669 314 41 119 standing 549 383 66 103 waiting 422 306 68 105 standing 257 390 134 84 falling 303 418 57 118 standing 238 310 49 117 standing 5 450 46 151 standing
15450.jpg l-pass 273 412 72 132 standing 485 366 57 141 standing 377 317 86 125 standing 374 280 61 102 digging 510 251 65 106 moving 540 266 36 126 standing 680 273 45 123 standing 663 287 49 141 standing 659 322 52 141 standing 962 261 53 123 waiting 1058 332 69 126 standing 970 402 62 153 standing
16660.jpg l-spike 1007 469 90 112 waiting 1060 348 61 103 waiting 882 302 88 100 waiting 634 314 49 102 moving 574 337 61 188 blocking 582 310 49 175 blocking 485 373 52 126 standing 422 326 68 115 standing 479 280 39 108 standing 318 344 74 191 spiking 333 333 51 145 standing 225 377 59 142 standing
15515.jpg l-spike 365 404 67 134 standing 516 368 44 145 standing 449 313 46 114 standing 410 256 40 135 standing 528 197 61 125 spiking 552 316 52 137 standing 656 278 54 138 standing 626 209 56 157 blocking 628 193 36 154 blocking 958 256 57 108 digging 980 416 74 135 digging 1131 317 67 131 standing
9740.jpg r-pass 258 381 52 149 standing 252 317 76 146 standing 330 293 38 123 standing 532 283 40 136 standing 560 395 41 149 standing 560 333 52 144 standing 642 344 103 128 digging 678 329 63 118 digging 735 279 115 52 falling 907 440 75 168 standing 966 383 41 138 standing 996 282 53 128 standing
9665.jpg l_set 1111 346 72 115 waiting 994 267 49 118 standing 989 432 54 133 waiting 668 380 51 135 standing 655 319 52 113 standing 674 288 44 118 standing 481 401 55 143 standing 470 339 56 147 setting 338 445 98 150 moving 350 305 43 117 standing 322 261 80 105 moving 242 355 54 160 standing
7555.jpg r_spike 1082 286 89 111 moving 942 371 49 152 standing 785 408 84 172 spiking 770 401 56 118 standing 656 371 67 129 standing 702 226 51 137 standing 590 340 56 192 blocking 596 304 61 202 blocking 415 261 56 117 digging 325 414 57 131 standing 177 293 76 112 standing 24 369 64 122 standing
15410.jpg l_set 1150 342 70 134 waiting 1014 426 63 138 waiting 968 271 45 125 standing 676 343 54 142 standing 669 282 60 149 standing 691 274 48 123 standing 546 311 65 157 setting 568 282 62 117 standing 386 372 46 122 standing 281 315 133 110 moving 321 276 99 110 moving 62 448 132 141 moving
15730.jpg l-pass 1113 281 48 133 standing 951 285 60 101 waiting 964 401 67 136 waiting 875 427 61 165 standing 829 338 55 134 standing 765 256 47 125 moving 700 313 40 157 blocking 673 281 56 164 blocking 566 380 83 133 standing 178 466 85 81 digging 185 333 67 117 waiting 247 288 63 108 waiting
9710.jpg r-pass 287 384 62 152 standing 329 301 39 152 standing 397 293 44 128 standing 492 259 43 134 standing 524 412 66 145 standing 535 332 55 154 standing 577 267 43 121 standing 605 273 31 122 standing 759 345 66 150 standing 830 270 135 96 falling 933 396 75 133 standing 1006 271 72 117 waiting
16520.jpg r-pass 967 322 46 134 standing 879 289 91 101 digging 911 381 79 145 standing 880 356 48 129 standing 724 323 72 133 standing 527 294 34 115 standing 471 324 46 136 standing 422 379 46 137 standing 360 290 54 117 standing 227 308 42 111 standing 199 409 71 139 standing 156 330 42 139 standing
7575.jpg l-pass 1054 265 57 114 standing 934 370 49 152 standing 853 478 105 165 moving 862 422 60 130 standing 720 345 50 142 standing 710 248 47 137 standing 603 438 104 150 standing 656 397 47 157 standing 450 382 84 136 standing 393 256 74 127 standing 190 308 93 112 standing 62 362 60 149 standing
16555.jpg r_set 88 368 65 130 waiting 236 305 40 108 standing 219 441 89 124 digging 488 283 50 127 standing 500 341 53 124 standing 472 424 60 146 standing 631 271 57 148 setting 746 285 51 105 moving 903 255 95 106 moving 942 343 92 129 moving 1001 409 87 141 moving 922 459 98 141 moving
15385.jpg l-pass 934 300 45 147 standing 1115 375 52 142 standing 1075 350 55 129 waiting 702 348 40 140 standing 698 307 40 138 standing 692 292 48 138 standing 433 268 56 106 standing 217 343 118 107 digging 232 342 62 83 digging 264 401 71 125 standing 588 345 57 132 standing
6210.jpg l_set 960 393 48 121 waiting 943 324 64 125 standing 968 277 76 82 standing 664 363 43 129 standing 658 305 59 129 standing 646 274 49 120 standing 543 366 57 128 standing 516 273 68 160 setting 367 242 81 93 moving 357 279 44 117 standing 248 322 51 125 standing 364 461 86 143 moving
15650.jpg r-pass 330 369 53 115 waiting 522 337 58 135 standing 702 293 53 111 moving 958 290 49 87 digging 619 258 51 128 standing 342 315 38 115 standing 440 261 43 135 standing 605 238 42 146 standing 545 242 34 132 standing 926 396 103 138 moving 1057 345 81 140 moving 505 297 52 111 standing
16425.jpg l-spike 750 371 58 127 moving 986 431 71 113 digging 998 288 86 96 standing 1112 329 55 117 digging 597 217 69 164 blocking 516 350 46 132 standing 507 317 65 112 digging 453 207 59 147 spiking 436 326 41 120 standing 325 398 64 128 moving 316 323 51 139 standing
8475.jpg l_set 301 408 106 153 moving 233 370 59 139 standing 280 293 71 120 moving 305 221 96 104 moving 418 305 53 153 setting 547 304 68 124 standing 667 256 51 129 standing 680 308 48 137 standing 685 347 52 134 standing 1010 278 86 84 standing 1155 321 46 138 standing 1006 414 69 157 standing
8520.jpg l-pass 324 293 38 112 standing 411 334 51 133 standing 512 401 72 96 standing 445 261 43 122 digging 531 294 83 116 standing 573 239 49 119 moving 627 254 38 107 standing 628 225 44 124 standing 788 396 99 135 standing 948 298 53 131 standing 1002 383 91 138 standing 977 260 75 105 moving
7665.jpg r-pass 1105 304 75 122 standing 991 415 118 100 digging 809 274 55 115 standing 832 225 50 126 standing 728 456 98 162 moving 676 426 113 163 standing 504 425 89 146 standing 542 347 65 143 standing 527 257 44 141 standing 343 314 51 122 standing 347 371 60 143 standing 250 406 62 151 standing
16590.jpg l-pass 230 420 126 84 falling 359 423 91 108 waiting 350 290 52 110 standing 533 393 89 119 standing 661 251 39 137 standing 659 282 39 126 standing 718 264 44 107 standing 850 269 47 128 standing 952 323 63 115 standing 1004 357 55 133 standing 914 403 71 135 waiting 768 428 64 149 standing
16385.jpg l_set 1091 342 49 130 standing 958 303 37 124 standing 922 405 59 126 standing 711 375 50 137 standing 702 271 68 138 standing 683 316 38 136 standing 541 371 65 118 standing 448 310 75 113 standing 324 416 133 56 falling 379 371 39 116 digging 283 295 70 124 standing 93 447 81 143 standing
15755.jpg l-pass 1070 282 51 142 standing 1004 379 57 147 standing 905 252 51 116 standing 840 317 62 134 standing 831 383 56 153 standing 771 293 44 139 standing 666 299 60 136 standing 624 331 47 115 standing 494 428 128 83 falling 295 268 53 128 standing 210 327 74 103 waiting 163 527 60 66 falling
9630.jpg l-pass 127 395 72 159 standing 173 365 60 123 digging 273 395 73 145 standing 371 388 67 137 standing 210 287 49 124 standing 561 367 64 137 standing 679 336 45 141 standing 637 323 55 140 standing 741 327 44 133 standing 916 386 43 137 standing 1057 339 59 129 standing 1199 329 72 153 standing
16710.jpg r_set 939 364 67 135 standing 615 295 44 127 setting 583 384 61 134 standing 671 446 96 91 falling 763 490 84 145 moving 445 400 60 131 standing 506 378 54 134 standing 499 317 40 123 standing 245 420 55 131 standing 190 369 49 142 standing 241 343 66 103 standing 905 270 76 98 digging
16575.jpg r_spike 898 407 111 141 moving 917 368 68 123 standing 811 263 69 113 standing 808 330 63 126 standing 809 454 56 154 standing 686 190 59 141 spiking 574 265 44 153 blocking 572 210 44 166 blocking 511 412 72 135 standing 269 422 87 122 waiting 267 296 49 106 waiting 160 366 59 137 waiting
15490.jpg l_set 143 449 76 141 moving 297 326 71 119 standing 294 255 73 107 moving 391 230 79 102 moving 440 311 57 116 standing 535 298 48 171 setting 672 280 49 120 standing 655 293 58 141 standing 657 349 56 133 standing 931 276 52 118 standing 1001 413 70 146 waiting 1147 326 61 121 waiting
6175.jpg l-pass 171 338 51 124 waiting 223 312 83 102 digging 360 392 76 121 standing 399 274 74 110 moving 569 440 95 126 moving 618 392 52 147 standing 725 418 44 153 standing 772 411 53 127 standing 698 349 43 137 standing 700 250 35 125 standing 927 266 40 110 standing 964 393 47 123 standing
7635.jpg l-spike 1091 456 94 123 waiting 1108 303 60 109 standing 990 272 62 107 standing 750 263 45 111 standing 670 357 53 183 blocking 685 321 43 151 standing 534 359 89 195 spiking 576 379 80 106 waiting 412 359 46 135 standing 326 397 57 143 digging 479 303 50 122 standing 497 215 57 132 standing
8430.jpg l-pass 266 245 52 155 digging 400 285 48 99 moving 202 387 60 132 standing 190 311 58 124 standing 716 337 37 148 standing 688 328 46 115 standing 694 264 36 110 standing 943 283 40 120 standing 1021 372 71 141 moving 1023 348 73 114 waiting 542 374 77 121 standing 452 299 72 119 standing
16740.jpg r_spike 86 376 71 127 standing 199 330 64 103 standing 280 446 92 118 standing 469 305 57 99 standing 598 397 41 164 blocking 585 371 50 160 blocking 652 381 49 127 standing 698 417 76 146 spiking 786 424 55 131 waiting 853 266 65 126 standing 1004 447 63 121 waiting 669 305 48 116 standing
15600.jpg l_set 90 432 94 142 standing 327 309 50 120 standing 397 324 69 125 standing 411 266 44 122 standing 436 255 72 106 standing 556 326 36 105 digging 664 326 40 136 standing 674 291 37 141 standing 676 261 36 119 standing 941 271 54 112 waiting 949 388 76 136 standing 1119 323 96 127 standing
16685.jpg r-pass 956 384 51 102 standing 952 286 55 110 standing 771 484 185 70 falling 596 429 71 135 standing 603 352 48 111 standing 558 400 55 142 standing 480 363 49 133 standing 481 312 37 126 standing 397 350 56 119 standing 368 426 54 137 standing 262 375 47 100 standing 227 379 49 151 standing
6070.jpg l-spike 1229 449 49 129 waiting 1172 386 57 109 waiting 1092 308 68 105 standing 914 342 62 96 standing 928 327 48 59 standing 846 286 44 114 standing 752 325 50 149 blocking 717 357 34 107 standing 648 342 43 136 standing 551 340 36 111 standing 463 314 28 120 standing 148 371 67 161 spiking
7520.jpg r_set 73 356 72 128 standing 166 423 73 139 standing 266 287 44 111 standing 546 257 47 137 standing 547 332 56 135 standing 549 423 60 147 standing 757 333 50 154 standing 849 272 85 154 setting 863 207 68 102 moving 1011 374 60 139 standing 1082 323 49 142 standing 983 497 116 171 moving
16445.jpg l-pass 969 407 82 136 standing 1076 327 54 119 standing 1042 271 50 125 standing 754 344 81 125 standing 610 275 63 122 standing 622 281 45 112 standing 527 339 51 113 waiting 507 350 57 137 standing 417 342 51 76 falling 423 266 58 109 standing 310 332 54 130 standing 370 420 62 101 waiting
8555.jpg l_set 939 264 69 109 standing 999 326 62 123 waiting 1041 415 103 162 standing 685 359 41 141 standing 667 294 47 135 standing 660 254 49 120 standing 540 303 57 134 standing 434 314 58 173 setting 343 436 113 147 moving 409 263 43 119 standing 437 227 60 107 moving 287 308 67 130 standing
15775.jpg l-spike 1056 272 55 126 waiting 154 468 85 106 falling 226 300 50 125 standing 419 402 133 92 falling 368 226 68 152 spiking 572 318 57 130 standing 637 292 41 135 standing 753 317 51 150 standing 836 366 55 144 standing 786 268 51 114 standing 930 325 82 137 standing 1049 380 65 154 standing
8500.jpg l-spike 1078 327 96 117 moving 983 415 100 116 waiting 1013 259 47 102 waiting 734 399 102 125 standing 626 226 36 157 blocking 624 181 35 181 blocking 542 291 59 129 standing 481 173 67 130 spiking 418 277 51 109 digging 340 333 80 126 moving 269 331 63 127 moving 499 402 62 155 moving
7740.jpg l-pass 138 391 61 106 falling 211 279 81 113 standing 254 384 94 136 standing 660 278 42 139 standing 602 244 69 132 standing 551 401 75 106 standing 721 323 50 157 standing 751 319 70 125 standing 740 257 55 124 standing 772 215 59 136 standing 984 319 38 127 standing 790 411 69 153 standing
15560.jpg l-pass 989 302 66 136 standing 977 251 71 118 standing 898 428 105 84 falling 771 327 65 136 standing 701 269 59 113 standing 637 228 63 146 blocking 548 222 40 153 setting 528 377 53 144 standing 545 326 80 131 standing 402 270 58 122 standing 373 314 43 120 standing 279 391 73 122 standing
38655.jpg r_winpoint 131 408 50 128 standing 224 346 48 138 standing 279 303 35 113 standing 511 302 59 126 standing 473 257 54 112 standing 639 354 45 126 standing 791 344 60 127 standing 797 319 60 124 standing 901 385 68 140 standing 936 387 47 122 standing 894 331 66 112 standing 1042 337 68 123 standing
31425.jpg l_winpoint 1084 401 74 106 standing 862 288 44 120 standing 884 415 52 144 standing 700 216 44 133 standing 614 479 58 176 standing 536 402 45 164 standing 150 352 78 166 standing 161 325 58 111 standing 282 359 84 146 standing 295 331 53 145 standing 359 331 75 144 standing 306 286 104 142 standing
40455.jpg l_winpoint 405 443 65 148 standing 375 334 41 149 standing 400 336 61 132 standing 390 375 82 133 standing 469 358 69 134 standing 495 312 65 128 standing 647 327 61 135 standing 692 273 51 130 standing 726 359 60 131 standing 817 370 117 36 falling 884 375 62 144 standing 913 338 71 128 standing
41340.jpg r_winpoint 971 364 77 130 standing 843 424 56 124 standing 816 357 40 119 standing 765 372 65 133 standing 779 307 37 127 standing 725 345 57 139 standing 614 389 39 130 standing 580 408 41 132 standing 379 284 79 118 standing 321 430 79 133 standing 278 287 48 110 standing 104 401 41 147 standing
48075.jpg r_winpoint 265 352 61 114 standing 294 425 51 123 standing 348 363 55 115 standing 432 300 40 110 standing 524 432 69 135 standing 527 442 50 143 standing 719 415 71 151 standing 712 385 53 130 standing 769 338 67 116 standing 733 333 43 112 standing 835 341 73 144 standing 897 394 47 119 standing
52125.jpg r_winpoint 924 287 58 159 standing 844 347 78 130 standing 713 346 72 150 standing 795 299 60 135 standing 761 305 47 134 standing 728 330 47 132 standing 516 294 48 138 standing 469 266 37 136 standing 450 306 44 146 standing 441 386 58 137 standing 370 355 57 136 standing 286 342 49 147 standing
48690.jpg l_winpoint 1005 297 65 129 standing 980 311 55 128 standing 955 376 56 122 standing 883 397 45 134 standing 773 325 36 128 standing 777 276 52 109 standing 465 335 45 134 standing 432 331 51 128 standing 436 348 44 134 standing 372 364 70 130 standing 375 368 70 110 standing 383 342 49 126 standing
50175.jpg l_winpoint 840 289 43 136 standing 812 338 45 126 standing 721 362 46 148 standing 730 315 55 115 standing 707 273 52 123 standing 681 287 48 97 standing 521 342 76 142 standing 451 351 49 125 standing 450 321 33 133 standing 476 310 45 120 standing 490 286 60 118 standing 525 301 38 135 standing
50880.jpg r_winpoint 814 287 62 163 standing 863 273 38 145 standing 825 262 57 132 standing 764 261 65 133 standing 733 300 71 152 standing 716 275 46 150 standing 554 381 46 159 standing 515 457 52 148 standing 365 387 51 157 standing 431 248 42 133 standing 665 535 85 178 standing 532 534 87 164 standing
