26915.jpg r_set 1156 659 79 160 standing 1359 670 91 153 moving 1300 603 49 134 standing 1075 482 63 137 setting 1297 541 56 103 standing 638 686 63 171 standing 824 631 39 127 standing 809 596 48 117 standing 783 685 76 140 standing 400 577 53 97 waiting 371 608 89 144 standing 1126 820 83 183 moving
19645.jpg r_spike 681 654 75 131 waiting 711 524 43 117 waiting 616 603 77 127 waiting 1072 487 31 188 blocking 1063 429 47 163 blocking 1191 687 80 185 standing 1270 603 68 155 standing 1173 402 55 176 spiking 1120 538 47 119 standing 1167 574 56 144 standing 1504 561 55 133 standing 967 644 73 142 waiting
19815.jpg r_set 1372 577 60 134 standing 1145 610 55 161 standing 999 493 59 155 setting 987 642 68 152 standing 1137 494 77 111 standing 861 646 68 170 standing 881 601 56 147 standing 863 545 55 143 standing 561 668 55 161 standing 518 562 71 113 waiting 310 617 64 134 waiting 1192 757 120 178 moving
28680.jpg l-pass 1542 598 45 131 standing 1348 598 48 152 standing 1312 592 57 144 standing 1319 719 68 165 standing 1199 562 69 130 standing 1139 544 60 104 standing 1055 528 59 126 standing 1071 518 58 129 blocking 963 587 80 127 standing 687 657 114 141 standing 697 469 64 165 setting 458 617 50 152 standing
25315.jpg r_spike 1238 595 85 147 standing 1197 669 61 143 standing 1003 693 69 164 standing 938 519 53 207 spiking 941 574 73 109 standing 1006 522 65 127 standing 830 643 84 153 standing 846 599 58 136 standing 815 576 72 105 standing 701 635 55 138 standing 522 559 44 131 standing 417 616 58 154 standing
28850.jpg r_set 1414 771 114 158 moving 1256 623 66 141 standing 1293 562 42 149 standing 1286 487 83 113 moving 1222 492 53 159 setting 1026 630 67 169 standing 850 659 51 152 standing 863 590 59 129 standing 852 575 53 119 standing 542 662 61 161 standing 448 568 61 107 digging 375 622 61 139 waiting
28780.jpg l-spike 1257 655 58 135 waiting 1270 578 56 118 waiting 1199 524 56 119 standing 1087 679 74 141 waiting 819 474 42 188 blocking 820 447 44 166 blocking 737 573 62 143 standing 641 459 51 141 spiking 551 565 47 130 standing 493 506 61 120 standing 461 606 65 143 standing 467 697 89 130 standing
19625.jpg r_set 476 615 64 134 digging 584 565 57 116 waiting 611 699 66 144 waiting 925 643 50 155 standing 954 573 42 157 standing 937 523 55 129 standing 1046 502 51 179 setting 1098 494 80 181 jumping 1159 503 97 115 jumping 1298 602 147 136 moving 1394 564 71 131 standing 1276 766 98 172 moving
19560.jpg l-spike 1383 574 65 133 standing 1359 610 53 140 standing 1063 611 59 158 standing 1101 565 64 155 standing 1117 547 48 133 standing 1123 522 53 119 standing 899 579 53 154 standing 800 634 53 171 standing 726 550 52 138 standing 760 496 64 137 moving 560 496 42 179 setting 502 616 61 153 standing
25395.jpg l-spike 1276 607 82 132 standing 1094 688 99 128 waiting 1068 537 102 102 moving 935 688 96 132 waiting 783 488 49 176 blocking 785 444 54 210 blocking 711 579 56 147 standing 658 459 78 135 spiking 636 631 81 128 standing 568 626 70 151 standing 521 552 60 141 standing 565 740 72 176 moving
28875.jpg r_spike 580 706 116 115 waiting 543 557 65 106 digging 387 635 71 129 waiting 963 518 57 157 blocking 942 634 70 144 moving 1123 577 47 147 moving 1231 594 63 120 standing 1175 451 89 118 spiking 1309 587 101 147 moving 1403 586 71 123 standing 1249 721 80 153 moving
19850.jpg l-pass 1496 630 71 151 standing 1288 643 62 143 waiting 1183 543 72 119 standing 1094 692 94 173 standing 1083 572 46 155 standing 1110 493 57 132 standing 977 664 96 190 standing 903 550 88 123 standing 873 529 73 126 standing 763 672 64 167 standing 686 589 91 70 falling 440 573 75 125 waiting
24460.jpg r_spike 1359 632 99 172 spiking 1390 610 53 112 standing 1255 635 57 140 standing 1204 681 57 138 standing 1186 551 62 118 standing 1092 562 54 132 standing 1003 654 64 172 blocking 1029 575 40 198 blocking 917 608 91 104 waiting 639 581 64 106 waiting 508 719 69 142 waiting 429 617 88 116 standing
19780.jpg r-pass 1348 616 68 133 waiting 633 667 54 164 standing 1065 506 91 137 moving 881 534 82 124 standing 1040 659 61 184 standing 1146 637 100 116 digging 1107 570 91 113 standing 917 613 84 197 standing 438 623 60 142 waiting 619 560 77 122 standing 1093 718 104 166 standing
25335.jpg l-pass 442 653 98 98 digging 544 575 47 123 waiting 741 664 104 135 standing 758 647 78 134 standing 805 580 54 127 standing 798 568 76 113 standing 936 563 50 137 standing 1026 653 53 143 standing 983 528 47 134 standing 1052 533 61 141 standing 1148 648 62 129 waiting 1235 580 48 154 standing
19660.jpg l-pass 721 661 86 117 waiting 750 635 103 114 falling 764 509 69 113 waiting 964 639 108 129 waiting 1094 511 60 126 standing 1121 479 45 129 standing 1191 502 65 119 moving 1176 535 44 151 standing 1195 590 74 142 standing 1217 667 58 178 standing 1265 626 84 149 standing 1538 569 48 128 standing
19840.jpg r_spike 1470 614 50 138 standing 1240 611 48 152 standing 1079 646 78 180 spiking 1069 567 96 89 waiting 1032 588 39 145 moving 1068 490 68 132 standing 968 596 65 206 blocking 915 559 101 121 moving 892 519 79 120 moving 653 674 101 145 waiting 625 541 79 111 waiting 371 588 75 133 waiting
19515.jpg l_set 1487 607 61 146 standing 1399 685 48 157 standing 1367 555 78 128 standing 1031 641 61 158 standing 1022 584 42 151 standing 999 556 63 133 standing 901 594 55 154 standing 722 577 51 128 standing 649 615 60 155 digging 573 669 96 124 standing 510 537 60 111 moving 694 493 55 110 standing
25370.jpg l_set 1215 675 61 137 standing 1316 587 55 140 standing 1202 552 74 119 standing 960 662 57 157 standing 929 570 42 135 standing 932 535 42 77 standing 528 740 119 170 moving 498 628 97 130 moving 591 541 67 137 standing 636 515 73 100 moving 766 525 72 173 jumping 820 586 61 157 setting
19585.jpg r-pass 1275 575 68 125 standing 1091 687 80 185 moving 853 553 51 113 standing 1026 592 56 88 falling 1064 617 64 80 falling 1097 606 87 151 standing 413 667 47 166 standing 468 630 62 135 waiting 508 554 42 128 standing 739 539 56 132 standing 762 640 69 166 standing 786 580 37 156 standing
25420.jpg r-pass 1297 593 84 148 standing 1008 711 76 107 falling 1083 663 101 137 standing 1012 532 54 132 standing 778 518 64 132 standing 810 502 38 122 standing 568 697 87 162 standing 493 610 55 158 standing 521 581 83 80 standing 598 623 66 137 standing 693 574 68 145 standing 723 545 45 102 standing
19685.jpg l-pass 1411 577 57 143 standing 1208 638 66 144 standing 1063 654 102 157 standing 1058 573 66 144 standing 1126 545 80 133 moving 1116 515 100 129 standing 446 655 66 164 standing 624 692 68 94 falling 823 620 57 172 standing 724 497 105 130 digging 906 515 51 140 standing 899 476 54 117 standing
28740.jpg l_set 1279 527 67 137 moving 1443 662 46 156 standing 1483 582 61 137 standing 1077 662 64 156 standing 1056 557 41 156 standing 1088 545 43 138 standing 868 545 63 143 standing 859 459 40 104 standing 475 568 55 150 standing 393 678 87 152 moving 571 521 52 118 standing 747 463 41 133 digging
19745.jpg r_set 1324 548 57 134 standing 1263 612 130 127 moving 1208 749 102 168 moving 1061 571 82 210 standing 1111 492 96 112 moving 992 514 55 165 setting 881 639 67 167 standing 909 592 42 167 standing 885 533 59 143 standing 545 657 51 162 standing 563 555 60 123 waiting 385 620 67 136 waiting
19755.jpg r_spike 422 614 58 138 waiting 586 558 71 118 waiting 599 680 67 148 waiting 928 533 62 128 standing 954 519 46 201 blocking 933 554 67 248 blocking 1041 564 106 131 standing 1100 493 48 116 moving 1036 558 89 186 spiking 1125 733 84 168 standing 1238 607 65 146 standing 1380 566 68 126 standing
25290.jpg r-pass 449 577 37 145 standing 482 617 48 160 standing 680 613 77 142 standing 798 636 66 158 standing 811 608 50 158 standing 812 554 35 121 standing 931 721 71 169 standing 928 621 64 136 standing 911 594 88 84 falling 1070 516 93 116 moving 1145 734 93 96 falling 1311 596 94 137 standing
19705.jpg r-pass 318 690 102 148 moving 558 666 68 102 standing 779 548 71 124 standing 836 489 66 123 moving 885 552 65 146 standing 834 630 87 170 standing 973 546 62 122 standing 1084 522 81 146 standing 1118 592 77 148 digging 1153 667 79 169 standing 1204 637 91 146 standing 1296 635 71 119 digging
26960.jpg r_spike 430 586 63 116 digging 694 531 73 110 waiting 674 661 94 133 waiting 1025 567 46 198 blocking 1014 622 58 195 blocking 1149 655 96 153 digging 1198 536 53 135 moving 1254 616 84 193 spiking 1328 672 108 151 standing 1446 638 77 119 moving 1416 577 61 139 standing
19710.jpg r-pass 382 677 54 158 standing 535 646 70 119 standing 755 537 63 135 standing 860 493 46 130 standing 895 558 41 153 standing 868 629 69 171 standing 969 546 54 130 standing 1131 512 49 145 standing 1139 588 76 151 digging 1284 642 72 111 waiting 1265 612 62 158 standing 1208 673 72 166 moving
28800.jpg r-pass 422 673 79 157 standing 387 598 56 148 standing 487 586 59 129 standing 540 534 46 122 standing 579 570 62 126 standing 709 583 52 139 standing 759 527 81 100 standing 791 545 60 123 standing 1147 515 61 115 standing 1124 608 85 103 falling 1181 660 71 131 waiting 1137 686 74 142 standing
40485.jpg r_winpoint 668 635 66 60 falling 467 631 52 142 standing 525 673 53 155 standing 822 577 68 139 standing 781 557 78 127 standing 896 713 57 170 standing 1254 647 83 138 standing 1152 677 66 150 standing 1116 666 62 174 standing 1149 602 84 126 standing 1035 627 78 153 standing 1079 600 53 135 standing
38325.jpg l_winpoint 517 608 77 132 standing 571 738 99 105 falling 691 607 53 150 standing 719 624 87 164 standing 692 557 58 118 standing 714 528 71 126 standing 902 573 58 144 standing 936 616 67 158 standing 980 518 63 131 standing 1192 526 80 139 standing 1313 541 54 137 standing 1369 575 97 99 standing
45750.jpg r_winpoint 1242 593 64 156 standing 1210 600 90 157 standing 1190 585 55 162 standing 1164 588 69 160 standing 801 710 77 171 standing 606 619 64 165 standing 540 716 64 182 standing 547 672 88 170 standing 550 591 61 151 standing 456 630 70 154 standing 1235 591 43 151 standing
41790.jpg l_winpoint 586 592 80 141 standing 770 560 42 129 standing 760 639 73 184 standing 963 604 65 169 standing 1003 548 78 123 standing 1035 555 61 128 standing 1223 627 53 142 standing 1276 608 38 141 standing 1270 652 52 155 standing 1315 575 57 143 standing 1389 691 79 154 standing 1499 610 61 96 waiting
44685.jpg l_winpoint 638 631 97 151 standing 755 637 72 177 standing 824 578 48 149 standing 735 540 77 145 standing 844 544 51 135 standing 675 580 79 151 standing 1021 634 72 179 standing 1115 635 71 174 standing 1063 521 70 148 standing 1307 523 61 153 standing 1409 608 59 158 standing 1348 679 60 158 standing
50730.jpg l_winpoint 1442 536 55 149 standing 1393 506 72 145 standing 1369 701 75 150 standing 1082 625 78 156 standing 1015 555 60 155 standing 967 520 47 136 standing 607 564 90 164 standing 588 695 92 156 standing 563 747 62 162 standing 550 563 55 145 standing 510 579 67 167 standing 376 642 82 162 standing
31230.jpg l_winpoint 408 625 64 154 standing 582 599 60 132 standing 539 573 60 142 standing 571 569 49 138 standing 653 575 94 144 standing 741 603 91 145 standing 975 554 53 125 standing 1015 576 73 138 standing 1040 641 56 147 standing 1256 605 49 143 standing 1286 559 80 138 standing 1275 529 55 136 standing
47895.jpg l_winpoint 1507 601 32 152 standing 1464 591 55 86 falling 1381 507 60 145 standing 1283 540 51 157 standing 1161 525 75 142 standing 1646 728 53 179 standing 814 622 70 172 standing 707 567 97 146 standing 727 538 64 142 standing 597 605 71 155 standing 556 570 45 158 standing 546 563 71 142 standing
35400.jpg l_winpoint 1385 693 48 151 standing 1380 659 52 131 standing 1344 622 53 139 standing 1128 699 93 152 standing 1059 643 70 155 standing 1013 584 49 128 standing 691 662 70 132 standing 617 622 100 146 standing 626 665 107 154 standing 619 670 53 128 standing 614 647 55 128 standing 435 702 79 160 standing
33660.jpg r_winpoint 363 657 64 162 standing 414 612 65 139 standing 483 595 59 133 standing 542 556 68 147 standing 641 611 42 155 standing 828 642 68 146 standing 1105 569 50 120 standing 1109 597 72 154 standing 1152 608 70 159 standing 1292 585 75 142 standing 1390 588 67 131 standing 1280 638 91 151 standing
37485.jpg l_winpoint 1366 573 55 131 standing 1216 610 60 142 standing 1180 667 50 157 standing 1100 597 65 136 standing 1024 517 67 135 standing 1006 622 48 150 standing 827 623 60 156 standing 831 578 65 131 standing 802 560 82 120 standing 733 576 71 128 standing 707 634 76 139 standing 558 608 87 135 standing
47025.jpg l_winpoint 1521 573 46 156 standing 1362 573 67 155 standing 1255 588 64 163 standing 1208 682 97 159 standing 1184 596 60 140 standing 1150 568 48 150 standing 833 602 80 160 standing 869 581 59 158 standing 876 569 61 134 standing 826 564 72 154 standing 774 594 90 154 standing 776 588 71 141 standing
50160.jpg r_winpoint 1690 600 90 151 standing 1305 569 92 162 standing 1364 569 67 152 standing 1304 562 74 152 standing 1372 566 89 145 standing 1331 557 93 149 standing 921 576 45 156 standing 810 560 57 157 standing 746 531 75 129 standing 422 617 87 158 standing 372 598 89 170 standing 327 636 90 165 standing
31950.jpg l_winpoint 1370 650 59 98 falling 1162 576 75 130 standing 1090 695 56 145 standing 1062 605 65 142 standing 987 597 67 151 standing 914 541 45 108 standing 710 601 66 140 standing 721 562 57 136 standing 682 594 52 121 standing 653 640 54 129 standing 598 720 111 179 standing 568 703 43 155 standing
