11190.jpg l-spike 34 400 79 126 standing 204 371 44 102 standing 267 271 81 121 spiking 372 278 49 127 blocking 102 446 50 145 standing 190 488 64 136 standing 319 490 60 155 moving 424 444 75 135 standing 523 454 55 112 standing 660 332 41 92 standing 640 437 60 106 standing 718 415 60 104 digging
10975.jpg l-spike 166 384 69 83 standing 237 443 48 100 standing 317 345 75 129 spiking 337 305 38 107 moving 327 459 57 127 standing 395 494 48 145 standing 477 313 52 145 blocking 474 338 53 158 blocking 517 458 48 137 standing 715 339 61 87 digging 864 428 52 105 digging 850 478 47 108 standing
11155.jpg l_set 72 478 106 137 moving 143 404 76 101 standing 185 405 61 127 standing 294 431 79 112 moving 269 293 61 86 moving 444 405 53 158 setting 554 322 39 118 standing 564 392 37 118 moving 573 444 38 135 standing 678 367 61 95 standing 884 388 46 112 standing 856 459 55 118 standing
4350.jpg l_set 294 437 119 115 moving 313 352 81 125 moving 470 311 45 109 standing 486 242 72 83 moving 683 328 55 152 setting 713 338 47 98 standing 841 298 47 110 standing 835 317 46 146 standing 867 404 41 142 standing 1114 300 60 107 standing 1203 358 75 116 standing 1141 440 66 118 waiting
15360.jpg r_set 295 468 69 107 waiting 289 404 58 94 waiting 383 311 45 105 waiting 617 347 46 98 standing 619 377 50 123 standing 615 422 59 138 standing 800 332 44 134 setting 814 353 84 104 moving 887 283 75 88 moving 1018 365 39 107 standing 993 512 103 147 moving 1186 455 69 138 standing
975.jpg r-pass 4 487 37 134 standing 5 326 41 116 standing 331 368 26 129 standing 317 392 32 128 standing 305 436 52 141 standing 540 368 52 126 standing 596 333 33 100 standing 582 295 42 104 standing 888 399 64 119 standing 970 255 40 112 digging 798 495 51 145 standing
4530.jpg r-pass 168 385 69 109 moving 193 321 40 98 standing 230 431 70 132 standing 423 310 56 114 standing 485 362 35 131 standing 445 423 68 131 standing 652 338 41 134 standing 719 296 55 106 standing 787 425 58 143 standing 775 427 54 125 digging 1006 309 43 120 standing 1133 228 32 98 standing
11125.jpg l-pass 183 388 43 103 digging 234 326 44 150 setting 235 407 56 137 standing 361 304 41 108 standing 411 377 75 110 moving 452 467 76 121 standing 585 309 35 110 standing 568 327 44 110 standing 612 404 93 45 falling 699 463 78 145 moving 856 375 75 116 standing 943 397 37 110 standing
4260.jpg r_set 55 356 54 115 waiting 200 425 64 137 standing 298 311 59 91 standing 515 309 60 114 standing 541 348 50 131 standing 520 414 51 119 standing 656 297 41 134 setting 739 284 75 110 moving 918 267 57 95 moving 915 350 81 104 moving 938 403 54 114 standing 875 525 95 148 moving
11200.jpg r-pass 30 398 69 108 standing 223 376 55 89 waiting 74 451 66 135 standing 95 524 104 128 standing 324 483 49 153 standing 302 330 68 98 standing 373 318 28 117 standing 456 427 45 147 standing 558 442 59 124 standing 607 430 64 105 standing 678 350 64 65 falling 705 424 63 102 digging
9950.jpg r-pass 413 283 53 107 moving 259 390 80 129 moving 275 429 73 117 moving 312 500 65 155 standing 479 456 46 157 standing 565 434 60 122 standing 635 354 57 110 standing 645 378 38 149 standing 647 458 60 152 standing 854 377 57 98 standing 844 465 79 118 standing 1042 432 65 103 digging
4715.jpg r_spike 221 346 61 118 standing 336 293 68 79 standing 281 404 69 126 standing 604 298 64 108 standing 699 312 47 155 blocking 643 412 84 126 standing 750 317 39 98 standing 750 258 49 83 standing 823 307 50 130 standing 864 326 70 143 spiking 942 288 34 91 standing 991 348 44 119 standing
15450.jpg r-pass 413 415 50 129 standing 410 336 41 116 standing 480 290 58 98 standing 536 356 58 133 jumping 473 417 81 96 standing 462 461 64 154 standing 623 327 44 86 standing 635 341 50 139 standing 664 440 77 121 standing 898 344 43 84 standing 1032 412 38 92 digging 906 468 59 121 digging
10250.jpg r-pass 7 460 72 170 standing 191 359 61 107 standing 269 321 66 114 standing 310 411 57 155 moving 410 447 49 140 standing 429 352 48 137 standing 552 353 69 118 standing 637 305 55 129 digging 710 367 74 138 standing 838 500 61 171 standing 899 391 49 128 standing 869 338 64 96 standing
11395.jpg l-pass 333 470 61 122 waiting 313 448 71 87 falling 338 399 45 84 waiting 441 305 51 108 standing 468 360 88 104 moving 615 442 50 129 standing 688 430 59 126 standing 711 366 64 116 standing 801 329 62 104 moving 874 375 35 114 standing 963 360 37 118 standing 940 440 47 120 standing
10015.jpg l_set 151 378 65 137 standing 239 413 57 148 standing 382 296 59 95 moving 397 413 69 129 digging 531 400 64 125 standing 576 450 56 161 standing 685 318 43 130 standing 700 371 44 145 standing 700 450 56 145 standing 933 339 53 104 standing 995 450 53 137 standing 1088 392 57 131 standing
10075.jpg r-pass 77 478 87 152 standing 170 397 43 124 standing 144 346 78 120 standing 296 397 45 129 standing 397 337 49 128 standing 385 379 47 134 standing 450 315 48 125 standing 455 330 76 118 standing 640 366 62 107 moving 752 454 62 107 falling 716 476 70 122 standing 906 388 57 107 digging
15375.jpg r_spike 383 452 81 121 standing 390 374 73 114 standing 469 321 48 92 digging 728 296 41 151 blocking 696 441 71 120 standing 830 293 64 116 spiking 901 290 44 92 moving 938 382 53 112 standing 976 495 58 135 standing 1093 365 39 119 standing 1169 454 76 138 standing
11430.jpg l_set 196 482 94 134 moving 253 397 50 120 standing 320 363 47 104 standing 397 275 44 84 moving 392 420 80 123 moving 505 352 56 131 setting 655 315 38 106 standing 671 374 37 123 standing 660 435 41 139 standing 864 371 44 98 standing 953 462 53 107 waiting 1000 384 51 107 waiting
11215.jpg r-pass 4 540 83 127 standing 62 445 68 130 waiting 22 388 45 126 waiting 228 371 54 96 standing 316 339 42 116 standing 331 452 47 147 moving 385 343 56 106 standing 463 421 72 135 standing 577 409 43 108 standing 622 443 65 132 standing 718 417 59 110 standing 686 355 61 59 falling
10050.jpg l-spike 132 468 83 156 standing 262 431 57 128 moving 207 359 65 96 standing 367 264 75 135 spiking 360 383 57 107 standing 450 397 62 110 waiting 516 274 39 158 blocking 524 303 44 158 blocking 746 465 77 129 standing 800 344 51 100 digging 866 479 71 126 waiting 967 396 57 109 digging
15320.jpg r-pass 961 397 52 142 digging 906 359 62 99 standing 909 455 52 129 standing 748 412 60 145 moving 772 284 51 106 standing 596 371 41 116 standing 477 357 42 134 standing 489 382 50 132 standing 493 415 35 140 standing 302 423 44 126 standing 188 414 63 108 waiting 173 336 57 132 moving
9910.jpg l-pass 97 377 50 141 standing 272 480 61 101 digging 325 444 80 102 digging 335 315 47 118 standing 539 346 58 125 standing 671 460 69 139 standing 756 424 57 143 standing 766 363 45 180 blocking 783 355 50 131 standing 1058 475 74 110 waiting 1226 420 49 143 standing 1156 320 72 104 standing
4105.jpg r_spike 1075 301 81 110 standing 957 403 80 112 moving 968 350 96 108 moving 898 494 94 159 moving 782 299 60 104 standing 629 289 56 162 spiking 542 407 71 129 standing 390 342 47 99 standing 271 421 56 134 standing 92 348 51 121 standing 578 285 41 170 blocking 568 311 47 131 standing
11075.jpg r-pass 729 438 100 109 falling 823 358 42 107 standing 630 436 55 123 standing 638 334 55 81 waiting 410 293 48 128 jumping 403 279 45 123 jumping 325 400 56 131 standing 262 364 51 108 standing 316 301 47 115 standing 191 330 48 111 standing 95 511 77 126 waiting 73 419 56 96 digging
4220.jpg r-pass 889 315 46 125 digging 740 452 62 133 standing 866 402 54 116 standing 705 300 78 107 standing 485 321 69 117 moving 480 300 31 122 standing 403 412 44 127 standing 391 366 76 104 standing 303 332 49 120 standing 212 404 52 127 standing 162 317 55 104 standing
10225.jpg l-spike 1006 350 50 111 standing 904 423 62 149 standing 802 333 56 97 moving 701 436 61 146 standing 630 369 91 139 standing 603 318 43 121 standing 420 433 58 143 standing 405 339 55 133 standing 327 382 77 113 standing 252 311 65 138 setting 115 440 66 158 standing 270 533 61 169 moving
11185.jpg l-spike 742 418 61 99 waiting 687 445 55 117 standing 664 337 43 94 waiting 508 459 54 127 standing 432 450 69 144 standing 401 277 38 143 blocking 265 269 79 114 spiking 179 377 76 109 moving 332 489 50 154 moving 239 490 79 128 standing 121 460 61 153 standing 58 414 84 102 waiting
11060.jpg l-spike 865 374 51 96 waiting 779 458 61 116 standing 713 333 45 91 waiting 601 432 50 128 standing 470 298 43 150 blocking 461 266 43 143 blocking 315 265 77 108 spiking 358 445 44 145 moving 290 354 62 105 standing 167 481 76 121 moving 130 415 58 92 waiting 187 343 84 113 moving
4470.jpg r-pass 685 392 52 116 standing 759 273 32 112 standing 870 182 41 118 digging 562 275 37 102 standing 422 362 54 131 standing 268 440 52 125 standing 282 371 28 132 standing 270 352 37 127 standing 735 499 67 140 standing
4560.jpg l-pass 717 408 40 125 standing 528 416 70 134 digging 484 353 69 118 standing 419 256 53 106 standing 394 424 81 136 standing 344 344 55 116 standing 776 416 49 140 standing 775 327 41 138 standing 782 295 37 113 standing 1010 427 47 126 standing 1115 351 48 119 standing 1168 256 45 120 standing
10300.jpg r_spike 949 387 82 115 moving 942 343 49 103 moving 845 516 73 161 moving 702 330 51 179 spiking 768 290 42 104 moving 710 336 62 136 moving 578 469 60 133 standing 598 323 49 173 blocking 571 327 54 121 standing 331 352 44 91 waiting 195 481 57 150 standing 116 387 75 136 moving
10920.jpg l-pass 1079 412 49 121 standing 1050 328 37 96 standing 972 450 37 115 standing 705 426 37 133 standing 696 369 44 155 blocking 696 342 35 121 standing 615 442 61 129 standing 480 344 36 112 standing 328 307 31 110 standing 286 363 40 111 standing 241 444 45 144 setting 110 380 49 131 standing
10290.jpg r_spike 1006 378 58 120 standing 954 343 42 117 standing 916 552 81 160 moving 804 295 57 97 moving 714 344 80 185 spiking 677 344 48 148 setting 553 468 45 131 standing 577 366 52 155 blocking 564 340 42 123 standing 304 340 66 92 waiting 166 479 61 154 standing 139 354 62 139 standing
4150.jpg l_set 1125 442 57 122 standing 991 353 61 118 standing 852 346 44 120 standing 795 427 52 135 standing 820 322 37 128 standing 688 463 66 143 standing 701 365 39 126 standing 487 433 78 143 digging 481 342 53 122 standing 602 285 48 98 moving 1155 321 57 114 standing 310 352 58 116 standing
11450.jpg l-spike 916 414 53 86 waiting 908 508 76 107 waiting 803 365 71 78 waiting 592 337 38 84 moving 572 431 29 164 blocking 570 398 44 152 blocking 397 423 87 139 spiking 404 288 35 96 standing 343 383 53 109 standing 262 472 92 137 standing 250 395 41 97 standing 147 428 47 115 standing
11220.jpg r-pass 729 415 58 111 standing 687 351 72 64 falling 640 450 62 134 standing 555 410 58 102 standing 469 407 58 132 moving 404 343 35 110 digging 338 446 45 130 moving 330 348 41 118 standing 228 368 46 100 standing 13 520 90 144 moving 71 440 57 136 standing 28 392 51 119 standing
11100.jpg r-pass 847 443 77 61 falling 835 367 66 92 standing 551 365 120 57 falling 478 337 50 88 digging 478 307 39 91 standing 383 383 37 123 standing 339 298 41 95 standing 249 382 39 130 standing 151 338 55 109 standing 93 394 44 101 waiting 138 498 104 131 moving 725 466 65 136 standing
11160.jpg l_set 872 391 46 108 standing 859 466 48 110 standing 671 366 70 97 standing 554 462 48 140 standing 543 400 57 125 moving 540 322 38 107 standing 439 390 34 145 setting 305 451 68 117 moving 78 477 117 133 moving 152 420 67 118 moving 154 401 52 103 moving 278 293 53 85 moving
11375.jpg r_spike 881 355 33 118 standing 842 437 47 115 standing 820 400 40 118 standing 730 268 50 136 spiking 684 439 57 132 standing 681 369 46 120 standing 517 453 55 122 standing 527 351 41 116 standing 474 315 49 110 standing 257 469 72 120 waiting 231 364 47 99 standing 110 420 85 120 standing
10190.jpg l_set 938 453 74 158 standing 1067 399 46 123 standing 932 328 53 118 standing 705 415 48 144 standing 698 366 38 147 standing 678 341 40 137 standing 342 654 150 65 falling 534 436 52 135 standing 477 360 84 142 digging 466 370 45 120 digging 190 444 66 154 standing 141 374 62 138 standing
4645.jpg r-pass 882 311 58 105 standing 636 327 147 54 falling 694 380 60 97 waiting 655 381 50 127 standing 470 273 58 103 standing 444 302 51 72 falling 430 397 37 144 standing 345 399 52 112 standing 392 282 32 114 standing 337 319 56 94 standing 122 343 45 140 standing 53 418 67 136 standing
4315.jpg l-pass 370 353 48 127 digging 433 428 99 134 standing 538 309 52 93 standing 616 293 63 122 standing 873 448 64 129 standing 850 396 46 122 standing 1007 430 59 128 standing 935 291 44 131 standing 999 322 44 116 standing 1102 427 39 125 standing 1094 363 56 126 moving 1221 327 48 121 standing
4675.jpg r-pass 127 349 63 118 standing 226 369 45 140 standing 314 298 34 107 standing 455 393 95 126 standing 523 352 38 123 standing 517 301 30 121 standing 538 309 88 45 falling 638 368 47 74 falling 646 295 38 104 standing 755 333 108 49 falling 825 395 55 133 standing 918 306 44 125 standing
4395.jpg r-pass 963 430 54 117 waiting 1017 335 85 130 digging 855 289 85 107 standing 685 350 74 91 standing 562 390 49 144 blocking 576 370 64 141 blocking 471 419 64 123 standing 522 334 41 120 standing 491 257 42 115 moving 244 407 42 140 standing 265 353 59 107 standing 170 345 47 113 standing
11255.jpg l-pass 73 402 85 113 standing 216 387 46 100 standing 295 361 89 111 moving 344 411 94 110 standing 271 472 71 120 digging 390 464 99 128 standing 603 439 39 122 standing 551 359 50 158 blocking 547 349 39 105 standing 764 425 39 116 standing 808 342 47 84 standing 885 400 53 103 standing
11205.jpg r-pass 24 391 56 113 standing 73 442 54 134 standing 61 520 94 135 standing 221 369 54 98 waiting 318 334 42 109 standing 324 487 51 146 moving 371 332 35 105 standing 458 419 50 144 standing 585 440 67 123 standing 592 422 81 103 standing 703 417 65 108 waiting 682 360 57 56 falling
4065.jpg r-pass 233 353 56 83 waiting 199 385 55 142 standing 439 400 37 120 standing 454 334 47 130 standing 530 338 36 113 standing 693 306 61 117 moving 847 317 54 116 moving 912 439 49 122 standing 909 385 42 85 waiting 1043 342 70 108 moving
4620.jpg l-spike 216 495 68 152 moving 331 419 61 137 standing 461 465 55 140 standing 215 361 51 127 standing 364 342 72 74 falling 379 202 48 122 spiking 509 236 43 153 blocking 508 220 49 127 blocking 789 282 57 90 standing 915 331 59 92 waiting 820 418 55 117 standing 596 414 52 143 standing
11030.jpg l_set 896 463 53 112 standing 813 355 65 82 waiting 608 442 40 139 standing 598 379 52 135 standing 603 351 33 125 standing 398 512 58 161 moving 403 395 59 142 setting 442 360 56 119 standing 336 298 54 86 standing 226 407 55 112 standing 160 381 96 113 moving 991 393 55 107 standing
4590.jpg l_set 1055 435 66 115 standing 1091 347 53 111 standing 1018 282 58 100 standing 741 395 42 142 standing 739 308 42 134 blocking 738 280 45 109 standing 628 337 48 143 setting 614 497 90 153 standing 479 403 52 112 moving 363 335 66 95 moving 295 390 103 136 moving 445 219 58 83 moving
1020.jpg r_spike 162 413 70 102 waiting 196 461 70 116 waiting 280 345 68 95 digging 472 343 94 90 standing 463 465 94 134 standing 621 416 39 118 standing 717 387 79 129 standing 790 403 54 125 spiking 774 342 39 107 standing 831 389 43 119 standing 869 394 50 141 standing 1211 301 45 97 moving
4380.jpg l-spike 269 405 63 102 moving 237 376 55 96 waiting 373 347 44 109 standing 410 369 83 135 spiking 483 257 54 102 moving 566 347 42 123 moving 647 337 40 181 blocking 651 320 44 176 blocking 696 342 56 94 standing 905 313 74 96 waiting 1095 384 76 104 waiting 1053 470 63 121 waiting
15395.jpg l-pass 1054 363 38 118 standing 936 446 72 132 moving 851 351 42 134 standing 881 304 47 117 standing 1143 440 51 137 standing 1152 387 40 85 standing 780 355 46 105 standing 812 325 32 116 standing 692 437 54 128 standing 536 426 90 118 standing 465 387 119 79 falling 558 333 63 100 standing
4290.jpg r_spike 865 410 88 130 spiking 336 446 72 127 standing 731 382 53 165 blocking 751 337 37 176 blocking 898 327 40 112 standing 962 419 74 110 standing 452 314 66 81 waiting 251 352 57 103 standing 618 301 63 88 standing 931 365 60 103 waiting 1047 303 51 104 standing 790 259 56 104 standing
10160.jpg l-pass 1048 418 66 131 standing 1056 340 53 110 moving 972 461 54 144 standing 847 311 49 127 standing 790 353 46 142 standing 779 433 43 138 standing 712 474 55 149 standing 707 433 41 151 standing 569 494 57 76 falling 432 353 51 113 standing 317 497 84 93 falling 229 408 53 127 standing
10990.jpg l-pass 817 463 46 125 standing 853 436 46 112 digging 701 339 83 84 standing 453 405 37 127 standing 446 383 37 121 standing 374 485 62 147 standing 391 389 55 124 standing 347 344 53 91 standing 231 420 64 88 digging 125 373 75 118 standing 211 493 91 124 standing 526 462 66 135 moving
9975.jpg l-pass 794 454 72 80 falling 493 350 60 106 standing 609 387 43 150 standing 374 417 47 111 digging 288 424 55 127 waiting 206 471 89 143 waiting 658 317 64 113 standing 737 512 88 147 moving 491 488 106 140 standing 758 363 44 123 standing 471 341 52 178 setting 985 404 57 126 standing
10950.jpg l_set 1054 405 52 109 waiting 973 474 57 109 waiting 926 352 40 88 waiting 674 447 40 138 standing 687 376 38 111 standing 675 335 40 109 standing 574 377 46 147 setting 432 437 65 118 moving 310 447 43 117 standing 284 335 59 99 moving 233 385 65 113 moving 391 278 49 82 moving
10135.jpg r_spike 223 503 70 142 waiting 394 344 60 94 waiting 125 414 78 124 waiting 613 357 57 106 standing 690 413 56 170 blocking 681 366 89 183 blocking 776 340 44 129 moving 864 305 37 111 moving 904 336 69 114 standing 958 439 69 136 standing 979 376 52 129 standing 850 394 91 209 spiking
15435.jpg l_set 421 488 71 130 moving 462 411 35 139 standing 447 313 58 120 standing 506 295 64 91 moving 584 315 47 148 setting 557 351 75 140 setting 702 342 46 95 standing 709 373 51 125 standing 722 434 51 134 standing 969 332 48 96 waiting 1077 405 57 99 waiting 988 450 52 139 standing
10105.jpg r_set 261 345 48 105 standing 109 372 57 138 standing 137 468 61 161 standing 500 444 36 139 standing 510 404 54 138 standing 525 348 41 136 standing 690 310 41 148 setting 678 321 55 124 standing 697 290 66 103 moving 837 405 59 82 falling 922 552 96 155 moving 985 391 110 115 moving
10155.jpg l-pass 416 349 67 109 moving 207 413 95 132 standing 295 509 115 84 falling 574 449 72 101 digging 732 476 48 139 standing 715 436 54 148 standing 789 438 47 134 standing 794 353 58 140 standing 872 305 53 124 standing 966 462 64 147 standing 1045 407 55 139 standing 1054 329 38 133 standing
4120.jpg l-pass 238 340 66 125 standing 346 446 65 118 waiting 480 355 58 94 waiting 629 418 74 133 setting 656 362 46 116 standing 643 310 52 119 standing 718 383 43 117 standing 799 310 58 121 standing 855 459 61 156 standing 927 367 57 108 standing 983 420 47 116 standing 1171 307 64 110 moving
10915.jpg l-pass 1040 409 53 125 standing 1014 327 65 103 moving 934 446 42 118 standing 670 425 53 129 standing 663 367 44 160 blocking 675 350 31 116 standing 577 453 69 123 standing 461 348 43 110 moving 292 320 35 110 standing 246 375 46 119 standing 192 478 75 119 setting 69 377 49 137 standing
4200.jpg l-spike 975 357 55 109 waiting 934 433 55 107 waiting 852 304 44 103 standing 767 424 58 131 standing 563 269 45 147 blocking 570 270 36 137 blocking 487 393 63 76 falling 471 408 51 117 standing 314 384 44 129 standing 333 259 54 127 spiking 210 325 57 100 standing 95 355 49 117 waiting
47490.jpg r_winpoint 344 448 46 129 standing 263 396 61 130 standing 397 322 45 119 standing 547 338 44 113 standing 592 400 55 133 standing 641 411 42 129 standing 741 424 50 137 standing 752 385 32 122 standing 742 348 47 105 standing 768 327 49 124 standing 813 389 50 124 standing 825 378 47 106 standing
45420.jpg r_winpoint 410 360 51 128 standing 571 316 35 102 standing 705 301 41 109 standing 646 433 41 122 standing 747 448 36 130 standing 866 424 46 147 standing 1114 368 97 122 standing 1061 353 45 132 standing 1023 366 62 146 standing 1105 421 52 135 standing 1067 446 55 135 standing
31125.jpg l_winpoint 1088 325 62 126 standing 870 351 45 112 standing 845 383 57 134 standing 711 264 33 112 standing 657 317 34 128 standing 634 279 32 107 standing 427 365 72 137 standing 429 311 47 118 standing 367 288 48 110 standing 351 372 47 117 standing 347 349 44 115 standing 335 328 37 101 standing
41940.jpg r_winpoint 842 342 74 100 standing 806 382 86 84 standing 760 366 44 118 standing 727 336 59 103 standing 694 350 51 90 standing 655 379 84 72 falling 532 382 58 115 standing 513 356 56 122 standing 442 319 43 112 standing 344 305 38 111 standing 105 450 40 119 standing 389 483 48 128 standing
30465.jpg l_winpoint 1008 365 40 137 standing 871 393 93 129 standing 817 336 58 84 falling 783 275 31 122 standing 693 267 34 126 standing 681 357 65 75 falling 496 336 32 127 standing 447 365 78 129 standing 453 331 39 119 standing 375 375 73 121 standing 393 331 39 130 standing 408 340 55 112 standing
32745.jpg l_winpoint 322 386 63 116 standing 371 312 61 111 standing 478 294 47 116 standing 470 347 45 130 standing 518 325 56 125 standing 615 256 26 123 standing 684 254 37 115 standing 708 370 139 34 falling 786 344 51 88 falling 865 377 61 116 standing 989 352 50 131 standing
48150.jpg r_winpoint 870 392 61 107 standing 912 301 38 118 standing 845 340 42 121 standing 750 408 40 135 moving 692 353 63 125 moving 730 323 50 98 standing 595 380 60 69 falling 583 311 34 106 standing 501 375 44 109 standing 518 431 49 131 standing 382 342 32 79 falling 268 431 125 43 falling
34305.jpg l_winpoint 247 337 51 126 jumping 324 374 75 131 standing 369 300 48 102 standing 416 376 38 139 standing 454 296 53 130 standing 470 278 53 121 standing 635 212 34 104 standing 594 239 60 114 standing 689 337 41 121 standing 770 294 39 113 standing 812 431 46 120 standing 1008 330 44 125 standing
43200.jpg l_winpoint 915 380 73 106 standing 775 348 30 125 standing 775 277 41 102 standing 720 414 48 148 standing 713 357 42 126 standing 707 332 37 93 standing 494 352 47 127 standing 443 374 82 115 standing 411 382 65 112 standing 387 353 39 118 standing 426 317 31 126 standing 465 320 40 121 standing
44580.jpg r_winpoint 891 301 46 94 standing 861 313 48 112 standing 793 367 76 130 standing 772 307 75 111 standing 741 366 57 120 standing 725 343 63 120 standing 623 415 45 140 standing 550 418 45 135 standing 445 292 44 110 standing 394 290 35 98 standing 404 402 42 117 standing 241 375 85 63 falling
46635.jpg l_winpoint 1057 502 103 51 falling 836 379 53 120 standing 754 312 48 97 standing 731 302 38 110 standing 649 444 46 131 standing 650 425 43 126 standing 345 359 57 121 standing 304 375 86 123 standing 281 379 75 124 standing 253 364 50 127 standing 302 324 72 131 jumping 619 246 45 73 moving
