62645.jpg r-pass 1528 604 103 192 standing 1363 720 132 124 falling 1381 580 114 165 standing 1210 519 118 184 standing 1252 435 68 172 standing 1140 717 81 152 standing 1068 665 64 198 standing 1003 675 86 183 standing 870 493 96 173 standing 682 520 108 140 moving 681 621 66 218 standing 401 512 64 181 standing
30305.jpg r_set 1512 570 119 198 standing 1543 644 122 76 falling 1328 676 106 197 standing 1236 408 117 156 moving 1096 442 108 157 setting 1010 526 77 200 standing 853 609 51 211 standing 880 500 61 200 standing 894 444 47 175 standing 586 420 55 130 standing 414 568 95 193 standing 444 500 71 176 standing
30270.jpg r-pass 446 525 69 202 standing 544 468 52 190 standing 668 486 60 181 standing 790 440 99 162 standing 854 508 61 191 standing 812 638 75 218 standing 962 488 113 147 standing 948 523 79 181 standing 1102 607 118 158 standing 1218 432 81 172 standing 1455 566 87 124 digging 1500 590 76 183 digging
30150.jpg r_set 292 511 60 192 standing 431 605 78 196 standing 715 464 76 177 standing 863 481 37 179 standing 854 550 62 195 standing 824 638 95 220 standing 1028 579 70 212 standing 1105 453 65 246 setting 1080 432 87 159 moving 1366 520 67 176 standing 1478 601 54 211 standing 1198 799 106 230 moving
29885.jpg r_spike 430 575 82 170 waiting 563 491 82 177 waiting 585 645 94 190 digging 990 452 54 168 standing 1003 501 50 240 blocking 957 662 75 189 standing 1203 415 94 150 moving 1137 490 93 180 standing 1135 488 108 218 spiking 1272 718 121 187 moving 1402 539 96 168 moving 1648 535 70 167 standing
62625.jpg r_spike 1496 662 112 168 standing 1608 569 72 186 standing 1443 586 98 153 waiting 1268 596 189 220 spiking 1311 496 106 180 standing 1350 406 80 152 moving 1108 538 82 285 blocking 1124 517 77 270 blocking 1026 483 77 164 moving 731 507 116 115 waiting 620 634 139 192 moving 443 534 87 154 waiting
30085.jpg r_spike 493 484 60 149 digging 587 600 99 170 standing 820 420 102 163 standing 1134 504 85 247 blocking 1159 502 80 270 blocking 1160 515 89 262 blocking 1359 433 67 183 standing 1345 532 91 232 standing 1294 567 118 200 digging 1340 576 112 242 spiking 1624 562 97 161 standing 1713 604 88 219 standing
29985.jpg l-spike 264 630 72 219 standing 238 534 73 196 standing 500 641 107 175 waiting 647 529 79 187 standing 536 544 89 166 standing 601 494 82 262 spiking 753 477 75 260 blocking 768 487 80 264 blocking 773 510 61 261 blocking 1043 481 107 155 waiting 1314 512 93 135 waiting 1297 650 92 213 standing
62605.jpg r_set 141 555 61 184 standing 340 624 84 198 standing 429 524 72 135 waiting 799 494 57 178 standing 830 563 57 147 standing 812 647 67 196 standing 1407 638 57 192 standing 1379 536 59 183 standing 1141 479 70 181 standing 1215 400 91 151 moving 1255 715 115 186 moving 1083 460 68 224 setting
29905.jpg l-pass 619 582 86 131 falling 784 581 122 205 falling 740 505 107 139 waiting 1099 609 103 207 standing 1149 455 58 144 standing 1315 678 87 198 standing 1268 401 72 166 standing 1175 576 54 193 standing 1231 543 68 190 standing 1336 485 92 172 standing 1389 549 84 182 standing 1723 556 60 175 standing
30190.jpg l-pass 485 595 102 149 digging 811 461 94 164 standing 698 629 127 185 waiting 890 598 127 184 standing 1117 411 80 158 standing 1123 430 77 169 standing 1242 428 86 156 standing 1232 513 109 182 standing 1345 621 70 180 standing 1457 584 79 204 standing 1405 484 60 148 waiting 1730 574 74 200 standing
30255.jpg l-spike 477 524 67 186 standing 607 473 57 184 standing 832 436 58 162 standing 870 628 77 193 standing 896 483 63 162 standing 1007 506 62 188 blocking 1089 605 82 178 standing 1059 498 80 144 standing 1218 436 65 165 standing 1534 596 83 195 standing 1517 526 87 135 waiting 630 446 110 182 spiking
30045.jpg r_set 1546 591 57 210 standing 1405 539 58 198 setting 1290 736 109 215 moving 1248 469 67 173 standing 1191 450 90 157 moving 1050 567 72 210 standing 838 597 66 208 standing 867 538 52 186 standing 854 521 52 145 standing 429 624 106 213 standing 439 458 58 175 standing 222 552 59 197 standing
30340.jpg r_spike 316 531 107 178 standing 512 485 81 157 moving 431 673 91 188 standing 851 519 86 155 standing 968 509 49 249 blocking 957 539 66 278 blocking 1097 585 107 188 digging 1096 612 161 200 spiking 1124 436 64 177 moving 1411 482 106 156 moving 1439 568 122 175 standing 1372 594 117 181 standing
29940.jpg l_set 382 566 67 197 standing 586 494 53 190 standing 585 655 106 134 falling 563 710 133 206 moving 880 494 61 171 digging 898 568 65 192 standing 1022 492 61 164 standing 1016 580 73 157 standing 1044 656 70 158 waiting 1277 495 65 188 standing 1295 614 80 200 standing 1501 554 69 171 standing
29995.jpg r-pass 1301 509 97 136 waiting 1238 669 71 205 standing 999 487 121 145 digging 748 622 69 200 standing 746 607 131 200 jumping 752 566 43 190 blocking 645 618 64 182 standing 625 521 52 194 standing 513 555 79 145 standing 470 639 104 179 waiting 215 637 65 213 standing 184 530 62 195 standing
30175.jpg r_spike 1559 586 78 186 standing 1296 590 108 184 moving 1302 495 68 155 standing 1194 679 77 200 standing 1089 539 103 169 standing 1108 355 71 190 spiking 974 404 70 235 blocking 995 340 48 270 blocking 849 614 102 196 standing 642 466 91 156 standing 527 634 138 187 standing 354 577 79 186 standing
30220.jpg l-pass 297 572 71 193 standing 510 628 75 198 standing 578 458 81 178 standing 869 399 71 156 standing 890 430 62 154 standing 810 635 144 166 falling 1034 614 107 184 standing 1041 504 45 191 standing 1171 529 76 179 standing 1225 424 95 146 moving 1293 488 101 161 standing 1512 555 57 200 standing
30110.jpg r-pass 346 485 65 176 standing 448 590 81 191 standing 680 525 208 106 falling 886 627 140 212 standing 927 604 100 233 standing 926 682 102 214 standing 1039 507 112 150 digging 1085 543 87 165 waiting 1119 551 71 199 standing 1172 763 85 232 moving 1384 554 78 175 standing 1499 612 72 226 standing
29945.jpg l_set 381 567 57 196 standing 577 493 52 191 standing 589 647 90 148 falling 522 732 135 210 moving 868 461 53 209 digging 879 558 72 196 standing 1005 512 64 178 standing 1008 563 68 172 standing 1028 653 77 167 standing 1286 487 67 190 standing 1309 619 93 195 standing 1523 545 58 171 standing
43455.jpg l_winpoint 151 541 116 186 standing 409 583 84 206 standing 401 538 105 179 standing 470 457 90 186 standing 628 496 103 191 standing 713 490 80 190 standing 897 378 45 154 standing 922 381 46 170 standing 1230 418 59 177 standing 1532 492 56 177 standing 1364 573 57 193 standing 1182 622 74 214 standing
45420.jpg r_winpoint 408 648 103 168 standing 473 590 74 172 standing 567 528 60 152 standing 716 602 86 164 standing 755 496 43 154 standing 759 475 56 139 standing 1394 630 56 164 standing 1069 474 59 152 standing 1201 506 86 152 standing 1133 520 60 153 standing 1153 494 48 150 standing 1446 574 95 160 standing
31875.jpg l_winpoint 565 525 102 234 standing 661 615 97 195 standing 735 534 135 187 standing 825 645 63 203 standing 877 516 77 220 standing 851 520 77 179 standing 1091 591 82 187 standing 1111 522 43 179 standing 1126 477 56 166 standing 1174 673 145 71 falling 1292 670 99 204 standing 1523 588 68 199 standing
40860.jpg l_winpoint 483 538 62 166 standing 636 523 89 179 standing 718 611 88 195 standing 780 551 54 223 standing 732 530 76 183 standing 455 649 85 214 standing 1092 543 64 190 standing 1429 586 90 200 standing 1554 544 67 174 standing 1550 469 82 125 standing 1643 621 72 217 standing 1707 580 113 174 standing
47805.jpg l_winpoint 561 554 113 208 standing 524 579 78 173 standing 621 561 63 183 standing 569 548 79 159 standing 498 555 97 162 standing 1072 600 95 169 standing 991 541 90 169 standing 1074 509 90 165 standing 1318 567 72 155 standing 1308 515 83 165 standing 1441 504 87 152 standing
35730.jpg r_winpoint 1412 679 71 176 standing 1463 544 67 161 standing 1291 531 73 161 standing 1230 708 116 196 standing 1152 686 70 198 standing 1183 607 85 190 standing 861 604 94 113 standing 810 585 92 170 standing 816 482 72 155 standing 812 703 77 186 standing 564 606 60 164 standing 569 533 77 175 standing
37755.jpg r_winpoint 1430 567 58 162 standing 1350 629 92 160 standing 1217 559 93 168 standing 1129 650 110 189 standing 1139 634 98 192 standing 1115 620 93 184 standing 823 561 73 173 standing 844 507 64 170 standing 659 513 104 157 standing 636 676 125 181 standing 518 616 94 159 standing 468 624 64 187 standing
38445.jpg r_winpoint 213 621 95 193 standing 216 545 62 195 standing 374 602 77 169 standing 461 530 63 172 standing 637 461 69 167 standing 730 577 83 179 standing 1093 497 92 167 standing 1160 517 59 170 standing 1185 523 99 181 standing 1278 531 111 158 standing 1356 518 64 161 standing 1297 509 100 145 standing
46110.jpg l_winpoint 1160 565 50 172 standing 1184 609 53 199 standing 1223 637 65 177 standing 1441 598 84 166 standing 1490 562 84 162 standing 1537 496 47 153 standing 556 577 67 187 standing 588 595 62 160 standing 606 572 52 176 standing 616 559 53 179 standing 403 714 70 175 standing
48435.jpg r_winpoint 296 628 50 196 standing 345 541 64 171 standing 427 562 53 158 standing 599 670 56 188 standing 760 584 82 170 standing 829 618 71 185 standing 1086 594 84 158 standing 1131 561 70 164 standing 1211 605 81 180 standing 1313 569 92 173 standing 1323 599 83 175 standing 1510 710 57 175 standing 
36405.jpg l_winpoint 1362 518 93 163 standing 1292 615 52 171 standing 1132 484 84 153 standing 935 682 64 189 standing 871 644 94 193 standing 871 580 40 176 standing 671 485 65 157 standing 641 561 63 187 standing 659 612 54 191 standing 560 661 96 153 standing 520 538 83 169 standing 428 588 86 162 standing
30390.jpg l_winpoint 1280 553 87 176 standing 1227 609 52 202 standing 1210 486 68 183 standing 980 575 98 186 standing 987 490 64 184 standing 681 634 124 278 standing 670 688 115 215 standing 596 596 139 201 standing 561 659 84 222 standing 398 559 109 158 standing 236 580 84 203 standing 981 772 95 223 standing
40230.jpg l_winpoint 258 598 133 198 moving 443 597 92 177 standing 386 545 58 201 standing 376 515 132 196 standing 537 488 138 183 standing 615 569 126 194 standing 1005 563 60 195 standing 1018 515 67 146 standing 1006 485 63 157 standing 1353 519 88 174 standing 1440 494 75 171 standing 1354 482 99 170 standing
42120.jpg r_winpoint 243 587 74 195 standing 398 602 94 209 standing 423 551 130 95 falling 828 504 57 187 standing 869 572 64 222 standing 879 452 67 186 standing 1103 515 83 187 standing 1194 612 90 216 standing 1184 497 76 183 standing 1160 447 71 167 standing 1343 531 75 199 standing 1407 461 92 233 standing
42705.jpg l_winpoint 1753 524 71 197 standing 1523 552 145 181 standing 1392 455 92 167 standing 1093 598 64 198 standing 1013 534 75 192 standing 1020 461 68 184 standing 600 512 88 229 standing 494 527 113 191 standing 421 560 156 226 standing 413 506 158 183 standing 327 576 102 204 standing 277 557 76 201 standing
