25020.jpg l-pass 149 467 67 112 standing 443 413 70 94 digging 659 468 127 150 jumping 779 501 45 125 standing 849 405 45 103 standing 760 405 34 93 standing 658 385 35 81 standing 588 437 59 117 blocking 319 429 90 90 digging 598 478 38 130 jumping 196 526 65 114 waiting
129870.jpg r_spike 865 488 62 135 standing 773 432 49 117 standing 702 448 70 154 spiking 627 494 52 107 standing 1057 417 47 123 standing 543 415 33 211 blocking 335 408 76 99 standing 200 401 50 103 standing 157 486 62 147 standing 51 464 62 111 waiting
61415.jpg r-pass 608 478 96 146 standing 601 414 90 94 standing 845 390 65 116 digging 857 486 54 105 standing 914 428 48 107 digging 517 393 69 131 blocking 215 524 67 129 waiting 261 454 50 126 standing 391 480 48 158 standing 335 410 75 116 standing 442 375 56 122 standing 408 419 62 133 standing
140180.jpg l-pass 620 398 35 101 standing 626 356 30 97 standing 811 359 43 122 standing 945 438 54 139 standing 982 399 43 141 standing 622 444 50 135 standing 458 407 52 135 standing 197 451 52 148 standing 289 428 97 163 digging 283 383 48 118 standing 311 339 80 112 standing 141 383 67 120 standing
122625.jpg l_set 1059 415 70 125 standing 832 462 47 125 standing 800 391 47 103 standing 573 328 45 162 blocking 577 432 50 123 standing 601 369 35 127 standing 514 358 45 148 setting 452 412 64 127 jumping 227 510 78 164 moving 186 442 56 133 standing 111 417 54 125 waiting 257 379 84 115 moving
116360.jpg r-pass 978 503 73 75 falling 852 408 90 103 standing 703 503 45 105 standing 783 468 67 135 falling 731 453 58 105 standing 768 377 45 97 standing 194 476 58 137 standing 230 423 73 116 standing 355 390 90 105 standing 503 381 67 105 standing 637 449 50 143 blocking
70590.jpg r-pass 1041 414 55 123 standing 869 413 74 105 digging 948 515 62 168 standing 755 453 65 135 standing 768 346 46 109 standing 533 407 44 116 standing 47 412 44 114 standing 165 480 77 139 standing 474 422 44 137 blocking 458 464 49 112 blocking 487 403 32 107 standing
115600.jpg r_spike 773 492 83 135 moving 850 376 63 128 standing 804 439 74 130 standing 788 336 77 100 moving 655 371 42 133 standing 691 346 48 156 spiking 599 338 41 74 standing 585 398 49 84 standing 575 452 44 149 standing 296 450 63 133 standing 281 363 58 102 waiting 149 384 69 137 waiting
58260.jpg l_set 1088 424 73 146 standing 962 400 67 105 waiting 1004 499 65 145 waiting 710 384 67 134 standing 688 461 39 149 standing 672 426 47 115 standing 469 509 81 145 digging 516 414 54 129 standing 289 470 71 164 standing 231 404 79 131 standing 162 428 67 135 standing 321 371 58 116 standing
140055.jpg r-pass 905 414 76 91 digging 988 438 44 133 standing 958 440 58 69 digging 812 490 67 130 standing 836 439 67 114 moving 649 393 53 105 standing 344 442 35 133 standing 543 472 39 130 standing 556 416 39 123 standing 521 414 37 119 standing 148 404 81 119 moving 168 463 44 114 waiting
129690.jpg l-pass 1122 490 80 131 moving 933 458 33 128 standing 837 453 35 118 standing 673 456 33 131 standing 652 426 35 131 blocking 662 399 30 139 blocking 455 434 48 107 moving 369 407 48 105 standing 155 443 48 112 standing 574 467 48 118 standing 249 486 69 133 digging 162 478 86 111 standing
119785.jpg l_set 1058 426 62 135 standing 865 405 65 103 standing 641 428 45 131 standing 645 392 52 105 standing 901 495 55 112 waiting 179 428 62 133 moving 339 400 47 118 standing 441 433 60 150 setting 463 519 84 135 standing 485 406 45 116 moving 393 361 56 101 moving
81780.jpg r-pass 956 473 50 129 digging 1017 478 54 116 standing 1022 459 62 96 standing 796 484 56 111 standing 813 401 37 94 standing 693 431 41 97 standing 560 471 37 114 standing 585 427 35 141 blocking 543 424 41 116 standing 369 436 45 105 standing 252 438 41 109 standing 2 474 46 120 standing
121075.jpg l-spike 1003 420 93 126 standing 961 505 72 137 standing 854 400 98 105 standing 634 385 70 112 standing 613 389 28 207 blocking 523 410 58 135 standing 452 419 60 151 spiking 432 363 49 121 standing 302 454 55 137 standing 268 406 44 118 standing
129730.jpg l_set 1101 445 47 129 standing 1026 506 58 133 waiting 918 420 52 107 standing 690 471 52 139 standing 690 422 41 133 blocking 692 406 48 105 blocking 448 422 58 131 setting 347 476 69 107 moving 429 374 45 90 moving 203 482 65 156 standing 193 468 48 124 standing 256 427 52 129 standing
55050.jpg l-pass 180 444 82 131 waiting 277 410 93 103 standing 437 398 65 116 standing 612 475 80 136 standing 645 447 38 130 standing 769 436 52 147 standing 746 425 48 133 standing 729 388 46 116 standing 918 466 71 133 standing 1072 425 74 148 standing 990 371 51 133 standing 306 494 128 122 falling
70405.jpg r_spike 1047 434 50 131 standing 894 420 92 158 spiking 884 403 45 112 moving 747 448 80 118 standing 729 399 67 96 standing 616 461 39 131 standing 602 459 67 118 standing 438 408 64 105 standing 233 479 67 146 standing 208 440 58 129 standing 348 413 54 107 standing
24900.jpg l_set 992 457 46 112 waiting 911 504 72 116 waiting 863 416 53 97 standing 642 476 44 130 blocking 640 447 39 105 blocking 648 407 48 114 standing 578 423 49 144 setting 499 476 46 125 moving 422 369 62 93 moving 365 428 72 102 moving 231 442 81 114 moving 143 500 116 142 moving
138650.jpg r_spike 971 394 55 107 waiting 907 463 74 160 standing 880 395 67 135 standing 786 351 69 126 standing 710 395 44 123 standing 775 295 37 126 spiking 155 428 58 111 waiting 263 433 84 147 waiting 282 359 70 105 standing 570 441 56 139 moving 655 344 32 126 standing 651 304 42 125 blocking
61380.jpg l_set 1100 433 62 122 waiting 968 481 60 137 waiting 849 416 77 88 waiting 674 365 48 111 blocking 666 424 39 105 blocking 663 457 52 137 standing 566 364 52 148 setting 437 455 64 137 moving 414 345 67 101 moving 145 475 101 158 moving 239 447 52 124 moving 259 410 37 120 standing
115630.jpg l-pass 952 403 64 117 standing 844 362 47 113 standing 772 445 54 137 standing 765 396 41 116 standing 749 408 37 132 standing 770 343 31 93 standing 580 387 72 101 falling 522 437 88 124 standing 373 434 88 130 digging 213 414 57 122 standing 343 346 50 113 standing 686 316 36 151 blocking
122665.jpg l_set 1007 416 43 131 standing 846 468 54 126 standing 812 391 46 107 standing 662 434 49 145 standing 587 377 35 164 blocking 620 378 38 126 standing 335 413 74 197 setting 502 431 54 134 standing 479 407 68 128 standing 317 441 46 109 standing 145 416 54 123 standing 507 442 110 60 falling
86260.jpg r_spike 858 316 77 132 spiking 985 401 63 123 standing 881 433 48 135 standing 760 458 76 147 moving 740 406 49 133 moving 743 338 48 91 standing 621 363 39 142 blocking 534 431 84 130 standing 247 451 65 151 standing 285 375 53 107 standing 121 413 61 126 waiting
61570.jpg r_set 840 398 42 133 digging 927 426 67 144 standing 960 399 49 114 moving 988 502 88 154 moving 655 410 48 137 standing 743 396 46 67 falling 272 368 60 114 standing 109 544 126 116 falling 106 408 70 126 standing 519 437 51 175 standing 537 390 46 126 standing 539 354 51 128 standing
70420.jpg l-pass 1074 441 63 135 standing 991 463 60 135 standing 956 491 51 144 standing 924 418 48 114 standing 795 449 83 130 standing 754 393 65 105 standing 608 487 55 135 standing 587 441 63 114 standing 460 403 44 112 standing 332 431 49 107 digging 338 479 60 133 moving 264 445 62 133 standing
58355.jpg r_set 1033 386 77 133 moving 857 385 62 135 standing 813 518 90 154 moving 714 433 94 148 digging 772 433 56 75 falling 645 428 50 137 standing 510 425 37 161 standing 501 410 47 141 standing 509 359 45 97 standing 212 366 67 107 standing 117 411 62 135 standing 148 468 65 154 standing
121120.jpg r-pass 904 445 63 127 standing 882 383 72 112 standing 859 351 44 116 standing 676 438 49 134 standing 623 445 77 142 standing 614 408 56 95 digging 502 455 64 158 moving 385 402 50 140 standing 517 370 42 110 standing 507 337 39 98 standing 231 412 88 134 standing 226 381 56 103 standing
119750.jpg l-pass 916 466 44 119 standing 927 401 51 112 standing 719 448 37 135 standing 724 423 42 125 standing 737 370 44 105 standing 471 494 81 125 digging 389 467 60 116 moving 468 406 56 105 moving 511 365 56 107 standing 352 413 69 105 standing 203 435 48 124 standing
138595.jpg r-pass 1078 506 96 163 standing 1064 413 47 148 standing 810 392 71 124 standing 827 331 54 124 standing 728 382 67 109 digging 537 364 47 143 standing 12 413 60 131 standing 175 466 71 146 standing 240 357 56 126 standing 480 454 33 152 standing 480 392 47 129 standing 473 363 41 118 standing
129925.jpg l_set 557 441 45 121 standing 617 413 47 123 standing 462 414 47 109 digging 487 353 43 94 standing 131 468 78 160 standing 115 462 109 106 falling 1185 413 60 143 standing 1023 464 58 147 standing 915 394 49 115 standing 694 458 50 148 standing 695 405 47 88 standing 699 370 43 82 standing
115530.jpg l-spike 940 463 65 124 standing 969 407 37 88 standing 851 381 56 126 standing 762 458 62 131 standing 651 397 52 124 standing 709 368 48 118 standing 545 371 65 116 standing 500 427 67 105 falling 423 464 67 152 standing 438 348 52 135 spiking 310 390 43 124 standing 383 511 100 41 falling
115680.jpg l_set 1107 389 67 140 standing 1043 441 78 127 standing 928 347 69 130 standing 841 345 53 122 standing 746 424 52 141 standing 751 387 48 112 standing 579 377 57 134 standing 534 317 39 113 standing 354 469 79 176 digging 358 430 59 152 standing 187 420 87 141 standing 386 345 44 109 standing
140345.jpg r-pass 1073 403 67 106 standing 909 371 56 105 falling 735 451 86 152 standing 753 385 67 67 falling 707 393 44 127 standing 646 338 32 134 standing 562 346 47 135 standing 518 381 61 131 standing 472 400 49 133 standing 330 366 44 119 standing 276 404 57 156 standing 182 408 72 124 standing
81910.jpg r-pass 916 477 54 127 standing 863 426 90 115 digging 690 498 90 139 moving 732 386 49 104 standing 716 416 30 82 standing 651 443 96 128 standing 185 431 65 139 standing 493 484 38 126 standing 551 428 46 120 standing 534 396 24 82 standing 430 417 46 107 standing 400 478 68 107 waiting
116320.jpg r_set 664 355 41 156 setting 717 422 50 131 standing 809 364 67 94 moving 884 402 45 105 standing 993 440 43 126 standing 895 517 90 143 moving 161 420 52 118 waiting 270 385 54 97 waiting 261 478 58 129 waiting 539 455 50 139 standing 560 424 37 111 standing 575 391 39 107 standing
24730.jpg r-pass 905 402 35 120 digging 1076 434 49 118 standing 957 499 62 137 standing 939 438 47 120 standing 749 406 62 97 standing 593 420 47 115 standing 5 485 82 135 standing 177 438 46 119 standing 319 427 55 112 standing 487 468 53 127 standing 520 441 37 123 standing 516 422 36 110 standing
82085.jpg r-pass 885 441 86 133 standing 915 401 47 126 standing 795 472 48 146 standing 710 430 65 139 standing 738 403 41 90 standing 711 366 41 116 setting 462 453 48 146 standing 477 399 43 150 blocking 475 381 35 96 standing 234 447 60 146 standing 222 381 37 116 standing 122 415 43 137 standing
81940.jpg r_set 845 543 126 161 moving 883 457 65 129 standing 922 410 62 129 standing 698 413 82 161 standing 666 333 47 178 setting 798 368 56 101 moving 592 471 41 129 standing 611 444 35 116 standing 595 387 39 111 standing 189 426 43 139 standing 343 466 62 146 standing 369 413 73 73 waiting
121180.jpg l-pass 172 450 86 133 digging 254 405 70 121 standing 298 466 75 130 moving 448 444 67 175 standing 588 419 62 133 standing 482 349 62 132 standing 1151 411 63 153 standing 941 478 81 135 standing 934 388 53 126 standing 720 424 67 149 standing 724 382 48 98 standing 825 438 86 133 moving
121160.jpg r_spike 786 399 97 180 spiking 918 474 77 139 standing 1036 418 48 144 standing 876 385 41 139 standing 651 438 54 163 standing 664 393 50 154 standing 557 458 52 146 standing 487 435 73 146 standing 215 419 52 107 waiting 97 438 71 137 standing 226 472 80 146 standing 426 376 69 116 standing
86165.jpg r-pass 994 403 46 105 waiting 739 442 70 151 standing 812 364 53 119 standing 526 324 49 147 blocking 172 386 58 106 waiting 120 434 82 145 standing 288 400 54 127 standing 402 445 68 117 standing 426 402 61 106 waiting 932 452 72 133 standing
24980.jpg r_set 589 373 48 133 setting 668 426 65 105 moving 797 461 90 109 moving 886 443 105 103 digging 858 393 62 67 moving 823 548 94 150 moving 140 479 77 141 standing 153 454 56 105 waiting 249 406 54 99 standing 465 491 41 126 standing 495 454 41 122 standing 503 412 33 94 standing
58410.jpg l-pass 112 431 58 146 standing 435 455 88 121 standing 442 359 55 132 standing 621 482 58 132 standing 749 489 65 192 moving 721 447 65 132 standing 857 487 63 144 waiting 847 416 67 133 standing 838 405 51 104 standing 1048 454 79 139 standing 228 412 72 96 falling
61400.jpg l-spike 338 378 82 114 spiking 274 492 80 154 standing 289 454 73 126 standing 447 488 58 160 standing 467 407 45 120 standing 476 368 54 111 standing 602 410 33 129 blocking 603 498 84 129 standing 636 394 52 101 moving 1008 424 67 126 standing 875 499 82 126 waiting 875 406 80 94 standing
116285.jpg r-pass 1014 441 48 139 digging 1018 496 67 124 standing 964 430 45 105 standing 831 476 69 131 moving 807 398 43 105 standing 607 426 52 126 standing 98 408 60 118 standing 270 494 67 118 standing 323 405 39 116 standing 513 450 39 146 standing 560 403 26 146 blocking 526 437 30 118 standing
121250.jpg l-spike 574 322 43 133 blocking 568 277 37 150 blocking 707 431 52 141 standing 1041 403 60 123 standing 866 452 80 129 waiting 785 349 68 119 standing 439 268 76 160 spiking 443 412 70 119 standing 394 461 86 162 standing 263 403 60 135 standing 347 364 43 117 standing 377 415 47 145 standing
129965.jpg l-spike 999 475 69 133 standing 1008 427 51 95 standing 852 394 71 102 standing 632 394 39 118 standing 562 396 35 186 blocking 558 403 32 140 blocking 266 405 51 184 spiking 365 399 71 123 standing 466 445 47 118 standing 476 427 46 99 standing 427 359 37 116 standing 144 437 62 128 standing
125455.jpg l-pass 345 395 58 99 digging 315 413 71 103 standing 204 507 77 144 standing 211 410 43 97 standing 169 444 41 125 standing 522 431 37 109 standing 1113 447 43 128 standing 925 490 39 116 standing 910 422 45 90 standing 666 466 35 139 standing 662 426 30 128 standing 666 413 35 114 standing
81960.jpg r_spike 769 328 55 112 spiking 864 404 60 116 standing 909 439 60 142 standing 792 498 63 154 standing 760 405 44 123 standing 716 413 53 133 standing 673 404 35 114 standing 589 469 55 137 standing 460 388 67 109 standing 361 456 65 142 standing 235 436 56 132 standing 677 323 28 149 blocking
121300.jpg r-pass 950 407 59 119 standing 629 446 84 119 digging 595 473 47 52 falling 620 344 72 116 standing 777 458 64 117 waiting 792 374 49 123 standing 512 368 47 172 blocking 470 438 54 162 standing 459 339 58 129 standing 348 419 74 143 standing 208 388 50 147 standing 235 363 52 119 standing
25010.jpg r_spike 840 399 39 109 standing 697 453 79 147 spiking 749 481 62 126 standing 783 444 49 105 standing 717 397 46 107 standing 575 434 42 167 blocking 501 408 44 100 digging 336 412 51 95 standing 172 504 95 121 standing 172 459 79 95 standing 643 379 43 94 standing
138480.jpg l_set 406 464 96 152 digging 378 427 84 137 standing 141 469 58 150 standing 163 413 48 124 standing 266 393 65 135 standing 339 374 73 118 standing 682 433 43 152 standing 665 415 45 146 blocking 679 407 35 131 standing 1173 416 54 150 standing 985 384 62 131 standing 1013 500 59 130 waiting
58320.jpg r-pass 698 446 72 142 standing 699 404 48 84 digging 493 447 64 133 standing 518 421 50 124 standing 390 420 38 166 standing 414 389 38 149 standing 425 370 36 133 standing 270 480 86 152 standing 191 443 62 126 standing 222 392 64 119 standing 933 402 78 122 moving 811 397 78 90 digging
61610.jpg r_spike 735 356 69 203 spiking 826 457 65 154 standing 977 451 50 131 standing 961 417 80 122 standing 715 446 77 131 standing 743 367 69 131 standing 586 371 41 218 blocking 396 375 73 111 digging 61 452 88 131 waiting 166 513 96 146 standing 267 368 52 122 standing
61530.jpg r-pass 212 576 115 85 falling 485 433 77 148 standing 273 404 60 125 standing 445 384 72 115 moving 645 365 39 134 standing 626 353 37 129 standing 743 377 47 110 moving 713 411 71 115 standing 766 453 85 140 standing 879 429 67 137 standing 901 388 43 91 standing 777 384 45 125 standing
25110.jpg l-spike 1023 426 50 107 standing 739 455 67 118 standing 607 345 48 161 blocking 424 329 56 137 spiking 523 423 48 118 standing 492 462 47 120 standing 308 396 62 111 standing 260 483 73 126 standing 43 457 67 116 standing 843 396 51 103 waiting 908 463 55 130 waiting
82015.jpg l_set 1073 459 96 145 standing 1047 400 65 117 standing 922 382 38 123 standing 741 456 68 148 standing 750 366 41 107 standing 740 415 46 87 standing 630 374 57 115 standing 538 345 41 93 standing 445 475 68 145 standing 344 426 60 134 standing 324 326 68 115 digging 98 420 82 120 moving
58390.jpg r_spike 695 426 111 150 spiking 775 448 61 141 standing 1036 429 57 148 standing 817 416 44 125 standing 824 401 54 111 standing 687 431 83 125 standing 260 356 54 110 standing 196 460 123 131 moving 33 419 89 136 waiting 582 375 52 219 blocking 397 365 86 119 digging
54850.jpg l-pass 322 426 43 104 standing 257 457 48 102 standing 390 491 64 123 standing 510 444 46 89 standing 707 459 34 107 standing 697 419 44 130 blocking 815 433 67 109 standing 710 415 32 74 standing 974 446 54 107 standing 1162 478 96 114 moving 371 442 54 72 falling 622 483 56 96 waiting
116345.jpg r_spike 732 430 75 133 spiking 686 445 58 109 standing 842 455 45 131 standing 918 430 69 109 standing 791 387 58 120 standing 760 370 39 90 standing 553 381 58 109 standing 348 382 62 99 standing 197 489 75 124 standing 210 430 77 103 waiting 622 393 46 195 blocking
129765.jpg l-spike 417 337 71 116 spiking 434 478 61 147 moving 214 494 69 131 standing 107 474 80 117 moving 212 418 69 114 standing 575 323 34 158 blocking 681 460 77 117 standing 824 390 61 97 standing 1008 421 63 108 moving 934 461 60 127 standing 370 420 49 104 standing
24870.jpg l-pass 1090 452 44 110 standing 999 468 44 121 standing 385 458 68 89 digging 494 420 47 103 standing 659 466 44 117 standing 740 391 29 74 standing 453 366 39 93 standing 221 426 47 117 standing 186 489 58 137 standing 727 447 35 127 standing 722 413 33 130 blocking 1135 402 65 106 moving
140115.jpg r_spike 1008 427 60 114 standing 882 444 65 139 standing 741 377 45 175 spiking 782 425 65 131 standing 806 342 37 137 standing 712 433 39 114 standing 603 366 45 214 blocking 464 379 69 109 standing 242 455 88 148 moving 280 371 82 97 standing 149 419 88 109 digging
61500.jpg r_spike 179 544 113 103 falling 405 503 61 111 falling 87 418 66 135 standing 215 372 77 100 moving 578 349 31 147 standing 758 310 44 132 spiking 858 392 46 120 standing 796 455 80 157 standing 708 424 79 137 standing 705 381 52 107 standing 655 413 60 117 standing
121325.jpg r-pass 591 503 62 60 falling 941 419 64 146 standing 820 376 45 131 standing 644 354 73 137 standing 488 391 71 137 standing 394 351 79 105 standing 417 436 84 133 standing 140 412 67 141 standing 166 374 54 124 standing 676 446 54 116 standing 774 474 51 137 digging 332 443 96 151 standing
70365.jpg r_set 899 519 80 154 standing 865 453 62 118 standing 693 429 50 133 standing 696 402 52 103 digging 968 466 69 88 falling 543 475 41 133 standing 554 433 37 99 standing 569 404 32 107 standing 324 419 54 90 standing 186 447 48 116 standing 276 480 45 118 standing 814 369 43 103 standing
86080.jpg l-pass 276 466 72 80 digging 336 500 49 138 standing 225 469 49 122 standing 315 404 57 96 standing 460 412 57 107 standing 571 436 57 122 jumping 876 463 46 126 standing 1086 452 49 134 standing 1076 405 53 107 standing 729 422 38 119 standing 687 452 46 130 standing 687 429 34 130 standing
129885.jpg l-pass 104 474 77 97 falling 262 478 77 144 moving 231 405 83 109 standing 410 382 66 114 standing 622 492 44 137 standing 592 453 62 144 blocking 1135 422 42 137 standing 825 419 48 123 standing 710 491 59 145 standing 755 424 64 139 standing 685 453 57 127 standing 908 497 56 132 waiting
119585.jpg l_set 446 405 63 150 setting 401 419 41 150 standing 118 452 65 147 standing 197 497 86 162 standing 319 453 68 138 standing 401 357 52 108 standing 612 450 37 139 standing 616 419 37 125 standing 612 390 44 119 standing 819 398 63 116 standing 977 427 51 138 standing 906 505 65 119 waiting
115590.jpg r_set 626 308 63 174 setting 693 413 53 140 standing 858 509 102 149 moving 831 329 55 84 moving 868 366 39 98 standing 550 446 44 147 standing 567 398 39 84 standing 574 340 39 74 standing 291 435 70 137 standing 163 374 70 137 standing 245 353 74 111 standing 835 422 91 140 moving
121220.jpg l_set 501 380 74 160 setting 245 523 118 184 moving 203 406 91 133 standing 360 380 69 121 standing 445 329 65 114 moving 692 446 69 128 standing 686 405 41 118 blocking 693 377 49 102 standing 1003 486 67 130 standing 1129 435 65 132 standing 948 380 65 130 standing
116415.jpg r_spike 924 478 62 124 moving 858 376 49 167 setting 758 453 76 136 moving 671 486 76 145 standing 682 438 51 138 standing 682 388 43 107 standing 527 430 46 133 standing 521 380 52 89 standing 412 469 58 158 standing 273 393 58 103 standing 169 446 63 116 standing
55025.jpg r_spike 957 426 79 132 standing 898 366 62 109 standing 830 468 72 137 standing 748 409 98 170 spiking 705 442 82 127 standing 691 399 67 112 standing 615 377 44 226 blocking 456 371 60 116 standing 301 373 53 104 standing 108 436 69 130 waiting 151 501 100 132 standing
119545.jpg l-pass 516 450 52 126 digging 437 490 80 137 standing 350 442 52 122 standing 485 421 48 120 standing 456 385 48 116 standing 648 464 45 135 standing 625 425 43 126 standing 636 403 33 114 standing 956 445 52 122 waiting 866 478 41 122 standing 803 412 65 111 standing 227 486 61 141 waiting
86355.jpg l-spike 286 379 65 192 spiking 252 425 56 131 standing 434 394 62 133 standing 431 378 69 122 standing 413 339 45 111 standing 537 350 35 156 blocking 531 437 37 139 blocking 626 372 54 124 standing 847 351 65 131 standing 978 383 54 119 waiting 908 443 80 136 digging
121060.jpg l_set 553 382 56 161 setting 635 414 41 122 blocking 647 458 48 143 standing 645 387 37 103 standing 893 407 47 118 standing 1123 434 54 129 standing 950 508 64 114 waiting 403 451 80 135 moving 338 429 62 137 moving 298 377 101 135 moving 211 450 77 139 standing 158 415 92 133 moving
55095.jpg l_set 443 410 52 129 digging 535 419 64 148 standing 398 351 52 118 standing 931 378 54 118 standing 1175 412 50 137 standing 681 431 41 146 blocking 684 382 54 126 standing 983 471 69 135 standing 295 522 88 165 standing 315 474 107 80 falling 80 426 86 133 standing 682 407 54 145 blocking
86155.jpg l-spike 571 307 35 150 blocking 420 318 73 111 spiking 141 427 67 148 standing 226 388 48 126 standing 330 392 54 126 standing 409 443 60 122 standing 759 446 88 141 standing 873 361 48 111 waiting 972 464 84 133 digging 1036 392 58 122 waiting
140220.jpg l-spike 383 301 48 139 spiking 394 378 35 122 standing 541 329 32 139 blocking 570 388 52 122 standing 691 411 62 122 standing 775 350 56 122 standing 833 432 69 114 waiting 981 387 54 118 standing 170 474 56 146 standing 89 425 58 133 standing 153 352 48 111 standing 187 375 75 116 standing
122585.jpg l-pass 255 396 47 131 digging 455 396 84 107 moving 314 492 55 162 standing 568 447 45 126 standing 177 419 43 126 waiting 96 465 71 107 waiting 672 399 26 101 standing 657 411 39 137 blocking 673 462 37 146 standing 880 414 65 116 standing 972 493 58 116 waiting
140310.jpg r_spike 643 300 96 167 spiking 842 387 43 143 standing 755 372 48 129 standing 652 403 82 120 standing 660 449 80 148 standing 1024 432 79 122 waiting 602 293 28 122 blocking 564 361 62 120 standing 469 414 62 122 standing 234 424 77 156 standing 311 357 52 111 standing 90 430 65 129 standing
122640.jpg l-pass 396 412 77 92 digging 480 374 52 161 standing 517 404 28 116 standing 573 375 39 161 blocking 603 429 43 135 standing 589 389 45 101 standing 982 427 45 118 waiting 793 390 54 116 standing 286 479 75 152 standing 136 428 62 118 waiting 789 460 55 122 waiting
86115.jpg l_set 446 432 48 126 digging 247 526 69 161 standing 262 393 69 118 standing 364 346 45 94 moving 447 389 62 114 standing 228 424 48 141 standing 713 375 35 94 standing 703 403 30 90 standing 706 452 50 143 standing 1011 487 103 131 standing 983 392 55 110 waiting 1118 425 67 129 waiting
125515.jpg r-pass 882 409 60 103 digging 953 440 48 114 standing 936 475 45 133 standing 646 483 97 137 standing 668 442 47 131 standing 633 399 41 131 standing 423 427 45 126 standing 308 467 82 148 standing 209 447 56 120 waiting 258 379 37 122 standing 354 400 47 124 moving
122705.jpg l-spike 469 396 64 137 spiking 510 395 42 88 falling 583 374 35 180 blocking 628 389 62 122 standing 711 454 88 135 standing 809 389 65 118 standing 917 480 73 124 standing 1047 417 67 133 standing 431 480 54 184 standing 354 428 50 137 standing 274 416 52 139 standing 150 399 65 144 standing
61700.jpg l-spike 1096 414 76 123 standing 796 380 88 105 digging 884 460 52 145 standing 689 459 103 123 standing 541 308 35 170 blocking 389 302 72 135 spiking 453 391 49 145 standing 375 472 88 160 standing 353 454 54 133 standing 241 410 60 139 standing 302 378 58 123 standing
121385.jpg l-pass 262 404 52 126 digging 481 394 52 120 standing 431 332 48 114 standing 147 405 67 148 standing 280 508 60 188 standing 654 424 41 137 standing 740 376 28 111 standing 721 378 33 171 blocking 743 434 30 135 standing 1190 419 41 137 standing 1057 483 58 126 waiting 933 393 48 120 standing
119635.jpg r-pass 827 406 75 97 digging 688 412 75 116 standing 556 487 28 137 standing 574 484 48 109 standing 1023 436 60 133 standing 955 513 58 131 standing 209 495 64 137 waiting 278 424 62 122 standing 444 432 69 122 standing 465 380 41 101 standing 339 499 80 129 standing 327 474 47 131 standing
70635.jpg r_spike 922 429 103 146 standing 923 410 47 114 standing 797 521 84 169 standing 789 362 35 116 standing 744 414 50 135 standing 688 417 54 161 jumping 618 393 52 84 standing 600 494 50 146 standing 303 404 84 114 waiting 167 451 71 126 waiting 213 487 56 156 waiting 625 443 38 142 standing
116380.jpg r-pass 893 553 99 62 falling 676 483 103 109 falling 803 389 71 122 standing 676 409 67 150 digging 677 481 50 148 standing 713 389 58 92 waiting 328 394 52 112 standing 456 384 79 109 moving 546 455 48 150 standing 185 463 50 135 standing 186 398 52 131 standing 454 469 82 153 moving
61625.jpg l-pass 311 389 84 107 digging 453 368 77 117 standing 259 494 73 156 standing 146 439 58 141 standing 655 438 50 158 blocking 906 473 58 146 waiting 1024 470 64 122 waiting 982 411 60 133 waiting 796 426 65 116 waiting 751 460 43 144 standing 778 443 69 139 standing
115480.jpg l-spike 952 491 75 101 digging 1011 448 64 101 digging 896 389 58 109 standing 736 457 73 122 standing 631 389 35 137 blocking 640 317 28 150 blocking 511 331 62 122 spiking 588 396 33 129 standing 481 483 67 154 standing 331 452 71 122 standing 413 429 45 131 standing 398 415 32 118 standing
138530.jpg l-pass 1056 401 71 129 standing 941 430 41 137 standing 730 428 54 139 standing 642 407 82 129 standing 691 370 54 107 standing 341 476 52 154 standing 239 397 60 144 standing 282 363 58 131 digging 340 352 48 112 standing 77 428 50 131 standing 491 406 60 139 standing 853 370 80 120 moving
115425.jpg l-pass 379 432 45 90 digging 467 446 41 99 standing 580 483 41 103 standing 359 518 45 126 standing 232 464 47 118 standing 277 439 35 105 standing 1146 491 62 124 standing 812 448 48 114 standing 987 459 60 111 standing 694 427 32 73 standing 689 467 35 118 standing 676 428 30 122 blocking
58295.jpg l-spike 1054 429 69 126 standing 918 392 51 107 waiting 733 371 104 107 waiting 577 351 35 196 blocking 836 460 49 126 waiting 444 507 74 156 standing 443 426 88 105 standing 461 376 51 123 standing 425 374 34 170 spiking 335 389 62 125 standing 276 445 69 121 digging
24940.jpg r-pass 776 408 30 107 standing 528 407 45 116 standing 656 482 90 129 moving 509 510 75 137 moving 776 430 48 105 digging 319 529 86 146 moving 272 481 69 126 standing 238 424 54 94 standing 210 444 43 124 standing 376 449 77 122 jumping 376 394 35 111 standing
119725.jpg r-pass 962 397 47 109 standing 818 469 39 135 standing 917 449 43 103 standing 815 352 35 105 standing 754 430 39 129 standing 874 421 64 92 digging 504 446 37 150 standing 594 407 73 128 standing 630 383 35 111 standing 347 393 50 105 standing 291 480 52 129 standing 209 438 52 124 waiting
81860.jpg l-pass 538 409 58 102 moving 586 482 55 128 standing 640 459 44 116 standing 276 445 48 120 standing 850 433 37 123 standing 773 387 37 119 standing 731 469 48 144 standing 720 445 41 139 standing 947 439 46 137 standing 998 438 44 111 standing 412 508 117 75 falling 436 435 71 92 digging
125590.jpg r_spike 795 331 51 86 spiking 904 370 47 126 standing 961 407 43 114 standing 931 452 52 114 standing 834 471 48 150 standing 689 422 51 106 standing 613 345 41 152 blocking 463 445 65 139 standing 285 383 41 103 standing 220 473 67 137 standing 153 440 58 111 waiting
86225.jpg r_set 706 341 45 111 digging 736 410 52 152 standing 1068 387 58 141 standing 1038 361 54 122 standing 958 469 94 154 standing 885 509 88 176 standing 544 433 41 135 standing 544 391 32 135 standing 258 372 67 101 waiting 119 409 50 139 standing 213 446 69 126 standing
54910.jpg l-spike 423 422 61 160 spiking 506 423 54 123 standing 522 384 31 125 standing 473 364 49 111 standing 341 459 64 123 moving 312 426 52 101 moving 589 392 39 174 blocking 630 394 56 111 standing 957 438 56 101 waiting 845 394 64 105 waiting 935 504 76 121 digging
25070.jpg l_set 1062 435 62 131 standing 1003 489 82 118 standing 992 414 48 92 waiting 741 445 35 133 standing 733 419 30 111 standing 756 389 33 111 standing 177 400 48 167 setting 201 471 52 148 standing 419 492 67 131 standing 604 438 43 122 standing 512 376 39 90 standing 407 395 45 101 standing
116495.jpg l-spike 346 362 82 129 spiking 318 396 52 122 standing 440 464 67 161 standing 488 391 48 122 standing 540 359 41 129 standing 493 344 47 120 standing 591 354 41 163 blocking 598 459 48 122 standing 633 387 84 105 standing 1038 434 62 116 standing 934 478 65 122 waiting 890 374 54 109 digging
129830.jpg r_set 908 391 56 112 digging 963 475 80 133 standing 774 391 58 103 standing 593 398 50 118 standing 480 415 58 109 standing 804 540 84 150 moving 382 443 43 133 standing 338 474 54 129 standing 325 390 60 109 standing 76 436 54 129 standing 63 397 69 101 standing
86280.jpg l-pass 153 429 82 100 falling 288 439 69 145 standing 302 370 52 92 standing 495 446 88 122 standing 663 372 43 117 standing 674 333 40 122 blocking 1013 420 60 116 waiting 865 420 86 136 standing 749 425 49 137 standing 743 405 82 114 standing 820 361 57 110 standing 766 345 57 105 standing
115485.jpg l-spike 995 444 71 101 waiting 945 476 73 114 digging 883 391 58 103 standing 770 457 77 118 standing 618 333 41 169 blocking 559 385 41 139 setting 500 324 80 120 digging 482 480 54 141 standing 296 429 48 131 standing 404 403 62 111 standing 345 438 69 116 standing
115730.jpg l-spike 419 331 64 125 spiking 510 415 68 133 standing 357 484 82 164 standing 372 437 56 111 standing 248 401 41 137 standing 294 376 37 127 standing 696 403 80 117 standing 652 385 39 119 standing 889 450 62 143 standing 998 455 64 115 waiting 996 397 60 84 waiting 972 367 49 105 waiting
54990.jpg r_set 915 536 69 156 standing 893 382 67 118 standing 977 382 71 131 standing 763 441 82 116 standing 766 342 50 137 setting 596 364 35 101 standing 588 406 39 110 standing 581 455 45 156 standing 317 373 50 101 standing 268 475 62 143 standing 115 414 58 124 waiting 933 443 77 137 standing
115510.jpg l-pass 397 419 52 85 falling 475 462 74 72 falling 430 478 97 119 standing 322 477 105 88 falling 238 429 55 105 waiting 737 463 99 120 standing 859 382 55 108 standing 638 381 46 111 standing 621 368 40 111 standing 965 419 46 144 standing 946 467 61 114 waiting
54950.jpg r-pass 957 443 50 131 standing 796 402 71 101 standing 719 390 71 122 digging 682 369 65 109 standing 681 504 77 143 standing 620 501 65 148 standing 506 366 30 118 standing 494 394 37 131 standing 472 447 58 143 standing 307 442 43 137 standing 234 435 54 139 moving 167 415 58 131 standing
81820.jpg r_set 1044 459 101 118 moving 872 397 54 80 moving 969 436 45 107 standing 1001 504 77 146 standing 761 413 43 107 setting 734 489 73 122 standing 614 494 41 129 standing 619 421 43 92 standing 630 475 33 112 standing 398 435 47 92 waiting 246 484 52 131 standing 237 454 33 126 standing
61345.jpg l-pass 275 463 60 109 digging 491 405 43 109 standing 638 435 41 114 standing 381 371 41 107 standing 214 440 86 114 standing 188 405 47 114 standing 718 444 30 135 standing 730 396 28 86 standing 700 385 37 141 blocking 899 407 47 103 standing 954 456 65 124 standing
121260.jpg r-pass 1003 406 52 116 standing 811 442 84 128 digging 709 448 94 122 standing 720 361 48 105 standing 529 303 96 126 blocking 424 332 73 120 standing 328 377 47 101 waiting 421 407 77 126 standing 369 480 84 139 waiting 237 417 58 126 digging 331 441 64 122 waiting
70330.jpg r-pass 890 508 41 125 standing 693 460 30 108 standing 711 395 30 94 standing 569 442 37 97 standing 474 478 43 108 standing 286 440 46 86 waiting 261 485 44 110 standing 83 477 65 128 moving 505 423 30 133 blocking 863 469 55 86 digging 879 466 58 71 digging
70525.jpg l-pass 196 402 72 131 digging 380 480 49 125 standing 549 426 50 109 standing 688 482 82 123 standing 753 436 74 127 standing 1101 457 52 125 standing 957 430 56 103 standing 1148 410 54 107 standing
116470.jpg l_set 583 385 55 147 setting 531 384 63 121 standing 421 343 74 104 moving 359 391 60 119 standing 188 419 95 126 moving 256 522 119 170 moving 662 444 51 126 standing 662 378 34 144 blocking 678 378 32 118 standing 880 378 39 114 standing 1073 417 56 126 standing 929 471 46 121 standing
140085.jpg r_set 653 375 52 146 setting 718 443 60 118 standing 851 502 82 150 standing 991 433 80 99 moving 985 408 41 77 standing 913 370 73 107 standing 533 472 43 124 standing 550 419 43 126 standing 549 389 41 112 standing 280 389 69 97 waiting 266 463 50 143 standing 123 448 56 99 waiting
81830.jpg r_spike 905 505 92 146 moving 972 458 80 111 moving 850 385 65 99 moving 938 427 41 111 standing 781 448 65 122 standing 709 415 71 151 spiking 632 466 26 154 blocking 647 405 18 176 blocking 599 422 56 107 standing 398 420 58 99 standing 316 483 52 103 standing 246 463 45 114 standing
129775.jpg r-pass 955 422 47 97 waiting 889 472 75 114 digging 799 398 45 88 waiting 663 452 77 105 standing 539 361 39 126 blocking 430 469 56 133 standing 380 390 41 97 standing 352 428 48 97 waiting 235 415 45 112 standing 171 498 69 131 waiting 110 461 52 114 standing
125400.jpg l-pass 363 406 42 116 digging 639 461 35 109 standing 590 408 62 98 standing 329 476 42 135 standing 238 427 37 121 standing 315 432 35 93 standing 926 433 51 104 standing 996 512 51 95 waiting 747 415 39 109 standing 742 462 27 133 standing 719 412 42 137 blocking
55220.jpg r_spike 882 370 65 164 spiking 936 461 57 148 standing 849 381 52 126 standing 672 475 57 139 standing 691 444 52 139 standing 492 374 79 126 standing 583 422 38 128 standing 219 376 54 90 waiting 158 478 93 131 standing 133 417 65 128 waiting 611 557 63 142 standing 601 404 33 126 standing
140270.jpg r_set 987 408 82 110 moving 743 329 60 99 standing 757 347 43 117 standing 744 449 74 147 standing 880 427 43 133 standing 629 342 58 181 setting 470 445 41 142 standing 501 390 43 133 standing 491 351 44 125 standing 161 417 65 153 standing 237 370 51 103 standing 2 420 57 122 waiting
140095.jpg r_spike 687 393 86 161 spiking 833 518 92 148 moving 871 375 65 105 moving 974 439 39 107 standing 992 425 45 97 standing 556 481 39 129 standing 580 435 30 137 standing 546 405 77 101 standing 301 392 67 103 waiting 271 483 54 130 waiting 119 469 62 94 waiting 704 419 57 128 standing
82145.jpg r_spike 763 297 46 137 spiking 808 397 58 126 standing 925 425 51 140 standing 752 459 44 160 standing 685 414 49 160 standing 625 301 32 181 blocking 508 430 70 132 standing 405 360 65 105 moving 246 444 79 133 standing 94 413 56 116 standing
125560.jpg r_set 997 435 80 124 moving 893 385 88 92 moving 897 552 99 164 moving 737 442 69 122 moving 738 340 45 165 setting 471 380 41 114 standing 476 431 39 109 standing 472 466 37 133 standing 181 396 62 99 moving 83 435 67 129 standing 178 474 60 133 standing 911 473 56 122 standing
82115.jpg r_set 995 408 84 118 moving 883 532 88 175 moving 833 365 47 114 moving 743 445 54 131 standing 700 385 48 154 setting 902 448 64 135 standing 562 376 39 101 standing 266 460 54 148 standing 144 427 45 131 standing 315 392 69 109 waiting 544 457 58 126 standing 558 406 50 161 blocking
58450.jpg l_set 1096 415 62 135 standing 994 485 84 137 standing 923 392 52 107 standing 666 475 45 141 standing 664 420 39 109 standing 677 369 37 123 standing 466 418 45 188 setting 513 417 50 160 jumping 413 346 54 101 moving 312 513 107 178 moving 157 422 109 135 moving 187 399 66 123 moving
138625.jpg r_set 1044 511 96 166 moving 1001 417 92 113 moving 816 333 78 107 moving 671 394 71 123 moving 611 336 53 159 setting 548 360 35 114 standing 545 405 36 110 standing 528 456 37 149 standing 224 371 75 102 standing 247 451 63 148 standing 88 417 57 117 waiting 912 373 46 111 standing
81975.jpg l-pass 398 459 72 126 digging 300 435 51 119 standing 573 461 79 112 standing 533 373 46 109 moving 706 358 37 128 blocking 930 438 74 123 standing 853 405 53 112 standing 873 392 48 104 standing 757 403 60 128 standing 788 487 86 147 standing 752 370 30 121 standing
61510.jpg r_spike 198 569 117 88 falling 409 466 107 137 moving 613 299 37 159 blocking 320 373 49 112 moving 126 416 85 137 moving 874 387 40 127 standing 771 454 88 140 standing 679 415 68 121 standing 708 390 63 110 standing 758 362 43 121 moving 803 433 75 127 standing
125495.jpg l-spike 1065 458 43 118 standing 923 417 62 110 standing 653 427 73 115 standing 639 492 50 126 standing 614 465 39 109 standing 971 522 52 121 standing 313 437 53 148 spiking 477 442 51 105 standing 415 404 41 109 standing 271 453 52 116 standing 280 395 36 116 standing 346 409 42 91 standing
119485.jpg l-pass 277 529 82 98 digging 444 510 61 133 moving 617 480 37 119 standing 470 453 40 98 standing 353 411 39 106 moving 214 483 68 113 standing 704 459 32 114 standing 726 439 33 116 standing 681 437 29 130 blocking 1066 434 48 103 standing 992 464 47 117 standing 905 487 40 110 standing
115555.jpg r-pass 965 450 60 125 standing 896 419 63 123 digging 833 487 63 144 moving 799 357 58 116 moving 752 417 62 121 moving 671 387 79 118 standing 370 476 86 93 falling 493 455 44 147 standing 576 376 32 137 standing 528 395 48 116 standing 394 377 46 118 standing 272 382 79 111 moving
115455.jpg l_set 1053 481 52 101 waiting 959 518 67 115 waiting 878 427 41 100 standing 695 420 35 107 standing 676 471 41 117 standing 673 412 31 150 blocking 560 429 49 136 setting 383 400 84 95 moving 328 540 93 165 moving 231 440 108 118 moving 310 480 45 122 standing
55185.jpg r_set 1006 419 86 133 moving 948 495 58 148 standing 797 394 58 130 standing 719 528 72 83 falling 642 490 55 185 setting 616 485 55 164 standing 500 454 49 150 standing 337 451 74 142 standing 533 407 37 145 standing 543 371 43 133 standing 210 422 60 150 standing 234 392 63 97 standing
55130.jpg l-spike 1091 438 61 117 standing 982 509 77 127 waiting 876 367 82 121 standing 673 402 61 117 moving 604 368 47 225 blocking 485 407 70 131 standing 480 354 58 119 standing 347 432 51 133 moving 216 450 50 133 standing 374 387 58 119 standing 371 377 75 197 spiking
140140.jpg l-pass 448 413 62 133 moving 418 413 45 115 digging 597 451 62 140 standing 643 467 40 140 standing 715 479 40 150 moving 707 410 41 134 standing 813 412 55 133 standing 882 442 57 150 standing 774 357 37 120 standing 1031 436 55 128 standing 274 427 57 105 waiting 292 380 49 108 standing
58475.jpg l-spike 1047 412 61 118 waiting 922 383 80 102 standing 933 469 57 133 waiting 578 378 45 184 blocking 439 345 49 120 moving 313 347 68 152 spiking 320 376 47 119 standing 428 440 75 145 standing 401 471 64 152 standing 334 482 80 163 standing
55155.jpg r-pass 990 417 49 137 moving 921 476 82 133 moving 783 371 86 139 standing 670 492 49 66 falling 567 450 37 166 standing 599 466 35 141 standing 267 388 64 129 standing 223 439 70 143 standing 386 436 50 147 standing 458 466 52 123 standing 441 410 80 131 moving 497 366 45 123 standing
140235.jpg r-pass 922 387 41 103 standing 842 422 39 111 standing 712 312 39 148 setting 666 418 56 101 standing 576 388 66 127 standing 530 332 43 131 standing 219 455 78 133 standing 373 377 60 125 standing 410 335 70 111 moving 224 371 37 98 standing 7 424 60 121 standing 44 373 33 111 standing
54890.jpg l_set 611 393 37 142 setting 558 395 51 116 standing 388 395 80 94 moving 377 518 63 148 moving 282 422 49 123 moving 333 456 52 123 moving 672 468 32 111 standing 661 438 26 110 standing 663 407 43 116 standing 1010 459 58 103 waiting 925 503 63 117 waiting 850 407 40 113 standing
24915.jpg l-spike 945 442 44 108 standing 849 419 77 96 standing 836 494 52 133 standing 619 426 38 159 blocking 653 410 58 96 jumping 509 437 51 153 spiking 555 446 43 113 moving 478 376 41 100 standing 433 412 38 108 standing 320 480 51 136 standing 361 449 63 103 standing
119620.jpg l-spike 1005 522 73 129 standing 1057 455 62 124 standing 880 421 88 92 standing 727 405 56 107 standing 585 399 58 141 blocking 595 421 37 182 blocking 379 422 60 169 spiking 472 422 56 133 standing 479 368 41 107 standing 347 473 41 129 standing 348 419 39 109 standing 217 489 69 124 standing
70620.jpg r_set 882 534 146 178 moving 1000 430 109 133 moving 924 406 75 116 moving 804 352 65 109 moving 668 450 90 156 standing 633 364 48 160 setting 550 399 32 118 standing 556 414 35 169 blocking 522 469 62 150 standing 206 481 54 161 standing 244 410 56 94 waiting 103 448 52 129 standing
61670.jpg l_set 1000 483 69 146 waiting 1144 427 52 137 standing 883 401 67 101 waiting 659 450 50 148 standing 657 422 43 114 standing 668 376 39 111 standing 555 409 45 126 standing 435 397 50 190 setting 308 528 101 161 moving 169 413 103 137 standing 364 382 60 114 standing 413 348 50 101 standing
121030.jpg l-pass 1017 507 58 112 waiting 968 414 51 118 standing 731 459 32 151 standing 712 396 37 144 blocking 731 392 35 133 standing 613 446 42 128 standing 502 399 53 104 moving 310 414 56 112 digging 366 448 56 154 standing 188 441 65 126 standing 244 414 49 121 standing
116440.jpg l-pass 1001 458 58 124 standing 894 399 71 120 standing 967 422 52 143 standing 687 394 35 118 standing 686 423 35 131 standing 683 454 33 137 standing 589 440 47 126 standing 469 428 80 96 digging 456 377 62 92 standing 328 491 60 156 standing 195 431 58 128 standing 347 412 58 97 standing
61460.jpg r_set 1024 429 71 129 standing 888 532 94 169 standing 644 464 80 129 digging 746 401 69 122 standing 765 358 69 97 moving 555 429 35 139 standing 444 438 35 143 standing 457 387 37 131 standing 115 490 77 148 moving 141 479 84 146 moving 177 426 75 141 standing 136 403 62 101 standing
119820.jpg l-spike 1040 423 55 113 standing 829 491 91 113 waiting 759 391 63 108 standing 576 340 27 165 blocking 459 314 66 145 spiking 443 419 69 125 standing 412 485 63 150 standing 368 396 44 114 standing 266 441 57 117 waiting 352 466 92 120 standing
121090.jpg r-pass 887 335 61 153 setting 945 447 46 137 standing 814 361 83 102 waiting 641 349 85 100 standing 589 401 51 144 standing 563 398 29 159 blocking 493 447 57 154 standing 411 380 79 122 standing 458 349 71 127 standing 467 319 48 119 standing 350 427 58 134 standing 271 385 63 116 waiting
50640.jpg r_winpoint 192 438 51 155 standing 251 379 49 134 standing 345 411 89 49 falling 486 429 58 135 standing 556 396 43 133 standing 604 373 60 127 standing 970 393 45 140 jumping 832 425 42 134 standing 782 414 43 131 standing 809 385 54 119 standing 850 401 49 133 standing 936 376 50 130 standing
34050.jpg l_winpoint 197 440 70 124 jumping 317 420 77 121 standing 248 471 90 150 standing 470 512 58 119 standing 549 478 52 127 standing 772 532 63 68 falling 818 496 35 122 standing 741 420 50 104 standing 788 438 39 111 standing 636 546 56 137 standing 673 472 44 121 standing 403 415 65 125 standing
39870.jpg r_winpoint 877 459 63 130 standing 859 468 39 123 standing 810 466 64 123 standing 856 446 78 129 standing 802 435 71 125 standing 754 442 68 123 standing 439 453 68 129 standing 446 427 57 120 standing 408 472 51 143 standing 284 430 52 115 standing 205 476 56 130 standing 175 461 50 130 standing
30570.jpg r_winpoint 231 455 64 106 standing 307 481 51 113 falling 346 495 75 49 falling 427 506 72 72 falling 487 455 54 130 standing 471 420 64 121 standing 753 449 40 121 standing 808 451 36 127 standing 824 436 32 118 standing 791 429 29 119 standing 753 433 30 116 standing 776 432 22 121 standing
46875.jpg l_winpoint 350 489 41 114 standing 321 481 29 113 standing 346 475 30 103 standing 374 474 34 108 standing 631 496 33 108 standing 689 469 26 108 standing 845 526 66 122 standing 955 468 37 104 standing 1086 505 42 113 standing 1029 514 53 115 standing
31560.jpg l_winpoint 1092 429 52 131 standing 996 413 33 122 standing 910 482 43 156 standing 844 399 40 121 standing 700 429 64 130 standing 575 415 71 125 standing 315 404 82 124 standing 287 412 40 132 standing 245 428 66 129 standing 149 423 68 136 standing 158 401 55 123 standing 107 414 57 128 standing
49860.jpg r_winpoint 197 436 52 131 standing 251 475 42 151 standing 266 411 49 124 standing 334 493 68 140 standing 582 419 37 125 standing 625 400 41 117 standing 776 431 63 145 standing 813 436 43 131 standing 839 464 67 128 standing 871 442 42 125 standing 873 435 94 126 standing 956 425 53 149 standing
48150.jpg l_winpoint 167 485 57 154 standing 271 493 68 148 standing 273 426 70 119 standing 580 494 73 154 standing 573 486 98 132 standing 561 437 63 115 standing 734 453 52 133 standing 753 411 39 115 standing 878 512 58 155 standing 896 475 43 136 standing 958 408 53 123 standing 1035 466 48 122 standing
42870.jpg r_winpoint 887 416 63 116 standing 879 432 70 116 standing 771 442 53 120 standing 744 428 92 106 standing 786 364 38 138 standing 763 371 38 119 standing 578 389 38 112 standing 492 401 59 112 standing 483 435 38 135 standing 326 496 39 67 falling 319 395 39 112 standing 174 459 72 135 standing
43320.jpg l_winpoint 1178 448 58 116 standing 915 487 46 128 standing 887 430 45 109 standing 648 480 56 124 standing 663 442 38 121 standing 651 430 38 114 standing 511 474 77 115 standing 466 439 58 120 standing 361 438 43 121 standing 350 484 77 130 standing 286 482 67 121 standing 312 443 63 127 standing
36585.jpg r_winpoint 790 449 50 118 standing 790 431 49 118 standing 721 465 62 111 standing 746 436 43 108 standing 692 451 48 110 standing 699 436 40 117 standing 577 416 45 106 standing 563 410 48 101 standing 447 477 59 115 standing 310 468 41 129 standing 318 476 45 52 falling 218 451 38 119 standing
