35490.jpg r-pass 1048 405 47 117 standing 906 336 81 99 digging 915 430 55 124 standing 840 388 64 125 standing 817 356 69 112 moving 736 479 90 129 standing 606 461 65 144 standing 650 459 55 146 standing 690 442 46 144 standing 474 326 59 113 standing 277 428 71 132 standing 238 369 54 104 standing
60765.jpg r_spike 1184 408 49 108 waiting 947 314 53 106 standing 872 415 72 108 standing 819 396 67 153 spiking 758 373 57 101 standing 776 347 48 108 standing 738 384 51 159 blocking 718 376 43 161 blocking 707 347 46 116 standing 510 354 67 98 standing 388 450 59 128 waiting 388 385 47 99 waiting
59520.jpg r_spike 971 457 61 143 standing 927 406 89 112 waiting 794 364 79 186 spiking 760 458 53 90 falling 731 391 53 121 standing 693 362 60 184 blocking 686 353 44 179 blocking 654 335 47 120 standing 433 361 59 100 waiting 342 459 57 151 standing 255 383 69 114 waiting 926 288 60 117 moving
35370.jpg r-pass 94 488 65 147 standing 105 403 38 113 standing 282 364 42 125 standing 366 336 45 110 standing 415 333 32 108 standing 430 351 78 98 standing 387 413 33 135 standing 319 493 58 148 standing 543 470 77 118 waiting 686 350 69 92 standing 774 455 98 50 falling 846 455 59 101 waiting
36770.jpg r-pass 899 352 49 106 standing 850 408 62 96 waiting 759 368 50 104 waiting 709 451 59 133 standing 675 347 44 132 setting 560 351 43 111 standing 493 398 35 129 standing 485 355 44 125 standing 394 431 79 110 standing 255 532 83 157 moving 263 450 55 143 standing 158 381 53 114 standing
53995.jpg r-pass 962 457 60 117 digging 902 414 83 111 digging 964 342 48 95 standing 751 450 70 139 standing 591 407 57 108 standing 459 425 47 131 standing 484 394 42 131 standing 485 378 38 106 standing 289 389 39 129 standing 248 421 49 112 standing 62 461 63 106 standing 883 374 53 95 digging
60705.jpg r-pass 1054 391 52 103 waiting 946 405 39 120 standing 854 334 40 135 setting 760 366 47 95 standing 658 366 53 106 standing 675 324 46 109 standing 560 413 52 122 standing 572 353 48 110 standing 558 319 42 96 standing 376 333 44 102 standing 310 369 50 113 standing 251 434 46 134 standing
36815.jpg r_spike 306 391 70 109 standing 444 366 45 88 waiting 421 433 85 135 standing 727 461 51 140 standing 743 319 34 174 blocking 749 314 33 156 blocking 823 301 61 150 spiking 814 341 45 126 jumping 987 304 106 96 moving 957 403 67 108 standing 969 513 81 129 moving 1089 439 71 127 standing
60545.jpg r_spike 374 395 53 108 digging 477 438 87 122 waiting 469 326 50 89 waiting 737 432 56 125 moving 817 258 44 177 blocking 892 365 49 112 standing 864 442 61 147 moving 961 404 63 102 waiting 1005 368 47 104 standing 976 225 45 147 spiking 1135 385 60 98 waiting
35535.jpg r_set 963 497 82 143 moving 929 392 47 149 setting 982 370 46 110 standing 906 316 59 94 moving 657 365 59 121 standing 642 334 48 96 moving 505 446 47 131 standing 509 383 29 135 standing 461 377 46 101 standing 209 334 49 118 standing 130 442 65 137 standing 108 392 40 115 standing
54130.jpg l-pass 1071 417 59 113 standing 969 416 69 134 standing 957 334 48 115 standing 902 365 37 110 standing 837 448 66 141 standing 813 381 31 135 standing 734 441 48 144 standing 673 418 64 137 standing 674 386 66 107 digging 509 345 67 96 moving 470 426 84 118 moving 380 404 79 76 moving
48240.jpg l_set 1075 473 54 117 waiting 1022 374 51 121 standing 948 349 44 111 standing 695 442 44 121 standing 671 401 42 128 standing 667 367 53 114 standing 532 425 59 136 digging 526 364 41 123 standing 440 317 51 92 moving 314 377 55 120 standing 303 505 75 84 falling 227 436 60 113 standing
59630.jpg l-spike 1078 450 77 130 waiting 944 329 63 101 waiting 670 253 45 154 blocking 675 250 46 150 blocking 573 350 98 129 standing 545 439 86 140 standing 550 228 71 138 spiking 446 333 63 103 digging 280 432 87 158 standing 70 359 75 111 moving
36640.jpg r_spike 279 402 81 103 waiting 354 460 82 135 standing 475 371 55 82 digging 697 400 53 110 moving 766 366 49 176 blocking 774 407 48 176 blocking 838 419 57 123 standing 901 425 100 155 spiking 970 335 53 89 moving 1027 387 88 89 waiting 1010 465 49 115 standing 1107 437 76 107 waiting
35325.jpg l_set 1083 462 66 109 waiting 1069 391 59 90 waiting 866 351 92 79 waiting 692 408 58 124 standing 690 363 43 118 standing 690 338 41 110 standing 616 349 47 162 setting 573 291 44 146 setting 447 301 63 98 moving 382 384 80 119 moving 284 405 40 114 standing 215 458 71 130 standing
60655.jpg l-spike 1147 410 69 113 moving 855 457 77 119 digging 763 368 61 103 digging 570 281 39 151 blocking 571 273 38 140 blocking 442 374 54 88 waiting 379 433 78 113 waiting 380 246 60 118 spiking 318 298 35 94 standing 232 363 52 107 standing 166 461 69 142 standing
26235.jpg l_set 197 446 84 136 standing 281 383 69 112 moving 313 347 49 92 standing 477 313 66 81 moving 573 361 47 161 setting 524 443 65 123 standing 656 396 42 158 blocking 656 390 42 144 blocking 660 356 65 102 waiting 834 369 49 108 waiting 1041 414 61 95 digging 1063 445 69 116 standing
26060.jpg l-spike 966 439 52 111 waiting 921 368 57 89 waiting 751 352 63 94 waiting 468 388 78 154 blocking 488 360 54 164 blocking 336 412 67 131 standing 352 338 51 114 standing 250 396 58 164 spiking 238 432 46 133 standing 99 387 64 90 waiting 55 488 61 110 waiting
26170.jpg r_spike 200 367 69 96 standing 304 434 79 129 moving 456 350 63 90 digging 670 393 53 167 blocking 686 400 42 185 blocking 647 442 59 118 standing 739 466 83 108 waiting 819 456 98 142 spiking 859 456 55 114 waiting 784 392 80 73 waiting 977 412 61 109 standing 1104 442 71 114 moving
60740.jpg r_set 346 427 79 132 standing 367 390 43 113 waiting 504 337 54 109 standing 643 455 50 135 standing 645 378 42 117 standing 653 298 44 157 blocking 726 345 48 144 standing 696 290 39 147 setting 898 460 80 124 moving 969 407 73 93 moving 929 331 77 89 moving 1126 381 54 114 standing
59530.jpg l-pass 966 485 53 139 waiting 903 432 73 110 waiting 925 302 55 122 standing 797 491 51 142 standing 762 447 77 100 waiting 751 394 53 127 standing 697 397 43 199 blocking 693 406 39 179 blocking 629 351 60 119 digging 426 370 75 96 waiting 341 471 64 149 standing 256 392 76 111 waiting
26190.jpg l-pass 336 346 57 84 waiting 482 406 67 108 moving 579 371 63 67 falling 730 407 54 138 moving 750 455 69 139 standing 787 441 32 160 standing 882 519 53 141 standing 850 447 65 122 standing 879 355 82 108 standing 1000 393 51 128 standing 964 452 60 111 standing 1105 463 57 112 waiting
26260.jpg l-spike 242 466 63 147 standing 225 368 52 100 waiting 378 377 46 113 standing 391 443 80 116 waiting 463 436 49 137 standing 427 267 76 112 spiking 522 271 41 144 blocking 519 339 39 143 blocking 536 440 74 127 standing 679 337 63 94 moving 862 441 64 108 waiting 909 401 59 98 waiting
28225.jpg r_set 978 373 85 101 moving 905 309 85 81 moving 914 415 46 120 standing 938 516 101 137 moving 771 406 39 122 standing 766 279 36 139 setting 655 440 44 144 standing 653 365 41 124 standing 668 315 37 122 blocking 373 432 56 143 standing 387 322 62 103 standing 280 391 44 112 standing
28155.jpg l-pass 149 441 59 113 waiting 313 379 102 102 falling 417 343 72 104 standing 463 388 29 136 standing 354 445 58 116 waiting 411 477 76 122 moving 502 461 86 131 standing 497 445 49 135 standing 592 361 50 111 standing 752 342 73 97 standing 862 373 62 102 waiting 890 469 61 131 standing
54225.jpg l-spike 1077 388 48 110 standing 901 433 75 115 waiting 784 337 55 94 waiting 693 429 49 114 waiting 522 280 35 134 blocking 504 259 45 127 blocking 466 373 44 129 standing 338 278 67 123 spiking 290 336 45 118 standing 226 390 68 98 waiting 182 438 76 143 standing 81 382 52 116 waiting
35455.jpg r_spike 1180 375 72 85 waiting 1112 415 60 119 standing 964 327 68 112 standing 959 446 74 110 waiting 910 400 113 151 spiking 845 387 43 131 standing 797 377 46 180 blocking 791 356 49 175 blocking 802 331 34 171 blocking 563 323 80 93 waiting 350 423 96 124 moving 334 356 49 91 waiting
48195.jpg l-pass 1022 369 49 114 standing 951 436 54 111 standing 960 336 52 107 standing 912 377 47 116 standing 828 338 53 101 standing 827 332 50 98 standing 597 468 64 95 digging 541 429 47 131 standing 513 354 72 85 moving 418 445 44 110 standing
35590.jpg r-pass 284 373 57 97 waiting 426 433 48 147 standing 502 329 70 97 waiting 729 406 66 91 standing 716 411 89 139 blocking 753 439 48 132 standing 816 435 49 124 standing 806 395 65 127 standing 960 351 89 139 moving 984 414 67 120 standing 1038 450 55 125 standing 1073 351 69 101 waiting
59455.jpg r-pass 870 406 71 96 standing 759 368 47 188 setting 622 338 84 102 standing 417 395 82 125 moving 416 371 66 118 standing 439 329 70 89 standing 338 311 48 110 standing 360 364 49 127 standing 286 412 59 139 standing 164 374 71 109 standing 88 490 64 158 standing 98 420 55 126 standing
60555.jpg l-pass 442 391 55 107 digging 530 334 47 83 waiting 553 447 85 98 digging 754 428 83 97 waiting 862 251 77 133 blocking 876 289 48 127 standing 935 427 66 129 standing 932 367 67 103 waiting 995 300 76 111 standing 1015 405 88 100 waiting 1125 370 45 95 waiting 1236 381 42 104 waiting
48175.jpg r_spike 929 265 53 130 spiking 991 402 77 109 moving 848 404 68 116 moving 935 483 63 130 moving 1131 453 90 109 digging 1162 429 71 81 standing 770 284 34 166 blocking 773 286 24 130 blocking 583 459 108 121 standing 431 465 95 118 standing 320 473 59 98 waiting 417 356 48 98 waiting
28140.jpg l-spike 213 428 66 110 waiting 360 390 53 164 spiking 396 357 51 124 standing 458 305 67 119 standing 420 447 61 106 waiting 522 402 41 132 standing 561 358 39 148 blocking 554 385 55 167 blocking 605 348 72 94 moving 817 345 64 98 waiting 933 381 61 92 waiting 962 481 56 122 waiting
28115.jpg l_set 229 478 82 122 standing 343 413 43 116 standing 370 372 98 119 moving 462 298 79 96 moving 547 336 77 151 spiking 626 362 46 175 setting 711 344 48 112 standing 702 394 46 130 standing 706 395 51 157 standing 885 367 51 102 standing 1055 466 61 112 waiting 1108 420 74 96 waiting
48280.jpg l-spike 118 426 57 91 waiting 246 482 81 139 standing 295 367 48 119 standing 359 391 56 124 standing 391 486 93 122 waiting 375 297 83 86 spiking 523 287 47 153 blocking 524 293 39 163 blocking 856 362 53 96 waiting 803 473 74 119 waiting 1094 422 79 110 waiting
26020.jpg l_set 141 475 79 134 standing 138 578 42 140 standing 317 392 38 122 standing 434 366 39 141 setting 500 359 35 123 standing 406 312 58 92 moving 693 416 51 130 standing 683 386 54 120 standing 685 367 64 116 standing 1073 470 57 112 waiting 1105 385 70 112 standing 1028 389 45 120 moving
59580.jpg l-pass 451 477 85 158 standing 399 360 64 125 digging 743 327 49 115 standing 912 289 46 107 moving 970 399 49 151 standing 992 452 43 159 standing 1127 334 30 130 standing 1129 380 37 144 standing 1146 423 50 150 standing
36695.jpg l_set 124 482 84 122 moving 303 464 66 125 standing 395 366 54 99 standing 469 558 101 150 digging 546 338 47 115 standing 657 450 68 144 standing 765 449 53 143 standing 769 397 36 116 standing 791 375 60 103 moving 862 329 47 119 standing 1071 458 59 119 standing 1127 404 75 114 moving
59435.jpg l-spike 144 476 76 147 standing 213 405 82 132 standing 276 346 56 109 standing 440 310 47 107 standing 483 302 82 135 spiking 472 406 66 134 standing 600 336 61 195 blocking 600 305 53 184 blocking 810 346 75 97 waiting 909 456 93 118 waiting 1063 399 63 101 waiting
59425.jpg l_set 149 461 92 147 moving 251 399 65 122 moving 315 339 67 106 standing 417 318 83 96 moving 543 330 53 159 setting 573 332 48 170 setting 696 344 41 120 standing 691 382 48 124 standing 696 414 61 140 standing 891 356 85 87 waiting 1004 464 100 116 waiting 1151 408 77 99 waiting
54175.jpg l-pass 206 441 66 132 standing 398 383 51 139 digging 367 387 41 119 standing 356 324 43 113 standing 452 315 47 86 moving 610 372 37 133 standing 731 416 48 121 standing 732 370 34 127 standing 716 357 32 112 standing 961 318 50 118 standing 1010 440 49 147 standing 1189 380 46 112 standing
59390.jpg l-pass 99 441 45 156 standing 326 425 43 137 standing 378 378 45 118 waiting 491 322 55 132 setting 484 423 58 153 standing 669 424 92 130 waiting 773 360 54 121 standing 792 382 46 139 standing 800 404 47 158 standing 1021 362 66 132 standing 1211 470 67 146 standing
60615.jpg l_set 288 383 46 120 standing 551 425 53 132 standing 934 352 65 117 standing 561 289 39 91 moving 469 277 32 141 setting 139 483 80 136 moving 1119 445 52 124 standing 1238 402 41 123 standing 582 353 48 115 standing 735 397 36 131 standing 729 376 44 114 standing 746 343 27 86 standing
36750.jpg l-spike 956 431 55 118 standing 944 351 47 96 standing 748 348 69 106 standing 582 432 45 131 standing 582 397 56 102 standing 546 372 49 108 standing 473 427 41 144 standing 418 348 67 118 standing 307 368 54 162 setting 222 456 46 140 standing 139 396 53 114 standing
36610.jpg r_set 951 513 101 140 moving 979 448 51 116 standing 972 396 50 109 standing 938 310 68 95 standing 836 316 39 134 setting 735 398 65 128 standing 556 468 54 140 standing 558 391 48 120 standing 568 369 43 100 standing 193 463 59 141 standing 239 362 34 109 standing 114 405 53 116 standing
48105.jpg r-pass 109 443 54 132 moving 217 478 57 107 waiting 318 462 65 139 standing 467 431 55 134 standing 507 408 38 127 standing 507 391 40 123 standing 653 386 41 113 standing 774 362 55 103 standing 801 321 64 100 standing 912 386 56 97 digging 961 425 42 112 standing 979 468 56 120 standing
36655.jpg l-pass 367 406 73 85 waiting 535 370 80 87 waiting 438 496 83 101 digging 713 418 79 102 standing 841 421 48 172 blocking 843 452 41 166 blocking 894 430 59 130 standing 954 503 90 124 standing 975 355 75 91 waiting 1095 374 91 106 standing 1061 470 58 121 waiting 1176 463 64 114 waiting
35415.jpg r_set 726 356 60 127 standing 893 312 41 131 setting 920 423 79 127 standing 997 486 78 153 moving 990 412 53 114 standing 1001 300 67 94 moving 594 440 49 137 standing 605 368 37 139 standing 597 352 37 113 standing 357 322 67 118 standing 270 431 50 138 standing 218 377 48 110 standing
60515.jpg r_set 163 420 51 112 standing 270 351 70 97 standing 216 481 97 116 waiting 542 456 58 138 standing 551 368 41 110 blocking 548 363 35 75 standing 693 319 43 138 setting 737 395 43 106 standing 843 461 87 128 moving 904 425 65 95 moving 866 373 47 96 waiting 899 312 73 92 moving
35575.jpg r_spike 996 443 54 109 standing 993 352 65 100 waiting 953 421 53 111 standing 917 388 59 103 standing 813 402 82 141 spiking 750 400 59 130 standing 696 365 39 176 blocking 676 361 61 173 blocking 694 352 43 173 blocking 430 344 66 89 digging 265 452 89 131 standing 236 382 58 95 waiting
54045.jpg r_set 336 333 36 116 standing 245 396 39 117 standing 275 437 44 141 standing 611 430 53 129 standing 617 375 30 87 standing 619 351 38 62 standing 814 384 64 121 standing 1079 498 70 137 moving 1103 385 51 111 standing 1021 388 65 119 moving 1040 302 60 96 standing 945 333 43 122 setting
60485.jpg r-pass 863 324 39 99 standing 820 424 59 105 waiting 724 409 61 137 setting 659 437 70 137 standing 656 347 55 96 standing 494 363 37 114 standing 399 434 29 137 standing 390 396 39 126 standing 376 375 27 126 standing 66 437 52 131 standing 57 348 55 103 standing 5 429 31 123 standing
35350.jpg l-spike 863 443 56 112 waiting 855 395 54 94 waiting 716 339 53 97 waiting 517 446 74 117 standing 467 288 44 162 blocking 455 274 31 118 jumping 365 257 81 110 spiking 306 383 41 135 standing 134 402 56 95 digging 150 479 64 152 standing 385 484 55 138 standing 430 399 39 114 standing
48145.jpg r_set 869 323 59 93 moving 825 338 51 135 setting 934 450 48 120 standing 977 404 68 117 moving 976 520 80 123 moving 786 417 55 119 standing 522 463 54 138 standing 550 412 42 125 standing 557 376 29 113 standing 230 470 83 127 standing 253 370 42 114 standing 165 449 48 114 standing
28070.jpg l-pass 186 409 59 140 standing 325 367 48 122 standing 425 404 37 143 digging 531 316 38 112 standing 565 348 56 126 standing 748 424 69 131 standing 863 385 40 134 standing 846 372 32 127 standing 859 343 37 63 standing 1150 419 56 117 standing 1219 411 38 131 standing
28185.jpg r-pass 945 427 57 127 standing 982 360 44 94 standing 846 318 46 115 standing 744 310 33 135 digging 665 479 91 139 standing 674 457 92 136 standing 510 480 78 150 standing 520 414 45 115 standing 572 377 38 133 standing 576 324 50 125 standing 506 354 52 100 standing 317 397 55 115 standing
60800.jpg l-pass 426 432 80 127 standing 443 343 77 116 digging 524 334 56 104 standing 809 312 54 105 standing 851 469 76 152 moving 932 478 53 127 moving 1006 468 43 151 standing 1005 374 54 150 standing 1048 319 38 103 standing 1240 458 38 132 standing
59495.jpg r_set 932 295 79 93 moving 970 390 80 112 moving 958 419 82 139 standing 800 459 92 122 moving 652 354 52 170 jumping 630 308 38 151 setting 561 444 48 147 standing 578 353 32 159 blocking 567 327 37 127 standing 341 375 46 113 standing 263 447 75 152 standing 181 390 67 126 standing
60675.jpg l-pass 993 390 63 111 standing 761 430 75 112 standing 694 354 51 115 standing 498 340 58 101 standing 479 309 63 129 blocking 375 354 63 106 falling 323 329 67 99 standing 297 437 81 116 waiting 135 459 72 130 standing 175 367 44 116 standing 215 320 46 101 standing
26130.jpg r_set 101 376 70 106 standing 79 477 64 145 standing 46 414 58 131 standing 868 520 99 133 moving 846 361 54 156 setting 781 438 74 127 standing 1025 383 54 116 standing 541 439 32 140 standing 542 380 46 121 standing 375 441 58 138 standing 450 421 39 144 standing 462 397 44 140 standing
25980.jpg l-pass 161 422 53 134 standing 271 385 47 129 standing 476 337 44 117 standing 514 360 52 120 standing 343 454 42 123 digging 688 445 60 132 standing 783 388 27 129 standing 801 392 40 127 standing 818 370 56 116 standing 1117 434 54 117 standing 1162 401 42 129 standing 1178 453 65 128 standing
54090.jpg r_spike 1124 442 60 101 digging 1130 375 91 96 moving 953 402 78 137 spiking 929 450 69 102 digging 936 358 65 102 standing 834 406 67 113 standing 800 382 46 154 blocking 788 357 53 168 blocking 785 336 59 159 blocking 518 330 41 83 standing 376 438 80 125 moving 312 375 54 80 waiting
28255.jpg r_spike 295 398 49 103 digging 348 331 66 99 standing 441 422 79 129 waiting 657 422 65 126 standing 736 251 64 148 blocking 758 241 44 133 blocking 791 376 46 109 standing 812 348 31 107 standing 839 434 52 141 standing 920 345 49 108 standing 882 224 37 134 spiking 1066 397 57 114 standing
36805.jpg r_set 1065 439 77 117 moving 1011 404 62 97 moving 989 510 99 138 moving 988 324 71 84 moving 796 351 51 144 standing 757 303 37 153 setting 653 466 52 137 standing 671 376 39 131 standing 676 335 40 139 blocking 393 432 51 136 standing 383 372 46 87 waiting 317 391 40 115 standing
36555.jpg r-pass 949 460 40 117 standing 935 439 46 86 falling 901 385 65 90 waiting 941 332 48 105 standing 703 351 59 95 standing 613 392 48 101 standing 486 375 33 126 standing 460 454 49 132 standing 461 425 33 139 standing 173 463 53 144 standing 181 395 52 88 waiting 82 406 100 112 moving
26075.jpg r-pass 114 466 51 125 waiting 4 387 37 80 waiting 195 500 73 116 standing 234 415 72 127 standing 281 352 40 126 standing 617 347 66 97 standing 844 419 44 113 standing 814 351 51 92 digging 400 468 56 125 blocking 397 380 33 84 blocking
54105.jpg r-pass 518 438 59 126 waiting 902 410 60 109 waiting 968 373 73 86 waiting 1073 383 84 102 waiting 1196 448 65 98 waiting 979 461 47 119 standing 1023 430 42 123 standing 373 370 62 85 waiting 614 325 51 94 waiting 867 441 27 131 blocking 811 416 78 132 blocking
35280.jpg l-pass 1181 486 69 123 waiting 1170 394 66 121 standing 974 363 56 103 waiting 786 393 48 134 standing 786 349 36 124 standing 774 342 35 114 standing 702 378 44 127 standing 494 323 89 99 standing 364 341 60 77 standing 327 385 83 107 digging 294 432 54 114 standing 132 435 52 148 standing
41115.jpg r_winpoint 998 396 61 116 standing 975 344 49 110 standing 932 436 60 127 standing 855 437 83 137 standing 856 424 69 136 standing 850 368 49 115 standing 573 435 74 131 standing 571 414 60 122 standing 607 356 45 119 standing 566 344 34 126 standing 534 379 57 120 standing 391 455 51 115 standing
40440.jpg r_winpoint 968 341 54 104 standing 949 425 47 139 standing 943 391 54 109 standing 901 375 57 109 standing 865 408 63 131 standing 801 375 66 111 standing 592 438 32 136 standing 583 390 58 132 standing 537 362 46 121 standing 242 434 35 134 standing 247 402 51 123 standing 213 355 46 109 standing
47505.jpg l_winpoint 431 486 100 137 moving 350 462 39 141 standing 321 443 51 103 standing 397 421 48 127 standing 510 370 57 122 standing 471 435 54 120 standing 634 512 43 120 standing 726 492 57 141 standing 769 424 48 120 standing 837 357 54 106 standing 998 450 46 119 standing 1017 385 44 123 standing
34125.jpg l_winpoint 350 481 60 130 standing 478 382 52 122 standing 412 408 75 121 standing 334 410 45 115 standing 381 392 37 121 standing 657 367 53 111 standing 622 421 34 119 standing 612 377 53 134 standing 846 349 48 109 standing 898 448 42 131 standing 989 411 58 126 standing 467 350 52 117 standing
36855.jpg r_winpoint 392 372 45 125 standing 452 360 82 97 standing 447 427 48 135 standing 743 467 65 142 standing 733 380 52 122 standing 868 443 50 139 standing 912 403 80 132 standing 947 394 41 98 standing 1003 334 47 112 standing 1002 435 50 126 standing 992 430 39 127 standing 729 371 62 115 standing
52035.jpg l_winpoint 819 468 41 134 standing 852 420 42 117 standing 856 329 44 118 standing 830 348 28 114 standing 777 309 53 114 standing 735 295 47 114 standing 453 322 45 119 standing 436 324 46 113 standing 415 332 41 120 standing 371 376 59 130 standing 339 325 59 111 standing 175 328 38 89 moving
43485.jpg l_winpoint 991 415 60 76 falling 937 378 47 63 falling 945 487 59 151 standing 869 439 70 126 standing 820 391 59 131 standing 667 362 40 116 standing 469 424 68 137 standing 411 399 72 135 standing 447 368 52 121 standing 326 413 66 115 standing 301 421 72 127 standing 285 413 64 116 standing
32340.jpg l_winpoint 181 530 63 168 moving 411 409 43 129 standing 366 422 42 130 standing 372 352 52 129 standing 728 416 48 135 standing 793 432 56 126 standing 754 337 50 122 standing 891 359 44 117 standing 1022 445 45 140 standing 1015 380 55 155 standing
34635.jpg r_winpoint 106 428 64 135 standing 247 446 85 134 standing 308 371 56 111 standing 538 449 54 143 standing 448 298 54 109 standing 563 298 46 117 standing 662 300 51 108 standing 711 362 59 124 standing 765 402 52 129 standing 792 365 50 129 standing 787 320 50 132 standing 866 377 63 120 standing
32895.jpg l_winpoint 472 423 64 139 standing 344 415 70 130 standing 319 363 37 155 standing 394 359 59 123 standing 497 359 68 147 standing 690 391 62 126 standing 712 430 53 127 standing 756 386 50 124 standing 754 373 55 89 standing 739 334 61 111 standing 887 370 40 121 standing
41880.jpg l_winpoint 1020 473 101 77 falling 865 453 44 122 standing 815 366 82 103 standing 559 358 45 115 standing 557 373 57 85 standing 573 332 34 117 standing 377 361 45 125 standing 363 359 36 119 standing 330 424 58 127 standing 316 375 59 117 standing 241 403 59 123 standing 211 433 60 124 moving
31650.jpg r_winpoint 327 427 49 119 standing 392 452 57 143 standing 393 293 43 110 standing 600 459 47 148 standing 629 322 39 119 standing 665 321 59 111 standing 727 395 68 127 standing 812 335 49 110 standing 828 428 46 127 standing 819 410 79 127 standing 874 388 57 92 standing 947 405 55 117 standing
35655.jpg l_winpoint 320 385 67 131 standing 338 427 65 143 standing 375 352 103 142 standing 503 428 56 128 standing 491 361 54 167 standing 525 374 64 111 standing 727 360 72 101 standing 743 359 51 127 standing 767 339 64 62 falling 857 352 48 62 falling 954 380 41 119 standing 847 436 52 148 standing
33510.jpg r_winpoint 48 575 62 144 standing 101 471 56 146 standing 176 401 56 138 standing 264 378 66 115 standing 267 475 74 137 standing 442 367 29 118 standing 433 346 41 111 standing 865 397 40 131 standing 898 406 30 123 standing 914 394 31 126 standing 926 387 34 129 standing
30195.jpg r_winpoint 286 349 48 125 standing 355 442 67 144 standing 434 340 48 109 standing 572 483 63 150 standing 664 451 47 144 standing 651 352 64 128 standing 893 329 58 114 standing 893 371 75 130 standing 945 386 57 140 standing 953 427 60 140 standing 999 452 73 139 standing 1158 375 41 116 standing
48345.jpg l_winpoint 1229 418 50 148 standing 989 361 35 118 standing 850 406 45 122 standing 740 330 58 118 standing 713 365 37 113 standing 697 320 48 113 standing 464 343 59 121 standing 446 330 70 115 standing 416 326 57 111 standing 402 368 48 85 standing 427 412 61 133 standing 431 416 80 128 standing
