50520.jpg l-pass 994 422 44 123 standing 933 403 55 103 standing 870 414 43 123 standing 800 448 65 156 standing 796 429 65 142 standing 764 415 52 105 standing 691 391 46 127 standing 691 383 40 108 standing 476 479 92 134 standing 385 409 65 83 falling 262 475 63 148 standing 177 424 51 127 standing
29575.jpg r_spike 1166 420 58 148 standing 838 448 47 139 standing 830 358 56 139 standing 833 449 54 137 standing 740 383 56 201 spiking 690 446 50 126 digging 749 417 69 126 standing 561 388 50 205 blocking 575 368 39 192 blocking 311 375 69 109 standing 79 397 77 124 moving 106 438 88 141 standing
49600.jpg r_set 679 543 122 83 falling 944 438 80 157 standing 822 308 102 140 moving 741 373 53 153 standing 581 447 83 182 setting 584 413 62 173 standing 473 391 50 194 standing 441 372 55 148 standing 459 339 46 135 standing 255 409 67 162 standing 236 368 73 138 standing 2 411 65 160 standing
50385.jpg l-pass 856 442 43 116 standing 715 426 58 124 standing 775 412 58 109 standing 789 468 45 154 standing 582 465 69 120 standing 663 400 30 109 standing 627 389 62 101 standing 435 412 62 79 falling 344 466 52 129 standing 260 447 45 118 standing 1050 474 73 139 moving 794 367 41 113 standing
49255.jpg l-spike 969 481 107 124 moving 984 408 80 107 standing 790 384 92 101 standing 633 358 52 131 standing 583 389 41 212 blocking 584 405 41 158 standing 518 438 47 135 standing 422 349 48 126 standing 386 414 79 182 spiking 338 454 75 107 standing 269 455 60 137 standing 200 411 54 120 digging
34600.jpg l-spike 438 362 61 215 spiking 423 318 86 145 standing 900 368 91 113 standing 737 329 112 138 standing 594 340 91 231 blocking 535 390 49 142 standing 412 415 70 121 standing 308 422 58 156 standing 2 432 63 141 standing 1194 394 82 134 standing 1161 487 71 154 standing
50655.jpg r_spike 869 450 69 120 standing 807 488 52 125 standing 748 391 50 119 standing 733 379 45 107 moving 666 402 39 134 standing 677 416 79 180 spiking 576 413 54 200 blocking 587 407 45 174 blocking 493 407 72 107 standing 349 411 67 107 standing 231 482 89 137 standing 153 444 65 120 standing
29465.jpg l-spike 1144 428 69 122 digging 970 475 69 135 standing 917 339 50 129 standing 807 449 84 133 standing 638 304 41 152 blocking 638 291 33 148 blocking 586 374 37 135 standing 520 279 50 143 spiking 389 359 39 122 standing 376 410 54 120 moving 252 447 64 175 standing 304 428 60 124 standing
50325.jpg r-pass 163 443 54 111 standing 293 417 35 101 standing 421 458 41 111 standing 429 404 33 97 standing 459 439 37 120 standing 574 401 41 103 standing 766 483 52 156 standing 705 436 56 122 standing 710 382 39 116 standing 888 525 80 65 falling 891 444 50 88 standing
34430.jpg l-spike 557 317 85 162 spiking 967 367 71 131 standing 686 312 64 212 standing 669 323 89 241 blocking 1145 387 76 144 standing 1092 469 92 168 moving 550 442 92 162 standing 399 302 74 137 moving 360 454 71 194 standing 314 456 79 139 standing 290 373 51 153 standing
29480.jpg r-pass 1048 403 60 135 standing 840 472 73 106 digging 807 325 71 131 standing 734 440 77 140 standing 524 344 38 130 standing 532 341 30 118 standing 478 373 29 137 standing 440 333 41 119 standing 325 356 44 119 standing 274 412 51 117 standing 226 443 72 162 standing 134 401 47 133 standing
71270.jpg r_set 987 399 65 127 standing 635 367 69 110 digging 706 383 66 66 falling 721 437 68 123 standing 555 380 61 135 moving 550 432 92 147 standing 461 405 43 154 standing 423 344 52 130 standing 390 395 51 136 standing 281 385 60 127 standing 145 394 65 134 standing 216 432 77 170 standing
34520.jpg l-pass 998 437 61 137 standing 930 401 69 125 standing 843 457 66 176 moving 746 378 48 165 standing 775 300 63 153 standing 728 366 69 141 standing 663 380 46 148 standing 573 456 131 161 standing 406 474 111 120 falling 423 375 86 117 standing 197 431 57 144 digging 650 350 48 127 standing
43070.jpg l-pass 952 478 90 135 standing 727 436 82 120 standing 660 362 65 124 digging 524 325 71 161 blocking 523 303 39 148 blocking 360 463 69 137 standing 277 414 73 129 standing 207 405 45 137 standing 288 384 58 92 standing 435 403 82 129 standing 423 363 50 107 digging 1062 406 56 116 digging
50355.jpg r_set 845 425 48 117 standing 741 375 52 95 moving 614 439 62 118 standing 583 381 69 140 setting 441 492 58 121 standing 454 437 47 92 standing 460 393 38 105 standing 213 423 55 85 standing 67 479 65 154 standing 71 460 52 129 standing 1053 564 106 92 falling 818 514 98 158 moving
50420.jpg r-pass 744 382 40 148 setting 872 472 71 90 standing 855 467 57 112 moving 687 392 53 115 standing 637 451 78 117 standing 665 476 65 140 standing 539 392 49 120 standing 528 478 51 118 standing 344 444 92 36 falling 223 442 45 111 standing 201 475 57 155 standing 550 413 35 91 standing
49410.jpg r_set 749 522 116 167 standing 803 445 49 149 standing 789 410 53 123 standing 763 347 88 123 moving 634 433 79 147 jumping 662 349 39 160 setting 483 459 42 156 standing 492 430 51 140 standing 503 390 41 142 standing 250 390 56 105 standing 106 489 65 142 standing 55 425 51 144 standing
49435.jpg r_spike 810 458 74 133 moving 850 419 58 119 moving 670 430 107 159 spiking 733 383 56 126 standing 654 409 59 158 standing 694 322 54 135 setting 541 385 50 231 blocking 556 385 36 206 blocking 462 370 89 110 standing 298 376 53 104 standing 70 493 129 135 digging 51 423 71 132 waiting
50465.jpg r_set 830 423 46 125 standing 778 504 66 178 moving 742 444 58 71 falling 770 362 40 103 moving 625 395 55 159 setting 626 396 46 119 standing 462 484 61 123 standing 491 421 40 127 standing 490 388 34 113 standing 234 393 46 99 standing 169 464 66 154 standing 111 443 49 123 standing
28115.jpg l-spike 1037 432 86 106 standing 960 484 86 145 standing 870 402 74 96 standing 672 350 43 128 standing 605 397 44 181 blocking 554 425 46 144 standing 485 414 49 113 standing 510 382 48 82 standing 371 409 61 111 standing 299 399 65 178 spiking 303 425 46 119 standing
42980.jpg l-spike 1030 392 57 108 digging 893 437 77 117 standing 806 323 46 122 standing 678 420 48 131 standing 581 320 23 161 blocking 586 280 31 133 blocking 498 354 41 122 standing 475 270 63 136 spiking 374 447 68 155 standing 352 343 38 116 standing 334 396 74 117 standing 251 398 63 122 moving
49555.jpg l-spike 364 372 76 213 spiking 387 337 55 113 standing 445 398 42 130 standing 320 419 62 134 standing 67 454 83 140 standing 553 352 82 222 blocking 678 352 115 125 standing 826 380 93 107 standing 1145 422 60 123 standing 1068 497 76 140 standing 315 441 62 134 standing
50665.jpg l-pass 938 499 56 115 standing 829 421 76 122 standing 839 522 50 129 standing 749 403 52 121 standing 702 427 42 133 standing 681 521 55 138 standing 589 486 56 169 blocking 634 479 32 177 blocking 499 436 84 105 standing 377 468 84 84 digging 301 515 62 129 digging 205 475 67 115 digging
43095.jpg r-pass 1034 360 51 147 standing 887 424 97 135 moving 749 438 58 147 standing 694 346 74 140 standing 554 340 49 177 setting 574 347 56 137 standing 302 445 84 177 standing 442 319 41 212 blocking 388 377 63 119 standing 184 415 58 158 standing 202 399 67 142 standing 219 357 62 151 standing
28045.jpg l-pass 80 467 55 151 standing 478 459 47 134 standing 331 464 37 127 digging 407 389 38 100 standing 307 446 42 105 standing 668 454 52 122 standing 935 416 38 126 standing 1040 439 54 109 waiting 786 445 43 122 standing 767 385 45 108 standing 767 431 42 124 standing
28195.jpg l-pass 329 385 56 127 setting 463 363 65 116 standing 566 399 65 133 standing 484 454 66 137 standing 184 418 76 127 standing 188 448 69 155 standing 641 382 49 143 standing 722 450 45 158 standing 734 335 51 135 standing 761 382 52 131 standing 809 427 50 151 standing 1038 395 72 147 standing
34605.jpg l-spike 295 431 52 155 standing 381 409 49 130 standing 498 401 75 137 digging 435 335 51 120 standing 447 401 55 184 jumping 745 333 91 131 standing 564 351 72 210 blocking 872 374 95 106 digging 1123 487 61 137 digging 1139 398 66 131 digging
49695.jpg l_set 1138 450 62 128 standing 988 498 94 153 standing 869 389 53 138 standing 661 347 47 155 standing 638 387 58 176 blocking 641 407 58 221 blocking 516 373 73 179 setting 389 381 60 128 standing 440 438 90 162 moving 146 482 145 183 moving 312 339 71 119 moving 128 424 75 142 moving
54095.jpg l-pass 1025 457 58 110 waiting 1051 389 86 120 standing 884 480 51 120 standing 766 481 69 128 standing 749 470 75 99 digging 775 371 53 138 standing 667 441 46 167 blocking 645 405 61 177 blocking 431 418 69 170 setting 392 392 64 106 standing 184 455 53 103 digging
54250.jpg r_set 913 420 73 61 falling 892 516 61 147 moving 661 393 57 140 standing 819 398 61 125 digging 806 366 45 113 standing 799 331 35 98 moving 416 460 40 129 standing 450 407 45 128 standing 457 362 36 123 standing 114 454 45 155 standing 108 383 41 103 standing
50505.jpg r_spike 720 441 47 150 standing 757 409 48 118 standing 824 429 41 67 falling 886 410 41 114 standing 709 329 41 122 spiking 586 319 47 161 blocking 590 319 43 139 blocking 355 495 94 116 standing 166 482 77 137 standing 56 436 69 122 digging 213 382 58 103 standing 720 413 35 139 standing
71235.jpg l-spike 34 458 133 175 moving 377 345 88 111 moving 622 346 48 160 spiking 533 387 54 176 jumping 280 428 80 135 moving 263 375 58 129 standing 700 372 48 107 standing 700 414 48 129 standing 690 438 48 152 standing 990 361 80 139 moving 909 467 69 141 standing 1117 434 75 129 standing
54130.jpg l-pass 169 407 45 150 setting 361 464 82 166 standing 401 398 57 103 standing 667 392 44 125 standing 714 472 44 150 standing 707 441 42 146 standing 844 465 42 147 standing 845 414 33 148 standing 870 367 29 142 standing 1090 395 46 130 standing 1077 474 73 138 standing 1225 428 53 147 standing
42985.jpg l-spike 999 400 54 113 standing 894 435 74 108 standing 783 316 41 123 standing 664 427 89 118 standing 540 295 33 153 blocking 536 270 41 145 blocking 456 353 42 132 standing 457 293 55 130 spiking 372 440 77 149 moving 338 350 57 110 standing 279 397 80 130 standing 227 388 62 119 standing
29395.jpg l-pass 433 366 51 120 standing 497 459 58 133 standing 210 393 51 127 standing 129 463 61 136 standing 165 410 60 133 digging 1112 360 60 141 standing 1061 425 49 144 standing 949 454 44 128 moving 642 415 61 141 blocking 686 399 35 130 standing 698 424 43 131 standing
49345.jpg r_spike 670 458 141 185 spiking 705 450 72 145 standing 701 376 58 137 standing 639 423 68 125 moving 829 494 74 136 moving 925 454 58 117 standing 543 410 68 226 blocking 311 399 55 105 standing 38 429 68 136 standing 106 510 110 142 standing
28130.jpg r-pass 794 401 89 86 digging 980 401 65 127 standing 885 457 60 156 standing 643 329 46 142 standing 512 430 40 156 standing 416 375 37 91 standing 412 408 58 139 standing 328 409 63 117 standing 321 468 86 145 moving 221 411 40 114 standing 191 430 49 145 standing
34420.jpg l_set 1229 392 52 147 standing 1167 466 72 158 standing 1094 347 55 145 standing 745 410 65 189 blocking 742 358 51 189 blocking 749 317 58 144 standing 644 343 48 213 setting 607 384 55 142 standing 363 306 83 117 moving 290 464 85 195 moving 314 477 106 117 falling 220 378 63 150 standing
49465.jpg l-pass 1030 425 72 145 standing 863 446 66 154 standing 871 372 60 148 standing 707 448 66 171 standing 726 389 46 149 standing 761 328 53 155 standing 314 486 139 125 digging 378 386 98 113 standing 466 341 67 130 moving 98 405 73 134 standing 579 456 63 170 standing
49365.jpg r-pass 247 480 56 149 standing 362 387 84 119 standing 572 471 47 168 standing 599 463 36 172 standing 654 485 49 154 standing 840 488 56 147 standing 945 485 105 93 falling 750 440 79 134 standing 715 391 75 128 standing 786 408 61 119 standing 126 404 56 118 standing
50625.jpg r_set 616 342 37 147 setting 663 412 68 116 standing 783 370 74 97 moving 853 391 43 103 moving 886 456 58 111 moving 867 496 92 162 moving 525 416 60 123 standing 544 384 38 136 blocking 477 465 52 128 standing 296 397 49 97 standing 233 472 74 130 standing 138 455 58 114 standing
43135.jpg r_spike 1131 388 74 162 standing 1017 334 94 139 moving 962 432 58 156 standing 840 383 100 145 moving 649 318 72 158 spiking 527 469 69 154 standing 552 329 52 198 blocking 538 332 65 156 standing 270 379 65 130 standing 110 464 125 153 standing 121 399 86 151 standing 988 522 130 168 moving
54085.jpg r_spike 771 385 60 179 spiking 723 459 80 99 waiting 763 356 54 130 standing 1089 378 55 125 standing 998 439 58 119 standing 888 454 51 125 standing 626 361 65 218 blocking 382 435 60 145 standing 356 371 60 105 standing 151 425 60 127 standing
49315.jpg r_set 636 378 69 163 setting 656 353 45 139 standing 690 441 50 171 moving 975 410 69 109 standing 920 436 43 150 standing 885 527 69 156 standing 511 459 43 163 standing 531 403 50 148 standing 294 385 54 109 standing 182 475 56 154 standing 71 431 62 135 standing
34560.jpg l_set 1100 457 88 165 standing 1130 379 46 153 standing 938 351 70 140 standing 734 442 49 181 standing 727 394 58 158 standing 742 314 42 149 standing 597 367 58 151 standing 530 400 39 142 digging 363 439 70 151 standing 211 481 112 188 moving 135 418 72 154 standing 412 330 70 104 moving
43145.jpg l-pass 336 396 69 117 digging 1127 406 79 150 moving 1042 331 65 147 standing 847 373 88 128 moving 985 502 57 164 moving 976 442 79 154 standing 708 384 66 144 standing 587 371 72 123 standing 631 348 46 168 blocking 562 474 105 156 standing 156 439 69 123 digging 217 469 97 139 digging
34455.jpg r-pass 878 397 81 136 moving 741 411 47 174 digging 613 365 96 136 standing 523 330 121 147 standing 471 413 64 143 standing 441 384 53 159 standing 111 385 60 151 standing 183 405 54 145 standing 303 330 54 142 standing 368 386 51 170 standing 273 454 100 200 standing 220 434 77 168 standing
50595.jpg r-pass 729 419 54 139 standing 930 446 50 129 standing 800 400 37 97 standing 729 331 39 152 setting 584 402 45 116 standing 425 464 94 101 falling 471 382 43 107 standing 425 431 62 118 standing 246 380 60 84 moving 138 431 39 122 standing 96 459 45 161 standing 829 485 58 163 standing
28225.jpg l_set 550 388 52 124 standing 571 385 52 153 setting 618 371 60 186 blocking 642 393 62 141 standing 653 339 37 118 standing 792 412 71 129 standing 859 476 68 155 digging 1057 409 65 144 standing 389 348 76 104 moving 268 385 52 133 moving 111 410 102 147 moving 16 472 96 166 moving
71245.jpg r-pass 1071 424 60 116 waiting 883 382 106 105 digging 833 459 63 125 standing 632 381 46 173 blocking 636 350 43 144 blocking 659 367 46 113 standing 559 404 51 130 standing 503 354 82 164 jumping 411 332 55 116 moving 307 408 69 130 standing 241 365 55 128 standing 85 443 130 182 moving
50790.jpg r-pass 827 413 67 110 moving 705 476 77 165 moving 495 399 75 112 standing 638 417 79 123 moving 685 372 45 115 moving 765 489 99 95 falling 373 470 59 131 standing 384 422 32 125 standing 274 374 51 97 moving 213 399 37 113 standing 15 450 59 125 standing
49230.jpg l_set 498 396 57 170 setting 567 359 52 178 setting 307 357 74 103 moving 231 408 57 123 moving 250 439 55 133 moving 255 478 85 168 moving 672 446 57 142 standing 678 406 55 119 standing 690 343 41 136 standing 922 392 68 105 standing 1039 489 72 134 standing 1057 412 72 114 standing
54000.jpg r-pass 933 433 51 116 standing 763 487 77 93 digging 684 370 60 105 standing 460 369 30 122 standing 461 352 38 119 standing 345 398 63 122 standing 362 374 33 116 standing 249 397 41 107 standing 64 406 42 148 standing 86 377 40 105 standing
49665.jpg l-pass 366 425 88 91 digging 483 442 67 145 standing 176 474 106 183 moving 344 342 60 128 moving 268 414 86 153 standing 629 457 60 165 standing 640 355 60 121 standing 633 412 58 144 standing 867 385 52 149 standing 895 518 76 177 standing 1032 459 60 158 standing
29525.jpg r_set 1014 353 49 203 setting 863 314 65 123 moving 790 428 53 151 standing 686 485 76 165 standing 591 348 51 125 standing 442 369 65 147 standing 347 414 37 158 standing 327 360 48 133 standing 261 438 51 144 moving 14 381 62 147 standing
34495.jpg r_set 998 392 108 135 moving 913 434 54 161 standing 782 477 105 172 moving 776 314 106 133 moving 564 298 40 186 setting 609 362 84 177 setting 470 433 34 172 standing 499 387 47 149 standing 494 349 45 140 standing 251 373 47 111 standing 167 439 79 160 moving 75 415 71 144 standing
54365.jpg l_set 422 392 58 163 setting 512 385 84 135 moving 11 489 114 152 moving 178 419 64 129 standing 302 393 58 113 standing 386 354 48 92 moving 1026 485 71 133 standing 1093 404 77 131 standing 907 385 54 128 standing 691 460 44 127 standing 671 421 39 137 standing 687 365 41 124 standing
49630.jpg r-pass 742 468 60 184 digging 812 489 112 147 moving 808 359 47 152 standing 757 295 62 160 standing 593 397 77 170 standing 558 471 65 194 standing 432 397 86 181 standing 400 368 65 156 standing 373 323 72 154 standing 246 412 60 162 standing 180 370 67 133 standing 3 382 83 162 standing
54200.jpg r-pass 204 444 58 145 standing 252 385 38 111 standing 324 431 35 123 standing 354 352 46 111 standing 437 391 43 123 standing 596 406 66 133 standing 647 333 54 114 standing 730 454 60 111 standing 772 360 34 114 digging 894 429 55 108 standing 847 424 46 91 moving
49440.jpg r_spike 871 416 71 120 moving 803 454 67 135 standing 760 367 50 139 standing 552 363 71 218 blocking 443 366 80 111 standing 696 312 54 152 standing 658 401 54 143 standing 679 424 52 158 spiking 308 369 65 109 standing 46 406 75 133 digging 147 469 90 141 standing
50825.jpg r_set 552 334 52 147 setting 602 400 57 128 standing 753 344 70 104 moving 899 409 81 113 moving 809 487 93 165 moving 752 471 90 105 standing 30 444 60 137 standing 216 382 55 102 standing 141 460 65 158 standing 434 468 64 130 standing 455 399 44 135 standing 476 375 29 124 standing
50855.jpg r_spike 860 438 62 104 standing 816 461 47 117 standing 814 382 40 105 standing 770 354 52 107 standing 715 397 77 180 spiking 686 403 45 127 standing 629 398 27 190 blocking 611 400 33 147 blocking 578 391 53 112 standing 396 389 45 107 standing 273 471 80 137 standing 151 447 65 121 standing
42920.jpg l-pass 283 422 71 85 digging 283 495 82 161 standing 580 427 39 127 standing 541 370 45 113 standing 234 420 51 113 standing 211 477 73 119 standing 675 399 68 160 blocking 721 410 35 132 standing 747 441 55 136 standing 1088 436 58 138 standing 1098 375 65 129 standing 1001 464 41 130 standing
50765.jpg l-spike 353 336 37 123 spiking 463 473 46 125 standing 419 431 43 130 standing 305 410 55 110 standing 157 431 51 120 standing 646 402 37 106 standing 933 457 52 116 standing 927 433 30 99 standing 715 452 54 139 standing 708 391 48 94 standing 690 427 44 105 standing
49725.jpg l-spike 1049 498 68 147 standing 1057 412 76 111 standing 835 387 94 119 standing 683 351 96 133 standing 570 394 45 199 blocking 570 360 68 201 blocking 494 419 58 172 standing 408 381 94 207 spiking 440 321 64 137 standing 249 416 72 145 standing 312 395 70 141 standing 338 370 74 127 standing
54185.jpg l-spike 490 305 35 146 spiking 575 397 46 131 standing 1036 440 47 138 standing 1020 419 55 108 standing 920 377 48 110 standing 868 451 57 122 standing 716 394 52 136 standing 713 343 42 120 standing 470 423 53 129 standing 350 383 60 118 standing 281 446 73 154 standing
54045.jpg r_set 904 320 40 166 setting 990 395 54 134 standing 738 328 60 102 moving 878 441 50 137 standing 671 452 54 141 standing 596 373 52 142 standing 386 410 51 117 standing 501 381 34 133 standing 478 401 45 133 standing 86 440 70 157 standing 61 399 47 137 standing 143 367 48 105 standing
43060.jpg l-spike 1108 390 60 130 standing 965 456 83 137 standing 772 424 69 142 standing 759 336 58 137 standing 580 297 44 164 blocking 587 280 26 176 blocking 485 366 68 148 standing 450 283 49 151 spiking 380 457 106 141 standing 380 402 65 117 standing 341 360 43 134 standing 275 401 51 130 standing
29595.jpg l-pass 383 447 56 94 digging 234 444 80 150 standing 194 409 56 127 standing 623 469 58 166 standing 617 441 49 143 standing 727 441 62 160 standing 729 419 70 147 standing 801 412 72 131 standing 902 467 80 148 standing 910 367 60 152 standing 1156 416 78 151 standing
28175.jpg r_spike 1032 398 63 135 standing 795 339 92 118 moving 763 383 47 125 standing 774 443 61 135 standing 717 475 55 157 standing 584 331 67 173 spiking 518 343 58 170 blocking 418 440 59 144 standing 451 377 90 106 standing 287 397 67 110 standing 248 452 56 162 standing 145 423 64 135 digging
28085.jpg l_set 1001 495 60 145 standing 995 451 71 117 standing 862 436 46 114 standing 664 466 52 141 standing 674 447 44 128 standing 676 376 48 122 standing 597 399 54 149 setting 517 464 69 139 moving 388 382 74 91 moving 341 420 64 108 moving 223 441 77 136 standing 28 498 115 161 standing
54310.jpg l-pass 1054 427 50 92 waiting 887 438 61 122 standing 774 458 39 138 standing 787 417 55 107 standing 818 398 42 114 standing 776 360 38 138 standing 667 385 37 121 standing 680 351 30 134 standing 455 474 65 131 standing 278 407 51 111 standing 142 456 57 134 digging 255 465 80 142 standing
50555.jpg l-pass 219 495 51 144 digging 613 526 94 60 falling 542 498 141 75 falling 387 434 83 35 falling 596 384 43 119 standing 867 429 54 127 standing 747 486 72 154 standing 784 441 55 137 standing 754 412 65 120 standing 1055 438 54 125 standing 992 440 54 131 standing 258 448 52 125 standing
34385.jpg l-pass 1236 381 42 133 standing 1174 422 62 144 standing 1045 458 51 123 standing 725 443 51 140 standing 706 423 48 132 standing 731 370 37 139 standing 604 423 46 135 standing 449 381 70 128 moving 284 368 51 119 standing 248 482 84 175 moving 183 512 123 81 falling 186 424 67 126 standing
43065.jpg l-spike 1099 399 57 122 standing 972 471 79 142 standing 763 433 75 130 standing 713 350 61 137 standing 556 301 52 168 blocking 557 281 46 162 blocking 480 383 71 141 standing 456 297 54 165 spiking 392 464 79 141 standing 355 403 46 134 standing 328 369 44 134 standing 259 414 52 123 standing
29635.jpg l_set 563 376 49 192 setting 364 394 38 131 moving 485 423 80 134 standing 522 385 44 111 standing 875 360 52 127 standing 685 380 43 108 standing 666 405 52 133 standing 658 432 65 142 standing 1129 408 60 137 standing 959 462 58 142 standing 123 416 114 145 moving 1 470 106 164 moving
49280.jpg r-pass 881 392 83 105 standing 830 436 50 127 standing 682 375 68 100 standing 575 374 61 125 setting 516 483 83 161 standing 531 463 71 166 standing 411 490 73 170 standing 418 429 52 137 standing 417 366 42 118 standing 276 420 56 120 standing 114 459 62 146 standing 77 415 55 130 digging
49580.jpg r-pass 753 545 190 75 falling 1028 430 103 135 moving 744 388 67 112 moving 683 332 73 142 standing 519 458 70 139 standing 523 401 40 175 standing 276 432 65 147 standing 258 398 53 145 standing 403 424 65 166 standing 388 381 56 141 standing 409 351 47 112 standing
42995.jpg l-pass 956 397 49 117 standing 851 426 68 111 standing 651 417 97 133 standing 736 314 76 122 moving 492 317 39 142 blocking 370 446 72 123 standing 215 422 67 85 falling 142 422 95 121 moving 304 365 52 98 digging 403 370 53 125 standing 417 345 54 100 standing
50710.jpg l_set 1114 443 60 126 standing 1071 483 70 130 standing 985 400 65 123 standing 834 451 48 156 standing 782 424 37 133 standing 809 392 35 125 standing 594 508 63 151 standing 505 504 70 154 standing 462 430 77 114 standing 518 360 39 93 moving 241 520 58 160 digging 231 427 44 121 standing
54395.jpg l-spike 1031 486 60 120 standing 974 409 58 90 standing 802 388 90 88 standing 596 368 58 120 standing 537 372 50 182 blocking 460 397 54 122 standing 400 342 48 109 standing 302 403 56 103 standing 240 405 60 156 spiking
49515.jpg l_set 1154 407 75 140 standing 1039 469 50 156 standing 941 364 60 125 standing 681 452 40 157 standing 671 397 57 152 standing 686 339 40 135 standing 562 413 52 157 standing 438 427 50 132 digging 378 456 50 148 standing 194 498 98 176 moving 71 426 87 137 moving 319 326 49 108 moving
28255.jpg l-spike 1045 418 76 115 standing 904 466 76 131 standing 849 379 69 120 standing 643 333 48 143 standing 561 395 59 186 blocking 584 375 45 172 blocking 216 398 96 184 spiking 313 392 52 127 standing 459 375 44 94 waiting 446 471 59 137 standing 493 390 43 130 standing
28265.jpg r-pass 998 421 99 107 digging 924 452 50 161 digging 830 383 81 109 standing 647 343 82 138 standing 541 367 50 140 blocking 542 417 33 158 blocking 429 368 49 99 standing 450 401 68 114 standing 405 482 60 130 standing 266 473 100 141 standing 305 410 42 117 standing 232 430 51 138 standing
34505.jpg r_spike 764 303 90 140 moving 814 483 101 184 moving 950 432 63 157 standing 927 388 111 134 moving 639 322 84 180 spiking 606 373 56 142 standing 555 305 42 220 blocking 523 430 52 167 standing 103 430 74 140 standing 216 448 109 145 moving 312 367 62 122 standing
53985.jpg l-spike 1077 450 68 117 standing 926 504 66 140 standing 862 389 49 113 standing 582 316 59 197 blocking 584 318 52 186 blocking 582 316 53 176 blocking 481 414 71 124 standing 383 324 76 113 spiking 328 423 67 115 standing 165 419 48 139 standing 177 384 52 117 standing 476 327 39 97 moving
43025.jpg l_set 412 470 97 52 falling 329 449 101 152 standing 287 423 90 124 moving 331 351 52 131 moving 444 326 54 105 moving 535 339 47 160 setting 615 356 37 137 standing 714 425 84 141 standing 685 341 48 124 standing 886 330 52 137 standing 892 414 43 137 standing 1077 383 50 141 standing
42955.jpg l_set 1104 415 54 117 standing 1014 473 58 137 standing 908 359 58 128 standing 678 430 58 136 standing 697 395 43 133 standing 697 364 43 116 standing 559 361 35 148 setting 532 379 34 111 standing 402 351 32 92 standing 218 501 119 158 moving 280 446 46 117 standing 254 378 63 128 moving
50365.jpg r_spike 1052 526 124 116 moving 767 495 97 166 moving 803 435 74 111 moving 727 365 40 102 standing 591 385 104 135 jumping 487 388 51 166 blocking 455 488 51 133 standing 485 391 36 107 standing 628 415 57 126 standing 233 406 67 100 moving 149 488 57 138 standing 81 469 57 121 standing
49770.jpg l_winpoint 827 452 39 157 standing 617 349 69 136 standing 521 331 62 146 standing 361 452 53 174 standing 411 469 65 161 standing 33 421 52 149 standing 100 399 71 144 standing 61 423 37 134 standing 187 423 74 175 standing 174 378 74 140 standing 783 381 89 110 standing
30210.jpg l_winpoint 870 477 59 155 standing 984 453 96 140 standing 1066 435 69 139 standing 1013 404 76 148 standing 767 452 60 147 standing 807 412 48 132 standing 208 440 85 160 standing 428 442 39 136 standing 430 432 47 134 standing 334 452 99 134 standing 360 429 38 141 standing 383 426 54 134 standing
42450.jpg r_winpoint 901 403 58 143 standing 837 411 57 132 standing 869 382 49 135 standing 733 399 53 135 standing 781 417 72 136 standing 810 360 33 144 standing 607 408 44 153 standing 465 598 83 80 falling 423 356 42 122 standing 374 363 41 127 standing 212 408 49 143 standing 103 580 98 73 falling
39450.jpg r_winpoint 1098 428 66 146 standing 984 481 81 160 standing 1026 445 48 183 standing 995 404 58 146 standing 857 423 74 144 standing 871 374 77 152 standing 667 477 56 176 standing 699 451 46 155 standing 582 379 79 118 standing 520 382 55 125 standing 410 443 71 159 standing 320 413 60 139 standing
50910.jpg r_winpoint 985 456 53 140 standing 1008 408 48 156 standing 961 425 68 125 standing 850 426 73 154 standing 856 402 120 143 standing 863 417 40 143 standing 705 468 59 145 standing 549 510 59 151 standing 620 371 38 120 standing 393 435 58 152 standing 312 405 40 131 standing 306 402 53 119 standing
47250.jpg l_winpoint 1039 507 121 77 falling 960 461 61 157 standing 791 375 63 130 standing 598 401 53 127 standing 520 483 81 162 standing 505 472 43 159 standing 320 440 91 149 standing 345 424 56 143 standing 293 395 50 137 standing 256 452 57 131 standing 208 446 60 125 standing 194 467 59 146 standing
43230.jpg r_winpoint 858 379 53 163 standing 885 378 40 148 standing 834 330 35 164 standing 777 405 66 150 standing 729 384 65 155 standing 690 372 53 135 standing 490 380 48 151 standing 421 456 95 126 falling 289 423 49 156 standing 241 308 58 116 standing 150 394 37 143 standing 69 367 51 147 standing
33270.jpg l_winpoint 1082 437 62 193 standing 935 407 57 150 standing 862 353 60 152 standing 692 430 56 157 standing 611 451 59 170 standing 590 451 69 197 standing 412 425 73 167 standing 455 407 59 151 standing 391 386 64 148 standing 347 441 71 142 standing 311 409 72 136 standing 269 411 63 153 standing
34635.jpg r_winpoint 1013 430 79 162 standing 1028 378 73 148 standing 877 359 46 141 standing 782 322 43 156 standing 694 435 75 163 standing 639 426 62 179 standing 476 463 77 193 standing 465 392 56 163 standing 406 347 48 147 standing 352 395 58 145 standing 300 434 53 162 standing
31440.jpg r_winpoint 972 395 50 161 standing 902 427 76 156 standing 797 446 70 162 moving 852 397 45 143 standing 905 347 57 152 standing 796 381 63 158 standing 528 462 79 191 standing 691 378 43 147 standing 668 377 53 135 standing 360 447 58 168 standing 360 463 73 83 falling 253 436 84 117 falling
48180.jpg l_winpoint 822 414 34 140 standing 831 349 40 135 standing 739 462 52 148 standing 679 404 59 144 standing 646 409 62 173 standing 629 509 92 127 falling 444 407 74 148 standing 442 392 54 137 standing 401 433 62 159 standing 337 395 78 145 standing 290 445 70 156 standing 204 418 63 147 standing
43860.jpg l_winpoint 1047 483 113 105 falling 835 418 57 131 standing 717 326 50 151 standing 645 437 84 154 standing 447 358 76 137 standing 389 380 68 144 standing 169 388 63 165 standing 121 422 72 168 standing 149 368 46 142 standing 37 418 69 154 standing 47 381 81 148 standing 1 416 53 130 standing
32655.jpg r_winpoint 191 455 48 140 standing 317 388 53 129 standing 368 457 46 167 standing 365 435 43 145 standing 537 405 62 129 standing 629 356 74 125 standing 810 373 68 108 standing 434 463 36 156 standing 431 448 92 142 standing 795 466 77 143 standing
