79990.jpg r_spike 98 391 76 101 moving 260 344 52 113 standing 195 453 72 145 standing 454 350 52 139 standing 611 347 54 203 blocking 705 385 139 172 spiking 791 324 52 129 standing 905 412 107 150 moving 1243 300 39 92 standing 723 417 84 113 standing 915 397 45 131 standing
30505.jpg l-spike 191 466 50 117 standing 384 398 45 97 jumping 419 472 55 138 standing 455 386 55 102 standing 322 423 52 97 standing 332 481 68 99 standing 535 391 44 129 blocking 574 373 38 119 standing 631 491 52 102 standing 779 422 65 85 digging 901 438 61 87 digging 921 495 53 101 digging
106335.jpg l_set 441 511 78 145 moving 580 433 49 124 standing 431 378 44 99 standing 565 362 45 92 moving 252 397 50 124 setting 219 383 64 99 standing 824 399 45 127 standing 820 430 49 121 standing 1186 487 47 135 standing 1226 421 47 125 standing 1018 396 65 110 moving 832 371 40 94 standing
30520.jpg l-pass 182 461 54 107 standing 312 471 74 113 standing 402 479 82 123 standing 432 443 50 90 standing 449 402 54 96 standing 303 481 70 49 falling 514 434 35 115 standing 586 374 60 121 standing 637 498 82 90 waiting 768 416 80 84 standing 890 488 64 107 standing 910 423 54 103 standing
30605.jpg l-pass 212 394 41 135 standing 264 471 94 117 standing 215 426 75 134 standing 446 440 75 135 standing 366 459 55 42 falling 451 358 35 98 standing 594 443 75 108 moving 557 389 41 105 moving 587 346 74 112 standing 739 393 64 102 standing 848 442 63 116 moving 898 386 49 112 standing
45620.jpg l-spike 903 463 58 138 standing 910 411 51 94 waiting 778 357 81 110 standing 591 448 72 125 standing 578 345 32 155 blocking 588 358 50 104 standing 441 323 39 125 spiking 294 486 79 162 moving 306 423 67 122 standing 233 395 69 133 standing 270 381 88 113 standing 421 351 40 99 standing
83315.jpg r_spike 225 442 45 95 digging 332 388 47 93 digging 342 478 67 90 waiting 550 439 78 92 standing 800 328 43 130 jumping 767 425 45 108 digging 842 449 65 137 standing 947 422 45 95 standing 869 448 71 114 standing 821 413 70 89 standing 681 307 49 146 blocking
38885.jpg r-pass 737 332 67 123 standing 511 364 42 121 standing 830 411 39 112 standing 830 454 56 142 standing 700 406 56 126 standing 695 450 70 39 falling 333 334 32 98 moving 420 431 53 144 standing 446 389 37 130 standing 196 386 51 123 standing 61 469 77 135 moving
89820.jpg r-pass 277 456 46 119 standing 190 428 28 98 standing 284 409 25 98 standing 470 412 35 105 standing 472 411 35 107 standing 485 438 37 119 standing 485 439 37 118 standing 610 413 39 90 standing 610 413 39 95 standing 700 367 42 84 standing 734 401 49 98 moving 897 441 63 65 falling 
90130.jpg r_set 296 378 40 109 standing 197 477 74 131 standing 217 431 47 96 standing 552 374 49 122 blocking 517 427 58 124 standing 535 447 47 127 standing 692 351 46 138 setting 813 330 48 102 moving 720 434 69 128 standing 896 390 41 112 standing 879 440 102 115 standing 914 506 89 159 moving
83215.jpg l-spike 534 411 44 175 blocking 545 412 53 133 blocking 741 435 65 65 waiting 857 435 74 81 waiting 878 509 55 105 waiting 576 407 67 81 digging 207 445 35 109 standing 319 469 46 97 standing 486 404 35 105 standing 378 443 53 140 spiking 417 374 34 83 standing 397 448 79 105 standing
83235.jpg r-pass 341 456 38 122 standing 288 465 46 110 standing 198 452 32 110 standing 441 484 49 125 standing 460 408 37 120 standing 436 399 32 97 standing 865 495 46 128 standing 717 402 65 102 setting 847 423 34 89 standing 604 409 48 102 moving 526 498 89 120 standing 518 470 40 133 standing
96945.jpg r-pass 179 376 61 130 standing 291 326 70 107 standing 256 399 57 153 standing 600 333 79 87 waiting 715 339 32 146 standing 564 402 91 131 standing 772 410 103 152 setting 901 336 64 132 standing 1029 383 75 146 standing 1058 343 44 130 standing 784 293 40 112 standing 769 379 56 97 standing
89990.jpg l-pass 388 487 60 103 digging 270 409 48 115 standing 379 432 48 78 standing 454 435 64 101 standing 508 506 77 131 standing 503 368 53 105 standing 692 394 73 86 standing 889 395 39 103 standing 985 419 42 116 standing 1028 473 53 137 standing 607 474 39 140 standing 617 449 37 138 standing
89855.jpg r-pass 159 446 48 114 standing 206 459 54 138 standing 265 399 35 113 standing 431 404 68 109 standing 453 462 43 135 standing 474 422 33 118 standing 659 426 68 60 falling 727 370 51 96 moving 759 425 50 120 standing 1098 469 120 62 falling 931 462 55 105 digging 905 504 97 120 standing
106200.jpg r-pass 171 494 65 104 waiting 256 391 39 91 standing 493 437 32 128 standing 510 421 27 118 standing 516 397 20 112 standing 587 418 55 95 standing 721 447 58 121 standing 774 358 30 95 standing 992 472 49 98 standing 927 448 77 135 digging 942 420 44 93 moving
79850.jpg r-pass 963 436 54 153 standing 885 503 63 168 standing 825 423 65 139 standing 780 412 71 91 digging 561 392 48 113 standing 189 460 60 139 standing 160 433 57 123 standing 236 367 44 117 standing 447 371 54 100 standing 478 396 35 142 standing 457 443 49 130 standing 767 314 46 110 standing
30765.jpg r-pass 198 437 62 117 waiting 258 387 37 104 standing 377 483 85 119 waiting 494 459 88 104 waiting 638 379 50 102 standing 707 354 49 113 standing 724 467 42 112 standing 750 401 53 134 standing 844 388 47 112 standing 920 410 42 124 standing 973 456 62 113 waiting 643 354 43 100 standing
38945.jpg r_spike 401 387 77 100 waiting 279 411 91 100 waiting 207 507 90 104 waiting 681 396 42 118 moving 703 373 56 205 blocking 773 360 44 118 standing 843 313 48 140 jumping 866 416 74 151 spiking 943 457 56 130 standing 994 418 49 123 standing 890 391 77 107 standing
38755.jpg r_set 290 411 71 96 waiting 175 436 47 119 standing 163 527 85 112 waiting 553 470 38 126 standing 571 430 37 135 standing 579 410 30 120 standing 639 362 51 160 setting 709 425 45 118 standing 937 496 103 141 moving 1064 470 76 119 moving 878 417 59 112 moving 845 363 57 117 moving
79900.jpg r_spike 214 431 56 111 waiting 317 358 67 102 standing 337 450 67 139 standing 591 445 69 137 standing 646 351 44 128 standing 650 321 23 125 standing 788 271 46 135 spiking 713 394 39 128 standing 740 412 79 154 standing 814 463 67 184 standing 925 422 74 142 standing 906 389 58 109 standing
30500.jpg l-spike 211 479 55 114 standing 424 478 53 139 moving 453 376 37 109 standing 360 370 70 132 spiking 369 462 60 114 standing 327 424 56 95 moving 621 497 49 118 moving 557 377 42 147 blocking 568 382 58 107 standing 808 421 63 90 waiting 906 436 63 88 standing 939 495 53 112 standing
38820.jpg l-pass 441 472 63 67 falling 465 414 84 76 falling 304 396 41 116 moving 542 414 54 100 standing 341 522 56 166 standing 340 460 89 129 standing 733 457 46 140 standing 736 414 47 139 standing 741 377 44 126 standing 863 408 42 125 standing 950 483 71 141 moving 1023 445 56 136 standing
89905.jpg l-pass 289 467 39 137 standing 266 438 57 105 standing 449 418 67 126 standing 454 398 22 107 standing 569 389 44 96 digging 619 457 51 133 standing 810 462 44 126 moving 785 425 35 128 standing 1021 385 32 100 standing 771 387 47 106 standing 1136 490 58 124 standing 1165 423 44 127 standing
79700.jpg l-pass 1000 484 93 114 waiting 1070 403 35 124 standing 1159 370 40 130 standing 796 412 15 137 standing 793 379 43 97 standing 768 402 43 116 standing 624 457 68 121 standing 502 462 51 140 standing 403 357 43 113 standing 497 398 50 91 standing 287 480 55 92 digging 274 460 50 82 digging
90210.jpg r_set 779 309 63 103 moving 951 504 92 183 moving 847 364 59 175 setting 836 424 64 146 standing 680 386 36 144 standing 610 397 47 162 standing 461 439 58 143 standing 483 392 43 154 standing 488 357 54 133 standing 121 448 96 165 standing 149 362 74 114 standing
30750.jpg r_spike 220 401 44 95 waiting 133 441 56 119 waiting 267 471 86 133 digging 502 457 65 123 moving 602 312 48 160 blocking 740 479 56 142 standing 788 381 55 119 standing 697 396 49 126 standing 721 291 49 156 spiking 858 445 56 126 standing 863 409 53 125 standing
30660.jpg l-spike 399 412 55 172 setting 344 392 54 107 standing 212 402 48 135 standing 250 443 79 145 standing 473 399 42 130 standing 470 368 51 123 standing 588 461 48 113 standing 603 415 57 123 standing 660 353 46 123 standing 780 377 65 107 standing 945 401 47 111 standing 906 457 54 123 standing
45445.jpg r_set 545 385 62 111 setting 718 399 56 109 moving 823 400 50 105 standing 904 410 86 133 moving 843 500 88 131 moving 867 465 64 124 moving 444 463 50 120 standing 445 432 43 122 standing 453 403 41 120 standing 210 409 75 97 standing 37 516 84 118 waiting 50 442 56 126 standing
90250.jpg r_spike 474 398 58 117 waiting 289 454 97 129 waiting 270 347 41 105 waiting 90 441 58 113 waiting 660 283 33 176 blocking 799 277 66 131 spiking 750 391 54 145 standing 978 378 66 125 standing 803 408 84 97 digging 1128 439 82 145 standing 832 440 60 172 moving
30755.jpg r_spike 623 307 57 155 blocking 470 465 82 99 standing 339 469 64 127 digging 166 437 48 123 waiting 224 408 44 97 digging 733 472 69 133 standing 703 317 67 138 spiking 718 399 44 124 standing 817 374 36 126 standing 876 413 48 123 standing 901 438 55 126 standing
90100.jpg r-pass 756 415 90 109 digging 569 399 39 109 standing 771 338 41 100 moving 849 439 58 107 standing 944 498 51 156 standing 798 429 58 133 standing 476 442 51 128 standing 378 383 48 116 moving 164 482 70 153 moving 143 447 37 140 standing 213 423 44 116 standing 228 395 41 102 standing
38920.jpg r_set 655 322 42 149 setting 704 370 40 112 jumping 817 328 40 119 standing 811 384 38 108 standing 846 411 38 123 standing 928 490 99 144 moving 533 429 40 133 standing 541 385 51 131 standing 547 359 36 121 standing 264 381 42 94 waiting 158 496 97 115 waiting 73 404 51 131 standing
90175.jpg r-pass 151 430 55 130 standing 349 377 40 127 standing 253 458 58 160 moving 522 441 60 165 standing 581 392 35 150 standing 572 367 35 132 standing 772 347 35 175 setting 699 342 80 130 moving 733 418 88 150 moving 780 490 128 162 moving 898 436 82 155 standing 963 387 80 140 standing
45575.jpg l-pass 600 438 64 144 standing 219 521 103 170 standing 391 388 72 116 standing 297 355 50 128 standing 261 404 79 130 digging 416 331 44 128 standing 1005 419 51 126 standing 939 362 53 134 standing 913 435 44 147 standing 760 369 50 134 standing 714 438 57 152 standing 720 394 47 148 standing
90015.jpg l-pass 221 458 106 130 moving 338 521 128 123 digging 340 462 60 114 moving 478 354 40 111 standing 504 499 92 103 falling 494 454 91 110 standing 720 383 43 96 standing 719 450 60 141 standing 729 483 63 153 standing 935 397 48 113 standing 1070 459 48 139 standing 1056 423 72 130 standing
30475.jpg l_set 375 461 81 117 moving 540 406 43 148 setting 280 461 47 134 standing 330 413 39 103 standing 227 429 69 114 moving 374 378 58 97 moving 668 379 39 109 standing 663 427 40 97 standing 668 492 43 106 standing 957 500 43 117 standing 942 434 44 95 standing 914 412 40 96 standing
83275.jpg r_set 128 442 64 119 moving 228 388 36 110 standing 259 468 56 113 standing 521 455 36 146 standing 545 416 40 130 standing 542 389 38 105 standing 641 431 51 134 standing 889 523 75 167 moving 891 459 63 151 standing 799 391 65 134 digging 864 388 42 113 standing 813 356 52 92 moving
106245.jpg r_set 260 376 63 99 standing 118 414 43 119 standing 135 485 64 119 standing 518 441 49 113 standing 535 386 33 107 standing 913 396 37 120 standing 1099 454 65 137 moving 880 506 119 147 moving 841 337 49 99 standing 770 414 57 109 jumping 737 372 39 182 setting
106270.jpg r_spike 1082 450 69 119 standing 848 344 38 99 moving 927 420 40 105 standing 881 450 77 106 standing 778 416 83 148 spiking 720 435 57 105 waiting 631 379 48 176 blocking 588 401 44 100 moving 382 377 71 89 standing 249 413 71 85 digging 192 497 68 105 waiting
30570.jpg l-spike 1042 411 67 124 standing 972 488 60 137 standing 866 382 62 114 moving 754 463 43 126 moving 592 326 50 167 blocking 602 307 50 154 blocking 277 478 92 131 standing 268 420 52 105 standing 429 425 54 122 standing 423 404 43 118 standing 430 470 80 158 moving 472 315 62 141 spiking
79945.jpg r-pass 976 387 105 125 standing 758 401 65 162 standing 874 385 52 145 standing 908 459 77 180 moving 758 324 62 139 moving 901 365 55 97 digging 548 413 57 167 standing 603 326 42 131 standing 544 317 55 119 standing 286 428 53 162 standing 111 410 50 140 standing 255 335 60 134 standing
38710.jpg r-pass 0 481 63 121 moving 309 481 58 126 standing 349 419 51 90 standing 570 462 35 128 standing 579 448 32 109 standing 593 434 25 104 standing 673 454 51 100 standing 748 481 83 126 standing 854 386 49 107 standing 947 433 41 98 standing 987 483 58 110 digging 1021 487 44 98 digging
106370.jpg l-spike 1191 430 62 119 waiting 1058 465 54 123 standing 936 371 62 109 moving 682 323 52 158 blocking 539 438 58 131 moving 550 399 56 96 moving 406 376 76 101 moving 321 355 58 109 standing 493 296 58 129 spiking 101 427 72 105 standing
30540.jpg l_set 906 488 69 114 moving 924 435 53 107 digging 812 407 47 119 standing 626 391 67 127 standing 605 489 59 117 standing 568 431 67 129 standing 483 426 67 130 standing 389 387 52 95 standing 356 437 52 150 setting 332 474 85 75 falling 293 485 97 145 moving 216 435 49 137 standing
45470.jpg r_spike 685 319 43 123 spiking 741 474 69 155 standing 798 457 64 129 standing 843 392 48 139 standing 811 386 37 112 standing 657 432 59 134 standing 587 344 48 155 blocking 597 306 43 145 blocking 500 461 69 139 standing 289 382 59 102 waiting 185 481 64 129 waiting 195 439 59 123 waiting
45525.jpg r-pass 944 357 75 126 standing 683 359 56 110 standing 627 438 30 94 falling 627 440 75 115 falling 688 466 60 125 digging 722 492 77 134 waiting 548 400 55 139 standing 536 368 51 143 standing 252 473 77 141 waiting 191 411 46 140 standing 310 376 62 119 standing 552 441 44 97 falling
83305.jpg r_spike 118 438 84 111 standing 285 371 52 99 waiting 323 478 80 112 waiting 533 424 52 129 waiting 639 314 39 171 blocking 710 417 69 114 waiting 844 469 77 143 moving 800 295 50 143 spiking 819 393 67 97 waiting 888 401 54 122 waiting 821 451 86 111 waiting
96925.jpg r_spike 62 382 82 129 waiting 185 328 114 95 standing 143 416 81 135 waiting 513 322 80 97 waiting 484 407 92 137 waiting 553 286 46 204 blocking 693 245 40 117 jumping 725 295 66 160 spiking 728 418 74 169 standing 907 387 82 135 waiting 942 334 60 109 standing 675 348 117 114 standing
30725.jpg r_set 967 416 103 125 moving 848 526 94 150 moving 834 430 71 131 moving 812 336 51 125 moving 681 378 55 142 standing 673 311 44 167 setting 19 415 58 133 waiting 254 457 61 150 waiting 206 376 66 108 waiting 492 463 58 142 waiting 518 413 48 130 standing 513 381 49 125 standing
97030.jpg r_spike 1000 440 92 131 waiting 906 378 87 101 waiting 780 430 78 108 waiting 718 362 85 161 spiking 651 393 77 112 waiting 697 313 47 118 standing 583 340 42 185 blocking 423 363 52 98 standing 193 354 101 89 standing 24 403 79 126 waiting 116 449 73 129 waiting
96875.jpg r-pass 77 317 62 101 moving 136 367 45 109 standing 308 374 41 101 standing 466 342 33 107 standing 500 374 33 129 standing 496 341 35 120 standing 632 329 58 97 standing 746 373 56 112 moving 909 347 73 84 standing 927 399 62 129 standing 808 386 50 139 standing 839 366 58 103 digging
90060.jpg l-pass 134 424 68 120 moving 340 383 60 107 digging 384 431 52 134 standing 392 438 65 142 standing 653 424 57 134 standing 1035 484 43 159 standing 884 429 49 134 standing 870 397 54 101 moving 884 370 76 112 standing 1101 455 63 123 standing 1091 397 49 131 standing 31 607 106 93 falling
30445.jpg l-pass 288 498 88 75 falling 169 425 35 111 standing 298 451 39 84 standing 357 388 39 94 standing 452 437 77 97 standing 610 451 47 111 standing 685 421 37 111 standing 691 392 39 118 standing 730 441 47 101 standing 1052 402 48 101 moving 983 427 37 105 standing 938 453 30 105 standing
45410.jpg r-pass 98 411 52 111 moving 221 450 41 116 standing 158 429 32 126 standing 458 448 41 122 standing 457 421 43 103 standing 458 405 39 101 standing 557 438 52 88 waiting 687 424 48 107 moving 860 468 58 86 standing 848 408 43 92 standing 818 497 97 80 falling 963 385 47 122 standing
45475.jpg r_spike 236 485 92 117 waiting 218 433 67 111 waiting 327 378 44 105 waiting 518 457 60 122 standing 623 313 37 169 blocking 678 323 65 115 spiking 682 440 76 136 standing 746 460 63 156 standing 812 393 46 102 standing 826 460 62 120 standing 860 391 52 127 standing
45610.jpg l_set 237 512 86 167 moving 239 392 59 142 standing 262 363 50 143 moving 385 354 58 165 setting 447 371 66 127 standing 618 438 68 142 standing 622 380 52 120 standing 629 358 52 123 standing 823 352 60 116 waiting 951 407 66 104 waiting 948 469 66 134 standing 378 335 61 104 moving
108980.jpg r-pass 149 457 56 126 standing 109 444 69 105 waiting 101 401 48 118 standing 448 436 47 129 standing 449 412 41 120 standing 446 389 41 128 standing 537 419 37 103 standing 681 412 54 126 standing 821 470 62 133 standing 898 442 73 109 standing 847 408 58 105 digging 996 387 41 120 standing
90140.jpg r_spike 192 497 84 118 waiting 183 444 58 99 waiting 298 387 47 111 standing 527 474 54 118 waiting 560 375 37 176 blocking 547 378 43 118 standing 699 377 73 152 spiking 726 382 48 137 standing 770 337 73 105 moving 836 502 90 156 moving 867 440 77 129 waiting 898 411 75 114 waiting
97055.jpg l-pass 267 418 126 65 falling 194 433 104 148 standing 178 409 63 126 standing 502 381 52 109 standing 668 423 54 156 standing 707 404 52 156 standing 774 410 60 154 standing 770 385 68 139 standing 792 336 46 153 standing 910 413 63 128 waiting 1087 419 65 175 standing 1068 384 57 126 standing
89950.jpg l_set 200 472 102 139 moving 268 427 80 102 moving 439 450 86 118 moving 442 392 37 107 standing 433 372 59 86 moving 589 373 69 145 setting 728 463 59 118 standing 717 427 48 112 standing 714 389 48 102 waiting 954 414 102 86 waiting 1050 496 96 123 waiting 1130 426 69 123 waiting
79915.jpg r-pass 320 432 57 96 waiting 423 444 98 131 waiting 409 345 54 115 digging 647 427 90 131 waiting 753 287 52 175 blocking 865 440 65 167 standing 980 392 60 112 digging 1025 414 68 148 standing 822 336 49 126 standing 825 385 60 170 standing 840 388 54 128 standing
106435.jpg r_set 9 383 87 138 moving 107 463 66 131 standing 237 352 44 111 standing 506 347 37 99 standing 513 420 52 142 standing 515 385 44 127 standing 637 385 38 127 moving 688 450 100 144 moving 800 323 57 105 moving 834 304 43 156 setting 846 447 88 140 standing 1009 404 102 131 moving
38785.jpg l-pass 459 442 101 63 falling 339 481 117 117 moving 359 424 54 101 waiting 580 484 90 126 moving 692 408 57 115 standing 773 380 41 137 standing 798 365 49 120 standing 846 405 43 134 standing 804 484 65 145 standing 924 415 43 115 standing 933 464 74 123 standing 723 375 38 142 blocking
106285.jpg l-pass 438 382 72 103 digging 318 411 63 102 standing 269 478 65 137 moving 634 400 63 119 standing 674 439 57 149 standing 798 483 77 125 standing 777 445 57 104 standing 847 371 50 113 standing 921 439 52 138 standing 962 445 51 122 standing 1141 458 54 124 waiting
83190.jpg l_set 241 522 99 148 moving 158 442 64 119 moving 251 469 78 126 moving 352 373 58 95 moving 522 407 61 112 standing 559 390 58 141 setting 657 455 50 128 standing 653 395 53 102 standing 888 425 58 71 waiting 945 501 71 119 waiting 1017 443 49 110 waiting 668 431 44 119 standing
38765.jpg r_spike 211 508 77 116 waiting 327 399 72 93 waiting 607 331 44 189 blocking 581 476 58 126 standing 671 420 51 116 standing 706 338 46 133 spiking 804 357 76 112 moving 868 403 51 116 moving 871 494 79 142 moving 969 450 105 130 moving 242 435 54 97 digging
96905.jpg r_set 143 398 73 144 standing 139 332 84 97 moving 437 391 65 129 standing 452 344 45 107 standing 448 318 54 107 standing 576 276 48 158 setting 733 324 69 116 moving 789 363 92 133 moving 856 447 133 156 moving 912 344 69 146 standing 926 326 48 114 standing
30685.jpg r-pass 18 417 90 126 standing 226 446 68 150 standing 213 385 35 117 standing 410 457 49 131 standing 430 401 32 137 standing 436 384 35 134 standing 629 371 52 170 setting 695 478 54 145 moving 667 393 74 96 waiting 665 338 54 115 standing 809 433 49 112 standing 839 401 49 107 standing
96930.jpg r_spike 941 391 82 138 waiting 986 337 52 125 standing 741 408 68 165 moving 774 342 62 127 standing 711 249 51 142 spiking 731 295 57 125 jumping 606 271 55 187 blocking 525 403 64 139 waiting 553 320 61 88 waiting 175 422 82 135 digging 104 373 64 140 digging 232 332 67 95 digging
96990.jpg r_set 15 404 82 164 standing 113 308 66 129 standing 412 391 60 150 standing 440 358 50 133 standing 420 334 49 101 waiting 595 299 52 133 moving 660 335 56 117 moving 776 467 101 164 moving 762 365 54 127 standing 871 356 41 174 setting 871 347 50 107 standing
45500.jpg r-pass 343 469 86 116 standing 287 416 47 129 standing 361 392 73 90 waiting 565 436 56 139 standing 612 359 39 92 standing 648 384 37 101 standing 744 352 50 103 standing 730 461 48 96 falling 736 448 60 73 falling 791 469 54 139 standing 858 455 58 124 standing 916 368 62 131 moving
83155.jpg l-pass 267 474 54 97 digging 340 387 39 101 standing 418 489 77 131 moving 454 416 48 101 standing 595 467 54 116 standing 729 434 37 124 standing 713 421 48 122 standing 756 403 41 114 standing 963 460 45 139 standing 957 421 50 107 standing 1084 403 69 99 standing 256 483 52 108 standing
30585.jpg l-pass 187 399 48 122 standing 195 471 88 126 waiting 296 429 60 120 moving 353 419 62 80 falling 401 446 73 131 standing 418 367 58 109 standing 517 352 50 128 standing 658 440 69 101 waiting 715 382 54 103 waiting 851 442 69 133 standing 917 385 50 116 standing
79880.jpg r_set 139 438 62 120 waiting 233 450 85 146 waiting 283 359 45 105 waiting 530 432 53 157 standing 552 381 50 151 standing 552 357 45 129 standing 639 337 52 155 setting 774 424 84 137 standing 822 313 69 105 moving 904 375 72 112 moving 876 500 135 170 moving 950 429 70 165 standing
89970.jpg l-spike 302 452 94 123 moving 383 409 65 111 moving 388 392 54 104 moving 498 345 41 105 standing 500 408 60 158 spiking 510 402 57 108 standing 646 383 43 193 blocking 937 417 74 75 waiting 1066 480 60 122 waiting 1062 413 69 116 waiting 663 375 72 90 standing
50055.jpg l_winpoint 942 443 66 133 standing 944 386 70 140 standing 796 332 50 145 standing 680 382 58 142 standing 623 459 38 151 standing 562 430 49 161 standing 423 395 56 155 standing 411 392 49 148 standing 410 361 62 141 standing 302 406 62 139 standing 255 405 65 150 standing 197 387 87 131 standing
42540.jpg l_winpoint 914 507 53 83 falling 839 378 36 129 standing 747 345 54 140 standing 618 373 69 133 standing 515 487 74 163 standing 507 444 54 158 standing 364 429 69 144 standing 363 359 57 170 standing 334 377 41 137 standing 177 423 78 140 standing 188 398 66 140 standing 183 387 71 136 standing
48255.jpg l_winpoint 1021 489 125 89 falling 871 401 39 147 standing 789 320 52 147 standing 609 362 53 140 standing 569 423 51 162 standing 526 444 41 151 standing 349 379 36 152 standing 285 386 96 163 standing 267 381 58 177 standing 286 370 68 145 standing 213 379 64 146 standing 193 404 64 138 standing
39000.jpg r_winpoint 1064 445 51 151 standing 967 433 77 161 standing 991 406 56 158 standing 897 443 79 157 standing 890 382 47 164 standing 835 408 68 145 standing 631 462 58 163 standing 626 440 52 158 standing 553 392 81 143 standing 382 446 56 155 standing 389 371 62 126 standing 273 484 116 61 falling
43095.jpg l_winpoint 999 471 69 103 falling 940 442 53 130 standing 908 427 41 113 standing 994 396 57 133 standing 874 401 49 123 standing 712 408 45 125 standing 481 435 47 139 standing 505 387 50 154 jumping 453 409 53 117 standing 351 392 45 121 standing 290 450 54 130 standing 283 421 52 124 standing
45690.jpg l_winpoint 578 362 36 113 standing 471 485 51 66 falling 406 419 39 118 standing 408 384 70 106 standing 340 390 41 110 standing 143 417 43 115 standing 146 395 48 104 standing 114 402 55 112 standing 102 393 40 113 standing 31 411 73 123 standing 19 409 81 118 standing 994 436 39 110 standing
34365.jpg l_winpoint 1045 459 62 122 standing 966 453 75 115 standing 853 424 91 118 standing 821 450 67 119 standing 752 424 70 129 standing 742 404 60 124 standing 321 432 59 127 standing 348 426 44 122 standing 336 440 30 115 standing 292 447 44 112 standing 277 431 43 118 standing 311 425 31 120 standing
31350.jpg r_winpoint 58 431 88 143 standing 257 395 72 133 standing 344 407 69 143 standing 464 407 64 131 standing 527 382 48 136 standing 441 374 54 128 standing 878 389 65 132 standing 918 390 48 126 standing 949 392 34 129 standing 967 403 63 154 standing 968 394 48 123 standing
36600.jpg l_winpoint 272 384 69 140 standing 349 415 41 137 standing 333 381 33 120 standing 419 402 70 153 standing 485 346 55 131 standing 537 354 42 131 standing 771 403 45 147 standing 758 373 37 139 standing 786 332 55 152 standing 831 394 116 143 standing 874 348 50 148 standing 1055 404 58 162 standing
30810.jpg l_winpoint 1023 419 54 145 standing 968 387 39 146 standing 868 363 63 135 standing 785 418 56 165 standing 694 427 41 104 standing 708 313 51 138 standing 561 361 80 132 standing 457 397 59 143 standing 475 366 40 138 standing 394 412 68 161 standing 315 391 76 147 standing 365 357 44 162 standing
51240.jpg l_winpoint 934 428 74 166 standing 939 372 72 153 standing 854 336 42 149 standing 732 299 51 157 standing 589 450 48 167 standing 579 424 56 188 standing 427 377 78 165 standing 422 359 64 162 standing 410 343 64 167 standing 359 381 55 146 standing 284 378 67 166 standing 198 369 80 137 standing
