102095.jpg r_spike 1004 417 75 118 standing 876 435 79 88 standing 957 482 58 107 standing 750 435 109 148 spiking 756 343 41 126 standing 636 415 56 167 blocking 525 405 94 99 standing 394 389 56 96 standing 207 481 71 135 standing 71 425 67 111 standing 763 402 54 124 standing
114725.jpg l-pass 1194 462 48 126 standing 1164 431 57 130 standing 1149 396 52 125 standing 948 452 47 135 standing 935 426 60 137 standing 974 386 32 123 standing 860 479 54 131 standing 838 450 54 125 moving 793 458 74 131 moving 586 466 82 136 standing 529 387 67 119 standing 322 451 65 93 digging
64555.jpg r-pass 1230 480 49 148 standing 1089 472 62 121 standing 969 467 35 141 standing 858 400 62 131 digging 824 437 45 143 standing 799 495 49 109 standing 712 499 70 148 standing 725 487 60 150 standing 729 485 52 139 standing 561 476 111 76 falling 470 489 45 133 standing 162 437 39 125 standing
93570.jpg r_spike 958 456 75 143 standing 993 419 56 118 standing 890 392 50 124 standing 802 353 69 126 standing 769 386 50 178 spiking 670 423 65 148 blocking 669 397 54 118 standing 506 361 84 103 moving 456 412 52 101 digging 409 484 64 143 standing 287 458 77 143 standing
62810.jpg r-pass 1009 472 66 127 standing 981 387 48 136 setting 397 420 46 116 standing 318 484 58 127 standing 314 409 52 130 standing 682 400 41 130 standing 717 425 30 120 standing 585 377 75 107 moving 780 507 79 112 standing 812 396 81 99 standing 770 469 50 104 standing 790 433 57 100 standing
101945.jpg l-spike 1048 449 48 114 waiting 966 495 51 106 waiting 913 407 58 97 waiting 657 394 38 170 blocking 639 371 88 139 blocking 670 359 55 130 standing 560 421 46 128 standing 536 363 71 137 spiking 510 358 55 100 standing 420 415 60 114 standing 334 496 91 142 moving 274 394 55 113 standing
96045.jpg r_set 916 426 84 103 moving 847 352 84 90 moving 688 360 79 118 moving 616 350 43 146 setting 823 543 94 139 moving 236 483 82 120 standing 219 398 54 97 standing 121 447 88 112 waiting 511 453 65 139 standing 536 398 41 135 standing 508 392 65 101 standing 879 376 47 114 standing
60635.jpg l_set 1120 448 65 122 standing 957 417 69 108 standing 938 483 56 139 standing 678 483 62 139 falling 672 443 56 131 standing 675 389 60 131 standing 513 416 56 169 setting 584 402 47 158 standing 313 435 54 135 standing 400 365 52 86 standing 444 536 80 141 standing 356 430 69 90 falling
64530.jpg r_spike 1199 500 52 141 standing 1043 479 75 111 standing 921 508 65 112 standing 878 391 58 122 standing 829 414 52 178 spiking 818 436 37 135 standing 460 408 52 101 standing 262 527 84 126 moving 100 461 67 122 standing 704 397 56 212 blocking
81795.jpg r_spike 1166 487 62 154 standing 952 420 65 116 standing 870 382 65 129 standing 895 388 65 180 spiking 747 418 58 118 standing 681 473 86 139 standing 605 479 50 129 standing 616 384 52 184 blocking 255 506 73 124 digging 274 409 56 101 digging 136 449 58 128 standing
62850.jpg r_set 65 505 43 133 standing 156 402 46 123 standing 29 436 49 133 standing 488 442 46 137 standing 641 419 44 133 standing 486 415 40 131 standing 684 436 69 137 standing 826 441 44 150 setting 869 383 79 125 standing 888 552 103 131 moving 854 358 79 97 moving 484 403 34 126 standing
52780.jpg l-pass 152 451 52 123 standing 321 483 55 120 standing 431 436 34 117 digging 563 476 61 131 standing 601 411 37 127 standing 664 450 52 128 standing 751 476 49 141 standing 721 416 46 141 standing 897 369 68 110 moving 989 438 79 71 falling 987 445 85 123 moving
114700.jpg r_spike 910 482 55 125 standing 855 427 52 128 standing 893 385 69 116 standing 719 408 77 161 spiking 735 380 52 122 standing 635 459 103 111 standing 574 400 54 167 blocking 580 390 49 154 blocking 570 375 54 161 blocking 292 377 58 111 waiting 222 506 72 122 waiting 1 438 63 110 waiting
56815.jpg l-spike 1055 382 58 112 waiting 965 503 72 116 waiting 773 472 104 120 standing 675 290 44 174 blocking 561 281 90 133 spiking 571 402 57 127 standing 558 472 55 161 moving 481 397 69 98 standing 375 397 55 133 standing 298 439 59 124 standing
56700.jpg r_set 183 419 43 133 standing 363 408 52 108 standing 294 476 48 137 standing 587 452 43 148 standing 587 415 51 117 standing 719 455 52 136 standing 665 421 44 128 digging 869 485 103 127 moving 1003 356 97 99 moving 988 389 37 114 standing 987 450 88 94 moving 600 404 41 165 blocking
96865.jpg l-pass 1107 428 80 142 standing 1100 361 58 102 moving 958 459 71 122 standing 893 513 100 141 standing 830 389 51 117 standing 769 460 34 172 blocking 726 436 82 153 blocking 561 404 75 95 standing 430 410 76 122 digging 366 526 79 116 digging 159 447 74 109 waiting
64600.jpg r_set 1090 444 90 111 moving 1057 454 33 129 standing 951 383 71 105 moving 915 565 80 122 standing 756 407 41 165 setting 757 430 58 152 standing 529 438 56 118 standing 338 509 54 122 standing 656 509 60 124 standing 688 418 28 193 blocking 204 450 60 126 standing
64620.jpg r_spike 1109 485 52 119 standing 996 429 52 127 standing 311 457 52 117 standing 577 441 72 94 waiting 409 519 50 105 digging 767 456 45 178 blocking 751 412 43 113 standing 930 373 68 127 moving 859 455 45 139 standing 850 474 74 145 spiking
62725.jpg r-pass 885 501 52 134 standing 896 454 51 102 standing 865 406 52 99 digging 762 379 49 114 standing 691 350 43 123 standing 518 397 57 133 standing 424 454 69 151 standing 404 417 43 128 standing 230 425 34 130 standing 116 440 72 133 standing 79 464 51 125 standing 444 400 60 139 blocking
102020.jpg r-pass 1016 461 68 122 standing 932 406 52 99 digging 880 375 60 105 standing 806 455 55 131 standing 750 366 58 142 setting 702 370 41 119 standing 576 399 46 136 standing 513 405 72 85 standing 496 356 82 117 standing 344 438 58 144 standing 268 395 46 123 standing 366 409 55 110 moving
64450.jpg r-pass 784 468 57 77 digging 756 391 49 111 standing 910 489 60 55 falling 880 489 74 130 standing 535 533 79 110 moving 583 494 77 145 standing 479 444 30 157 standing 430 445 54 140 standing 410 408 37 122 standing 299 503 44 124 standing 121 430 62 112 standing 12 461 53 137 standing
93585.jpg l-pass 311 475 55 117 standing 391 483 49 136 standing 458 444 40 90 falling 437 378 86 96 standing 658 436 46 131 standing 935 445 51 147 standing 931 419 32 125 standing 777 351 58 124 standing 875 393 70 111 standing 734 444 46 119 standing 752 408 70 135 standing 655 425 44 124 standing
62895.jpg r_spike 115 463 58 131 standing 210 504 66 125 standing 314 391 52 102 moving 708 308 43 173 blocking 1150 397 54 125 standing 1037 478 60 131 standing 819 293 52 144 spiking 914 405 71 100 standing 866 475 54 127 standing 791 423 79 116 standing
51665.jpg l-pass 1075 452 42 125 standing 906 439 46 132 standing 851 422 61 132 standing 876 402 37 137 standing 745 462 60 120 standing 527 485 58 144 standing 344 498 75 90 digging 413 448 49 92 digging 415 374 46 120 standing 163 476 53 156 standing
114530.jpg l-pass 1134 439 29 129 standing 931 469 43 141 standing 933 428 52 161 blocking 946 416 43 123 standing 843 484 73 138 standing 613 520 82 156 moving 566 505 62 138 standing 489 428 54 109 digging 432 454 56 107 digging 391 471 46 142 standing
51820.jpg r_set 88 430 44 130 standing 178 469 66 144 standing 220 386 49 116 standing 562 487 44 130 standing 564 438 43 133 standing 570 396 41 125 standing 952 545 102 122 moving 892 419 96 120 moving 957 347 54 105 standing 710 462 53 148 standing 838 329 49 161 setting 933 466 40 134 standing
114660.jpg r_set 755 506 59 134 digging 615 357 61 125 standing 706 401 60 117 standing 701 368 42 110 standing 593 562 58 149 standing 344 439 47 142 standing 242 412 37 134 standing 258 427 26 145 standing 238 468 48 144 standing 0 383 56 127 moving
64385.jpg l_set 528 373 48 147 setting 562 345 46 87 moving 676 408 47 136 standing 318 456 76 119 moving 430 496 67 130 standing 431 516 92 150 standing 840 475 45 120 standing 815 425 45 138 standing 833 388 54 100 standing 1141 489 58 146 standing 1105 397 57 119 standing
56745.jpg l-pass 545 376 51 159 setting 666 477 69 136 standing 757 390 52 116 standing 845 434 60 133 standing 947 509 55 131 standing 1208 469 71 134 standing 1236 393 43 116 standing 1063 406 54 134 standing 1047 444 35 131 standing 1033 541 54 150 standing 953 484 50 125 standing
52925.jpg r_spike 984 402 57 116 standing 830 318 85 124 spiking 826 430 56 116 standing 775 505 61 135 standing 726 393 51 120 jumping 712 396 72 124 standing 582 467 88 131 standing 663 395 37 135 standing 664 357 35 128 blocking 433 393 53 98 standing 349 457 96 147 standing 202 444 82 110 standing
56910.jpg l-pass 1015 347 47 126 standing 989 415 35 135 standing 920 495 73 146 moving 897 404 58 122 standing 770 464 90 114 moving 826 386 41 116 standing 781 374 79 107 standing 609 485 56 86 falling 585 399 80 105 standing 425 432 54 111 standing 970 382 52 122 standing
81960.jpg r_spike 993 389 50 118 moving 935 471 58 135 standing 793 416 69 180 spiking 790 443 77 114 standing 781 389 41 114 standing 675 407 54 188 blocking 677 395 52 165 blocking 515 399 56 96 waiting 345 399 84 103 waiting 337 512 58 131 standing 69 456 69 111 standing
96915.jpg l_set 1091 491 82 118 moving 1124 451 81 126 moving 1114 388 42 119 standing 844 379 51 105 standing 798 419 56 111 standing 810 500 52 133 standing 666 463 54 143 standing 605 391 47 164 setting 486 385 76 115 standing 464 371 66 82 moving 361 440 62 120 standing 499 541 91 131 moving
51725.jpg l-spike 1082 516 89 110 standing 980 403 72 107 digging 1137 438 70 117 standing 681 421 39 176 blocking 681 422 39 160 blocking 705 401 52 106 standing 575 403 59 189 spiking 484 445 57 117 standing 447 343 60 106 moving 390 502 46 127 standing 295 470 47 157 moving 174 415 64 122 standing
52845.jpg r-pass 901 501 53 130 standing 875 431 52 85 digging 784 419 65 96 digging 466 432 57 144 blocking 522 370 56 109 standing 486 378 55 130 standing 419 467 40 129 standing 375 438 55 144 standing 346 494 75 147 standing 344 355 47 117 standing 248 443 67 115 standing 197 420 80 115 standing
96110.jpg l_set 907 465 67 135 standing 883 393 50 122 standing 846 360 62 119 standing 636 460 39 132 standing 654 402 48 124 standing 644 348 37 125 standing 533 373 44 115 standing 464 468 85 57 falling 330 485 92 138 moving 390 413 62 121 digging 382 354 72 82 moving 136 424 47 140 standing
56670.jpg r-pass 1067 374 62 119 standing 944 458 56 102 standing 875 414 79 95 standing 873 487 72 119 falling 720 485 82 137 standing 569 394 45 117 standing 467 439 50 149 standing 485 428 47 140 standing 494 399 37 132 blocking 290 395 27 129 standing 252 462 65 130 standing 25 403 45 109 moving
64495.jpg r_set 1054 454 38 135 standing 958 375 63 119 moving 876 458 77 116 standing 934 570 96 132 moving 813 581 102 74 falling 737 400 47 176 setting 550 454 51 145 standing 551 441 53 138 standing 555 420 34 141 standing 175 518 53 132 standing 189 411 40 119 standing 22 462 68 138 standing
93530.jpg l-pass 417 450 58 112 digging 466 390 49 103 standing 514 465 61 127 standing 683 493 81 114 standing 821 339 65 147 jumping 836 368 47 119 standing 1152 413 43 121 standing 1062 447 70 128 standing 972 429 46 114 standing 901 375 58 110 standing 901 410 51 128 standing 923 480 79 131 standing
57025.jpg r_spike 1061 385 56 111 standing 893 391 62 114 standing 850 406 54 114 standing 803 459 69 154 standing 759 427 52 135 standing 846 265 45 152 spiking 679 309 58 167 blocking 690 294 37 141 blocking 599 435 52 141 standing 340 476 73 107 digging 318 370 56 90 waiting 197 433 62 126 waiting
96005.jpg r-pass 768 367 58 115 digging 785 383 52 128 standing 886 399 62 110 standing 849 504 70 144 moving 644 380 40 116 standing 557 408 49 119 standing 495 466 45 136 standing 465 375 47 115 standing 384 443 87 130 standing 269 401 37 120 standing 137 426 42 117 standing 1111 389 42 128 standing
96065.jpg r_spike 738 505 69 148 standing 782 439 65 109 standing 885 382 33 118 standing 821 334 48 124 standing 649 409 65 118 standing 667 259 60 169 spiking 586 306 37 169 blocking 588 278 50 184 blocking 532 462 90 131 standing 283 479 64 120 waiting 159 439 62 122 waiting 302 382 50 107 standing
93460.jpg r-pass 769 465 46 97 digging 781 472 54 77 standing 786 504 57 129 standing 538 380 69 120 standing 533 480 76 150 standing 403 446 59 119 moving 298 464 32 135 standing 194 448 44 136 standing 73 434 51 119 standing 259 465 34 141 standing 1220 537 54 112 waiting
114590.jpg l-spike 432 347 69 122 spiking 502 372 62 87 moving 550 401 53 137 standing 507 448 92 123 standing 474 492 61 147 standing 159 413 57 110 standing 663 380 39 92 standing 653 481 39 134 standing 913 394 61 91 standing 1021 430 72 116 standing 993 471 46 110 standing 633 378 55 169 blocking
60590.jpg l-pass 503 435 72 82 digging 620 385 70 112 standing 466 494 85 119 standing 362 462 55 112 standing 791 435 40 137 standing 749 454 60 128 standing 895 373 65 115 standing 885 489 55 150 standing 844 427 34 128 standing 844 487 43 107 standing 1065 415 58 127 standing 1199 481 45 130 standing
64350.jpg l-pass 472 453 43 148 setting 570 484 71 148 standing 615 378 51 122 standing 605 433 72 131 moving 1008 381 65 117 moving 1063 506 66 137 standing 897 414 89 122 standing 831 454 92 144 moving 1197 435 32 120 standing 1183 458 94 128 moving 430 434 48 116 standing 319 468 54 122 standing
81925.jpg r_set 713 424 45 129 setting 838 362 73 112 moving 774 492 54 94 falling 758 534 71 116 moving 551 347 39 122 standing 493 383 43 120 standing 48 438 73 118 standing 151 462 60 131 standing 222 427 62 126 standing 386 367 43 120 standing 403 458 60 143 standing 423 431 37 139 standing
52715.jpg l-spike 1097 507 74 121 standing 1003 407 55 118 standing 758 365 48 158 blocking 753 347 39 175 blocking 658 429 51 125 standing 572 340 84 140 spiking 440 428 77 100 standing 398 478 70 132 standing 410 456 48 119 standing 172 469 46 133 standing
56835.jpg r-pass 917 478 77 113 moving 795 373 41 117 standing 685 487 86 117 standing 517 460 105 131 setting 423 374 75 102 standing 426 357 27 105 standing 374 359 38 105 jumping 321 449 75 131 standing 292 410 96 105 standing 271 381 29 119 standing 104 415 54 122 standing
62785.jpg r_spike 1010 478 47 132 standing 819 356 51 119 standing 772 367 57 133 jumping 822 413 71 125 standing 850 391 123 141 spiking 811 513 52 130 standing 644 385 42 108 standing 687 345 29 159 blocking 655 402 63 181 blocking 359 432 41 91 waiting 265 458 55 111 standing 322 516 59 115 standing
52810.jpg l_set 1084 479 52 134 standing 1015 396 59 118 digging 844 428 54 127 moving 791 448 46 157 blocking 806 418 40 124 standing 708 415 52 167 setting 716 432 44 130 standing 593 366 57 95 moving 540 440 49 125 standing 327 493 96 126 moving 384 436 60 115 standing 1152 432 69 104 standing
114785.jpg l-spike 1067 420 82 110 standing 1003 507 59 112 standing 926 391 77 92 standing 633 439 35 177 blocking 645 396 54 122 standing 436 458 62 116 standing 448 436 77 148 jumping 485 419 61 127 standing 507 367 65 104 standing 436 413 66 132 standing 73 456 95 116 moving
52765.jpg r_set 493 387 48 153 setting 608 474 66 120 moving 613 427 79 116 standing 926 453 85 119 moving 787 377 92 105 moving 811 438 44 83 falling 419 371 48 199 blocking 398 474 37 141 standing 247 440 44 119 standing 148 472 55 150 standing
56890.jpg r_spike 758 317 82 161 spiking 936 357 48 113 standing 893 422 68 120 standing 809 504 78 138 moving 658 322 75 173 blocking 653 458 41 130 standing 479 419 46 103 waiting 452 467 60 113 waiting 249 438 55 114 standing 1171 480 75 133 standing 749 367 48 134 setting
101895.jpg l-pass 421 501 57 122 digging 443 384 42 119 standing 466 501 59 148 standing 407 467 42 122 standing 190 492 66 150 standing 769 485 57 134 standing 876 399 30 95 standing 867 448 37 130 standing 851 472 57 134 standing 1070 407 57 130 standing 1155 487 37 134 standing
96940.jpg l-spike 1038 455 71 116 standing 925 371 58 111 standing 1001 490 48 122 standing 663 496 79 126 standing 644 351 39 169 blocking 643 324 24 158 blocking 547 464 60 120 standing 504 495 54 158 standing 454 480 75 103 waiting 460 434 33 88 standing 478 397 73 111 digging 497 318 73 101 spiking
96080.jpg l-pass 971 399 45 111 standing 897 353 45 111 standing 862 453 94 141 standing 817 489 48 143 standing 800 406 48 122 standing 746 342 54 124 standing 476 415 80 79 falling 263 434 54 122 standing 391 464 88 120 standing 591 466 84 114 digging 671 353 54 126 standing
93635.jpg r-pass 857 383 55 123 setting 799 438 52 137 standing 756 474 61 141 moving 728 385 79 97 standing 559 424 66 133 standing 552 370 61 111 moving 411 461 54 139 standing 375 433 74 123 standing 415 373 49 116 standing 233 458 74 134 moving 206 438 60 105 standing 212 408 51 113 standing
96995.jpg r-pass 955 356 74 107 moving 907 432 55 114 standing 848 457 57 125 standing 773 519 73 141 standing 608 442 109 54 falling 635 350 54 110 standing 475 471 64 142 standing 495 424 33 122 standing 504 391 23 106 standing 289 384 59 122 standing 190 474 93 132 standing 128 420 65 133 standing
56965.jpg r-pass 868 404 54 120 standing 791 414 69 126 standing 730 472 92 141 standing 765 367 56 99 digging 525 443 111 135 moving 478 373 62 116 standing 390 448 43 143 standing 392 400 45 129 standing 381 367 35 124 standing 218 405 37 124 standing 108 513 71 141 standing 51 435 47 141 standing
51845.jpg r_spike 1024 411 73 131 moving 981 469 50 131 standing 857 500 64 133 moving 857 426 96 126 standing 823 438 50 122 standing 906 292 39 137 spiking 602 477 103 116 standing 343 469 90 133 standing 342 390 35 90 standing 258 440 52 118 standing 722 311 37 201 blocking
81900.jpg r-pass 706 503 77 95 digging 617 469 58 130 standing 694 358 56 116 standing 756 456 63 104 standing 435 375 44 133 standing 424 356 30 119 blocking 324 462 62 151 standing 349 439 60 123 standing 301 403 53 109 standing 185 453 81 135 standing 73 412 39 123 standing 368 370 37 111 standing
102005.jpg l-spike 1011 476 53 103 standing 984 393 50 122 standing 925 386 46 106 standing 769 450 77 125 standing 709 393 62 117 standing 690 371 63 123 standing 615 403 44 136 standing 593 425 47 63 falling 511 354 63 111 standing 444 342 45 148 setting 380 439 75 143 standing 320 401 60 114 standing
52740.jpg r-pass 157 465 71 141 standing 238 429 38 123 standing 273 468 40 120 standing 393 417 37 134 standing 896 449 69 113 standing 751 405 75 144 setting 664 403 80 110 standing 476 414 60 110 moving 454 395 35 114 standing 445 452 48 83 standing 385 408 44 119 standing
96955.jpg r-pass 853 447 54 116 standing 791 464 48 99 standing 737 363 48 122 standing 529 496 92 116 standing 448 340 30 150 blocking 442 325 58 156 blocking 370 352 64 114 jumping 329 495 71 141 standing 356 447 58 135 standing 316 408 45 107 standing 254 464 77 128 standing 250 425 69 118 standing
52605.jpg l-pass 952 458 46 134 standing 916 428 60 130 standing 946 406 32 123 standing 814 465 55 120 standing 609 484 55 144 standing 497 453 54 88 falling 433 459 46 127 standing 228 481 58 158 standing 446 445 60 80 falling 1145 440 35 139 standing
60550.jpg r_set 1070 495 73 129 standing 885 452 92 107 moving 861 511 73 124 moving 695 433 65 122 standing 643 384 47 148 setting 514 466 58 150 standing 540 390 33 156 blocking 519 414 28 97 standing 239 509 56 124 standing 118 447 47 122 standing 161 423 50 118 standing 783 370 71 97 moving
81885.jpg l-spike 902 486 83 117 standing 900 456 43 104 standing 820 366 60 113 standing 657 475 58 138 moving 567 345 41 191 blocking 553 296 39 157 blocking 470 295 66 136 spiking 477 448 51 115 standing 428 477 70 157 standing 399 440 53 136 standing 408 410 34 128 standing 187 406 47 115 standing
57000.jpg r_set 826 499 118 133 moving 858 422 97 105 moving 862 352 58 91 moving 913 377 41 121 standing 622 440 56 126 standing 640 314 49 135 setting 486 421 56 154 standing 490 401 56 132 blocking 488 377 58 135 standing 183 481 63 126 standing 218 386 44 114 standing 79 432 56 123 standing
101975.jpg l-pass 1096 422 74 133 standing 1067 491 49 116 standing 991 387 51 112 standing 759 445 49 138 standing 767 421 63 147 standing 775 358 51 133 standing 678 426 49 112 standing 638 382 61 79 falling 558 412 118 109 digging 575 423 59 132 standing 500 469 66 144 standing 412 427 75 87 falling
51710.jpg l_set 322 514 67 143 standing 279 447 47 97 standing 456 337 62 97 moving 616 503 67 146 standing 567 408 39 167 setting 528 423 39 120 standing 1120 392 54 128 standing 1204 515 73 114 standing 1234 447 43 116 standing 803 492 54 133 standing 811 431 45 118 standing 805 404 67 112 standing
51855.jpg l-pass 1125 409 33 135 standing 1082 477 71 128 standing 937 495 65 129 standing 1004 445 82 116 standing 938 431 65 139 standing 930 367 92 112 jumping 839 314 52 163 blocking 818 310 73 158 blocking 717 480 80 116 standing 489 468 73 131 standing 429 439 47 116 standing 481 389 41 86 falling
101935.jpg l_set 1125 446 53 117 waiting 1038 500 55 113 waiting 983 401 49 104 waiting 715 455 53 136 blocking 721 405 54 143 blocking 738 376 37 107 standing 627 355 58 171 setting 559 400 37 175 jumping 460 345 94 106 moving 358 427 97 104 moving 320 399 63 110 standing 259 508 128 135 moving
56785.jpg l_set 1252 401 34 133 standing 922 488 59 141 standing 914 422 59 124 standing 920 405 68 125 standing 779 466 49 160 standing 618 544 72 159 moving 646 360 41 79 moving 632 384 38 117 standing 617 396 42 167 setting 510 420 58 128 standing
52905.jpg r_set 190 440 54 118 standing 295 470 88 135 standing 450 407 50 105 standing 575 469 45 133 standing 589 406 35 133 standing 597 387 26 131 blocking 645 340 39 154 setting 695 416 69 111 standing 861 545 101 129 moving 863 545 101 128 moving 926 435 103 111 moving 941 365 69 88 moving 
60570.jpg r_spike 1176 488 64 136 standing 821 415 68 132 jumping 886 391 62 136 setting 907 412 41 115 jumping 823 358 68 123 setting 865 480 62 157 jumping 401 508 60 120 waiting 448 410 65 109 standing 303 455 53 111 waiting 667 396 64 111 standing 742 382 24 177 blocking 699 386 58 198 blocking
62770.jpg r_set 911 470 48 132 standing 861 426 118 123 moving 824 549 63 121 standing 797 365 70 98 moving 693 364 42 156 jumping 658 359 51 156 setting 517 466 55 142 standing 528 420 48 111 standing 517 403 42 109 standing 187 411 58 119 standing 184 506 56 130 standing 108 474 69 100 waiting
56880.jpg r_set 714 312 52 155 setting 768 392 51 126 standing 958 449 113 110 moving 994 362 79 97 moving 831 503 82 142 moving 1171 476 59 148 standing 651 373 37 157 standing 615 436 66 150 standing 475 419 43 108 standing 422 464 59 112 digging 227 436 55 120 standing
81820.jpg l-pass 1121 424 40 128 standing 1031 391 32 137 standing 948 451 69 131 moving 882 457 61 142 standing 905 416 48 128 standing 764 448 58 127 standing 795 460 69 114 standing 650 489 71 139 moving 545 471 88 136 standing 537 442 55 96 digging 354 433 46 123 standing
96815.jpg r_set 646 355 80 103 moving 673 328 47 139 setting 915 345 60 109 moving 882 413 76 115 moving 851 444 64 105 moving 886 534 86 135 moving 478 418 45 131 standing 459 453 64 141 standing 204 404 60 111 waiting 153 508 94 121 waiting 39 445 58 135 standing 473 391 58 92 standing
96780.jpg r-pass 982 342 46 122 standing 828 436 52 107 standing 769 478 60 125 standing 695 415 60 86 digging 626 358 41 122 standing 464 406 47 120 standing 382 435 50 165 blocking 385 437 32 139 standing 372 405 27 126 standing 126 475 57 137 standing 1 440 60 137 standing 25 401 52 113 standing
64420.jpg l-spike 498 465 77 111 standing 471 456 75 145 spiking 453 384 61 122 standing 388 497 45 129 standing 270 447 75 108 standing 164 470 61 125 standing 606 412 47 190 blocking 729 408 80 96 standing 842 417 68 92 standing 1129 464 72 88 digging 1016 527 71 130 standing
81860.jpg l_set 1116 491 53 132 standing 1011 439 47 112 standing 913 391 72 127 standing 715 471 55 127 standing 709 393 38 170 blocking 704 385 57 130 standing 602 388 60 163 setting 575 425 41 128 standing 494 386 71 84 moving 351 524 75 132 moving 288 436 80 108 moving 299 392 42 111 standing
93610.jpg l_set 679 423 69 158 setting 702 397 51 149 standing 844 413 38 137 standing 817 364 52 131 standing 915 425 47 175 standing 541 365 80 104 moving 571 462 44 149 standing 526 461 58 94 falling 405 454 81 103 moving 1047 427 41 114 standing 1028 458 44 139 standing 990 366 66 159 standing
102065.jpg r_set 806 528 86 122 moving 834 441 31 122 standing 792 378 57 119 standing 685 342 48 158 setting 686 328 59 88 standing 607 362 43 122 standing 128 461 49 137 standing 116 401 68 99 digging 0 440 83 119 standing 444 388 52 141 standing 451 409 49 92 standing 425 461 43 130 standing
56945.jpg l-spike 1222 441 55 107 standing 1033 371 92 121 standing 1043 416 85 125 standing 999 464 49 139 standing 812 418 60 149 blocking 861 373 72 114 standing 658 470 79 154 standing 726 375 60 131 standing 704 356 47 126 standing 423 430 45 148 standing 530 425 45 150 spiking 551 384 32 125 standing
81705.jpg r-pass 855 509 65 124 waiting 959 408 60 103 standing 1054 516 60 105 digging 1100 467 77 118 standing 1163 335 33 128 standing 662 451 43 112 standing 533 443 30 135 standing 571 404 30 120 standing 576 441 30 135 standing 313 472 35 137 standing 352 381 45 120 standing
114765.jpg l_set 1162 423 73 120 standing 1119 481 56 111 standing 1099 385 52 105 standing 779 467 52 118 standing 770 424 56 114 standing 775 384 54 109 standing 607 391 52 161 setting 589 432 41 131 standing 490 373 94 94 moving 372 419 97 111 moving 441 517 79 126 moving 131 446 60 122 standing
51675.jpg l-pass 1205 454 38 137 standing 978 392 38 108 standing 949 415 52 136 standing 990 442 35 137 standing 838 462 57 111 standing 621 475 71 137 standing 512 416 58 113 standing 507 350 51 114 standing 410 491 75 58 falling 257 490 71 156 moving
114575.jpg l_set 1151 440 56 120 waiting 1106 488 62 111 waiting 1007 386 54 97 standing 765 464 52 122 standing 760 422 62 139 standing 763 380 54 116 standing 646 366 54 161 setting 583 414 50 165 standing 410 519 90 141 moving 398 411 88 122 moving 463 368 48 97 moving 230 437 62 79 falling
60520.jpg r-pass 1063 448 51 127 standing 967 495 62 107 digging 880 466 77 142 setting 864 397 51 103 standing 786 453 58 117 standing 558 424 67 111 standing 480 468 45 156 blocking 452 435 37 117 standing 479 426 51 153 blocking 271 476 43 133 standing 120 453 85 131 standing 11 495 78 146 moving
93515.jpg r_spike 1000 406 41 117 standing 909 438 55 127 standing 779 493 65 134 moving 799 415 34 106 standing 731 417 48 127 standing 772 307 52 120 spiking 653 330 58 173 blocking 679 303 48 147 blocking 575 488 85 125 standing 361 482 69 119 standing 317 405 69 82 digging 230 462 65 106 waiting
93490.jpg r_set 30 467 65 103 waiting 137 508 83 122 standing 163 429 63 82 waiting 448 464 67 134 standing 565 365 63 147 setting 619 432 66 125 standing 485 423 37 120 standing 471 400 47 119 standing 811 530 61 132 standing 885 442 74 115 moving 954 414 67 107 moving 732 363 47 94 standing
56725.jpg r_spike 1100 419 50 120 standing 997 359 50 116 moving 979 453 60 120 moving 823 401 66 186 spiking 796 457 47 129 standing 806 418 45 129 standing 737 410 50 186 blocking 740 407 48 156 blocking 676 446 54 124 standing 541 403 64 101 waiting 352 523 62 111 waiting 320 437 56 109 waiting
81745.jpg r_set 902 337 48 120 standing 783 410 45 118 standing 892 485 52 165 setting 931 546 73 143 moving 677 479 54 156 standing 613 462 60 122 standing 383 471 64 148 standing 402 455 30 141 standing 393 423 39 116 standing 76 393 58 107 standing 18 505 67 137 standing
47850.jpg r_winpoint 567 354 54 156 jumping 345 366 30 120 standing 300 504 60 145 standing 231 427 47 135 standing 584 286 36 102 standing 837 365 57 138 standing 1049 373 49 127 standing 1074 429 64 135 standing 977 354 57 126 standing 790 380 42 135 standing 801 406 51 141 standing 591 331 48 131 standing
32265.jpg l_winpoint 728 441 95 144 standing 499 406 72 143 standing 666 348 61 126 standing 1044 348 46 139 standing 1022 322 67 141 blocking 1146 382 57 127 standing 1178 374 40 87 standing 1176 430 72 143 standing
51885.jpg r_winpoint 819 448 52 136 standing 530 418 49 129 standing 574 441 46 149 standing 610 370 48 106 standing 935 363 33 125 standing 929 329 59 103 standing 1104 471 54 138 standing 1192 416 49 141 standing 1072 414 50 145 standing 1051 393 36 137 standing 1155 406 50 123 standing 1234 455 43 134 standing
37335.jpg r_winpoint 580 484 91 70 falling 684 459 46 135 standing 683 387 47 118 standing 839 379 51 120 standing 887 463 65 141 standing 955 432 67 137 standing 1041 470 48 140 standing 1047 430 46 133 standing 1094 481 119 155 standing 1155 385 37 135 standing 1248 427 29 137 standing
40755.jpg r_winpoint 43 449 74 134 standing 528 317 55 84 standing 480 349 41 103 standing 463 381 48 134 standing 316 415 37 100 standing 330 469 59 147 standing 876 460 72 128 standing 897 372 53 115 standing 955 422 75 133 standing 701 376 74 122 standing 700 392 32 123 standing 648 437 94 136 standing
38025.jpg r_winpoint 498 438 65 128 standing 592 352 53 123 standing 624 396 56 131 standing 642 414 42 139 standing 694 415 81 137 standing 734 362 58 131 standing 1023 380 119 140 standing 1150 379 107 119 standing 1168 463 72 139 standing 1034 564 55 147 standing 1073 528 80 159 standing
42960.jpg l_winpoint 849 481 51 141 standing 802 421 56 137 standing 648 398 61 126 standing 572 393 60 137 standing 506 466 70 142 standing 433 530 64 143 standing 289 489 61 147 standing 290 414 64 140 standing 249 477 48 130 standing 241 423 47 132 standing 167 523 100 109 standing
38745.jpg r_winpoint 1009 382 93 145 standing 1009 335 38 129 standing 938 369 47 128 standing 942 325 54 128 standing 914 311 62 108 standing 1204 345 60 172 standing 733 363 82 129 standing 714 340 71 115 standing 623 398 55 141 standing 623 358 55 119 standing 502 371 42 121 standing 378 389 53 127 standing
36810.jpg l_winpoint 1100 401 68 136 standing 1059 365 53 129 standing 1033 484 65 154 standing 1013 468 44 136 standing 1010 456 58 141 standing 890 419 69 169 standing 915 413 59 142 standing 833 374 48 116 standing 672 448 84 127 standing 591 412 67 142 standing 657 372 79 131 standing
43755.jpg l_winpoint 1081 442 69 142 standing 1081 378 62 132 standing 1016 403 51 138 standing 1041 374 39 125 standing 991 471 48 135 standing 950 482 46 163 standing 896 490 56 155 standing 880 386 57 139 standing 658 442 86 116 standing 625 445 55 187 standing 557 416 60 131 standing
