54685.jpg r-pass 907 371 48 116 waiting 856 327 44 117 setting 823 422 69 100 standing 626 428 100 137 standing 503 319 35 140 standing 517 300 22 118 standing 379 425 54 153 standing 397 365 35 117 standing 417 319 50 110 standing 291 364 54 106 waiting 235 385 68 134 standing 137 382 60 138 waiting
51710.jpg l-pass 1126 464 52 152 standing 1020 412 45 111 standing 924 450 52 156 standing 909 353 64 113 moving 850 392 62 127 standing 772 373 62 127 standing 806 322 45 139 blocking 616 440 64 117 moving 383 469 54 125 moving 412 382 58 88 standing 302 413 52 131 standing
48225.jpg r_spike 914 482 123 135 moving 969 438 49 56 falling 885 338 43 133 standing 614 441 70 180 spiking 654 410 39 137 standing 544 408 50 197 blocking 480 381 54 123 standing 251 478 96 135 waiting 132 424 64 123 standing 296 403 47 105 moving
58390.jpg r_spike 959 398 49 137 standing 955 373 58 110 standing 825 272 55 149 spiking 772 422 64 170 standing 708 378 50 133 standing 742 398 51 89 falling 645 280 49 184 blocking 503 404 65 137 standing 311 354 64 109 waiting 104 400 62 134 waiting 281 485 82 102 waiting
54780.jpg r_spike 909 455 67 135 moving 903 346 41 116 standing 862 382 48 114 standing 730 298 39 135 spiking 734 434 48 143 standing 636 385 48 114 standing 560 304 60 156 blocking 440 412 58 122 standing 238 367 54 97 waiting 182 477 82 96 digging 31 397 54 129 standing
76330.jpg r_set 835 340 83 177 setting 928 427 79 175 standing 889 497 91 163 moving 921 371 53 116 standing 726 378 58 184 standing 539 459 42 158 standing 564 363 58 105 standing 566 413 41 139 standing 257 357 55 111 standing 124 392 63 135 standing 178 429 60 168 standing
48380.jpg r_set 959 489 62 143 digging 950 384 50 123 standing 986 338 58 137 standing 747 482 54 172 standing 670 388 44 127 standing 631 433 47 146 standing 480 448 62 154 standing 485 403 35 143 standing 502 381 39 143 standing 168 371 60 113 standing 126 459 90 156 standing
48105.jpg l-pass 1194 439 64 113 standing 953 401 36 106 standing 926 476 53 98 standing 806 421 37 100 standing 758 438 42 132 blocking 766 424 38 101 standing 671 454 47 105 standing 561 409 41 101 moving 464 383 37 96 standing 443 512 45 142 standing 362 484 46 111 digging 388 449 52 88 waiting
60720.jpg r-pass 937 371 40 146 standing 813 362 68 156 digging 636 336 58 117 standing 566 382 67 145 standing 471 331 54 134 standing 510 310 48 121 standing 382 399 37 163 standing 288 381 77 114 moving 390 362 44 110 standing 401 329 39 138 standing 132 350 60 128 standing 149 329 68 123 standing
60380.jpg l-pass 1231 412 46 145 standing 1049 480 63 128 waiting 942 481 58 144 waiting 839 368 63 136 standing 795 438 89 162 standing 735 382 32 227 blocking 510 371 102 117 standing 354 385 108 108 standing 281 492 77 139 standing 206 402 75 127 digging 674 382 91 162 blocking
54620.jpg l-pass 1220 378 58 103 moving 1176 399 45 139 standing 929 433 56 131 standing 791 373 52 137 standing 748 348 47 133 standing 721 359 35 135 standing 623 434 58 117 waiting 451 353 47 113 standing 401 392 49 137 standing 265 494 70 170 standing 225 406 56 127 standing 512 392 65 75 falling
86575.jpg r_spike 991 450 48 126 standing 937 381 60 104 waiting 852 336 53 111 setting 783 452 68 137 standing 753 332 50 116 moving 636 376 44 167 blocking 588 352 64 99 standing 324 379 74 88 waiting 178 432 55 111 waiting 223 464 104 113 waiting 648 347 29 150 standing 858 404 60 88 waiting
76290.jpg r-pass 966 395 73 122 moving 797 486 97 94 falling 837 379 67 103 moving 677 404 60 109 standing 548 461 60 143 standing 576 431 73 141 standing 458 402 50 137 standing 467 367 30 139 standing 379 543 62 137 standing 332 445 52 158 standing 306 399 43 122 standing 228 415 65 146 standing
48145.jpg l_set 984 494 56 120 waiting 1110 421 39 117 standing 942 381 42 105 standing 715 378 29 86 standing 699 427 40 74 standing 704 464 40 93 standing 371 513 78 154 moving 525 390 43 140 setting 545 363 53 142 spiking 362 457 40 112 standing 382 429 37 85 standing 486 362 40 82 moving
58555.jpg r_set 888 291 69 117 standing 896 479 88 201 standing 748 343 60 128 standing 801 383 54 133 digging 612 340 42 166 standing 497 333 50 109 standing 501 361 54 141 standing 493 407 55 156 standing 202 320 67 131 standing 118 421 67 148 standing 1037 353 88 139 standing
54670.jpg l-spike 1023 385 56 140 standing 906 375 58 98 waiting 591 466 116 140 standing 578 349 44 144 standing 598 340 35 144 standing 405 287 100 135 spiking 465 378 35 139 jumping 377 459 58 179 standing 345 422 88 128 standing 352 389 81 95 standing 157 432 81 144 moving
58470.jpg l_set 1048 375 72 133 standing 889 333 46 121 standing 877 446 63 133 standing 606 406 49 158 standing 587 331 49 137 standing 597 312 39 133 standing 507 282 44 154 setting 420 338 63 147 standing 358 307 60 104 moving 86 352 105 135 moving 177 474 97 175 moving 171 310 39 116 standing
54735.jpg r_set 868 435 42 161 digging 809 486 81 175 standing 910 364 63 123 standing 826 394 74 53 falling 654 303 63 116 standing 487 353 44 147 standing 81 345 44 116 standing 361 343 37 105 standing 360 380 39 97 standing 361 415 44 144 standing 4 448 60 128 standing
51625.jpg r-pass 1071 370 41 126 standing 967 424 48 125 standing 886 405 55 91 standing 609 401 44 102 standing 738 445 65 149 standing 277 394 77 89 waiting 153 491 70 109 waiting 490 434 46 141 standing 497 408 37 131 standing 486 387 43 124 standing 2 432 58 141 standing 927 450 65 141 digging
26065.jpg l_set 1166 420 65 143 waiting 1035 378 48 124 standing 994 466 58 137 standing 702 354 52 122 standing 700 406 48 114 standing 705 456 58 156 standing 493 378 60 154 standing 450 348 45 184 setting 436 350 65 105 moving 385 345 39 129 standing 191 405 62 143 standing 89 489 93 176 moving
58335.jpg r-pass 880 412 58 139 standing 791 444 75 161 standing 634 398 61 147 standing 893 381 51 92 digging 828 356 55 111 standing 637 336 54 142 standing 420 384 66 142 standing 408 370 54 110 standing 417 416 61 145 standing 103 443 57 142 standing 14 413 63 123 waiting 70 350 54 123 standing
76190.jpg r_set 941 447 102 150 moving 887 412 75 122 moving 767 511 110 142 moving 746 348 79 97 moving 715 423 72 125 standing 671 359 89 165 spiking 30 421 65 145 standing 112 477 68 162 standing 271 390 57 102 standing 502 489 52 128 standing 518 407 58 175 blocking 518 390 40 94 standing
26180.jpg r_spike 786 288 72 149 spiking 873 429 81 104 standing 820 441 67 149 standing 712 380 81 142 standing 740 307 37 107 standing 611 361 44 133 standing 642 312 37 175 spiking 33 432 71 133 waiting 240 458 102 137 digging 242 371 74 100 waiting 515 430 69 127 standing 918 373 54 120 standing
51835.jpg l-spike 1093 440 64 121 standing 955 387 61 116 standing 701 401 64 111 digging 676 388 50 109 standing 659 413 50 99 standing 440 311 62 134 spiking 583 435 54 109 standing 562 452 44 111 standing 484 440 51 92 digging 427 427 58 95 digging 0 436 52 120 moving 1020 485 63 123 moving
48575.jpg r_set 1080 320 70 135 standing 1045 364 81 135 standing 987 432 60 151 standing 763 488 109 189 standing 825 469 65 182 standing 733 340 51 179 setting 546 354 51 121 standing 529 409 48 116 standing 529 423 58 149 standing 299 339 46 135 standing 140 469 77 126 waiting 34 382 60 148 standing
60480.jpg l-pass 1035 432 83 136 moving 1102 384 85 139 moving 862 357 77 111 moving 648 334 35 113 standing 639 364 51 116 standing 662 395 52 144 standing 518 378 58 145 standing 482 418 52 150 standing 281 342 48 134 digging 73 381 48 147 standing 233 375 71 141 standing 293 472 79 137 moving
26105.jpg r-pass 942 450 76 135 waiting 922 350 60 135 digging 784 358 72 105 standing 638 329 82 123 standing 508 429 39 158 standing 521 417 37 123 standing 98 442 54 133 waiting 230 418 60 120 waiting 301 393 51 121 waiting 333 464 92 128 standing 412 383 71 134 standing 388 350 74 120 standing
48530.jpg r-pass 581 458 62 97 digging 916 354 48 133 standing 908 317 39 134 standing 566 357 43 117 standing 754 464 74 133 standing 461 427 35 152 standing 11 446 84 140 waiting 128 368 75 138 standing 389 417 51 162 standing 357 316 44 131 standing 290 386 71 149 standing 356 422 75 107 waiting
76180.jpg r_set 950 441 101 141 moving 812 519 111 170 moving 907 409 74 111 moving 726 342 66 99 moving 617 374 50 162 setting 639 448 64 133 standing 441 394 49 107 standing 438 443 43 145 standing 407 485 68 141 standing 58 463 63 170 standing 207 399 58 99 waiting
60300.jpg r-pass 103 454 41 132 standing 24 361 49 125 standing 395 425 46 137 standing 367 390 49 109 standing 388 397 60 130 standing 847 387 56 107 standing 811 424 46 132 standing 734 471 60 158 standing 616 390 53 133 standing 633 359 42 112 standing 780 347 57 134 digging
58515.jpg r-pass 927 361 49 140 standing 686 333 42 133 digging 724 394 42 102 waiting 698 426 58 167 standing 545 307 69 118 moving 506 322 42 133 standing 115 359 74 140 standing 408 413 60 161 standing 286 324 51 133 waiting 318 362 74 119 moving 450 301 41 132 standing 426 364 53 119 standing
48425.jpg r_spike 454 396 74 116 waiting 171 486 118 123 moving 281 379 63 100 waiting 143 415 56 125 standing 602 385 63 191 blocking 975 478 79 147 moving 908 357 65 137 standing 972 413 49 147 standing 721 418 58 135 standing 800 412 44 126 standing 584 409 55 159 jumping 789 429 103 164 spiking
51850.jpg r-pass 876 430 70 84 digging 811 454 70 99 waiting 586 370 65 119 standing 496 382 37 127 standing 513 350 28 96 standing 326 399 42 120 standing 395 404 50 142 standing 420 394 40 126 standing 281 345 40 120 standing 249 376 46 120 standing 803 353 49 110 digging
48295.jpg l_set 1015 506 77 134 waiting 1135 402 51 144 standing 910 345 57 137 standing 691 371 32 127 standing 667 480 48 187 standing 219 407 43 154 standing 307 382 86 117 standing 437 438 44 145 standing 247 514 97 176 moving 434 357 55 173 setting 428 357 43 123 standing 660 421 61 123 standing
60785.jpg r_spike 1009 371 54 134 standing 941 329 48 134 standing 803 420 64 186 standing 755 375 42 145 standing 813 378 78 158 standing 811 230 43 162 spiking 686 280 37 158 blocking 689 224 58 156 blocking 555 383 68 144 waiting 290 454 86 103 waiting 132 366 68 145 waiting 303 322 60 116 waiting
60695.jpg l-spike 1059 404 79 135 standing 902 466 62 124 standing 851 364 71 118 moving 602 385 73 143 standing 575 278 56 184 blocking 459 288 84 150 spiking 499 387 54 137 standing 392 431 92 144 standing 432 392 45 111 standing 230 374 62 124 standing 130 335 52 118 standing
54650.jpg l_set 1116 401 49 145 standing 1006 367 72 115 standing 662 350 42 111 standing 637 379 53 126 standing 651 427 49 161 standing 471 356 57 165 setting 113 415 76 153 standing 213 505 96 180 moving 420 357 42 130 standing 377 336 53 103 moving
60510.jpg r-pass 837 356 52 113 waiting 729 449 74 192 standing 533 354 68 125 standing 708 367 64 143 moving 698 308 56 133 standing 94 463 64 154 standing 172 358 50 138 standing 350 345 65 142 standing 415 408 58 163 standing 417 378 53 156 standing 755 381 72 96 falling
51695.jpg r_spike 1122 433 58 130 standing 1049 466 87 142 standing 899 457 54 170 standing 991 392 88 104 moving 778 396 43 128 standing 944 275 49 156 spiking 704 312 62 164 blocking 564 440 65 133 standing 339 379 51 92 waiting 217 429 50 115 waiting 291 492 83 92 digging
86515.jpg r-pass 938 528 72 103 digging 975 485 62 107 waiting 915 440 50 92 waiting 764 440 41 109 standing 643 445 39 101 standing 462 478 31 139 standing 516 455 31 123 standing 528 476 29 147 standing 289 487 58 115 standing 387 450 45 92 standing 86 488 60 143 standing 1066 444 75 110 moving
86610.jpg r-pass 978 408 64 113 standing 865 446 66 141 digging 809 378 45 119 standing 773 354 70 121 standing 688 471 82 133 standing 696 392 64 115 moving 618 389 39 131 standing 601 411 37 154 standing 556 357 54 115 standing 189 406 47 135 standing 321 463 52 127 standing 338 380 43 92 standing
48165.jpg l-spike 936 482 70 119 waiting 654 366 60 84 standing 472 338 43 110 standing 419 386 51 182 spiking 375 449 47 89 waiting 359 436 50 72 waiting 342 470 60 127 waiting 480 401 51 117 standing 580 375 71 182 blocking 972 395 61 105 digging 842 371 74 103 digging
76335.jpg r_spike 857 491 125 164 moving 955 430 96 172 standing 867 375 76 166 setting 925 387 43 111 standing 732 363 76 162 spiking 831 332 74 98 moving 557 460 52 143 standing 583 414 49 127 standing 578 372 54 96 standing 263 357 71 106 standing 163 434 70 168 standing 123 393 67 131 standing
60425.jpg l_set 327 489 54 177 digging 605 518 99 186 standing 882 392 43 170 standing 656 312 47 114 standing 518 345 55 141 standing 384 370 65 145 standing 1015 347 50 152 standing 1015 376 36 172 standing
51895.jpg r_set 1066 317 71 131 standing 1008 345 61 131 standing 1000 443 61 147 standing 856 481 96 154 standing 781 392 49 156 standing 750 316 65 165 setting 521 350 49 130 standing 535 378 46 148 standing 523 419 38 156 standing 194 454 68 139 waiting 240 337 60 119 standing 14 379 55 147 standing
73415.jpg r-pass 861 441 63 130 standing 791 405 83 109 digging 724 487 77 128 standing 701 413 42 132 standing 732 375 51 102 standing 560 464 74 130 standing 657 399 30 104 standing 620 408 60 112 standing 367 393 71 103 standing 329 450 51 151 standing 941 399 49 100 digging 247 427 54 134 waiting
48445.jpg l-pass 1054 416 56 156 standing 1013 464 54 156 standing 978 362 43 144 standing 912 459 90 156 standing 911 419 56 137 standing 824 409 54 150 standing 362 375 79 109 standing 557 374 60 135 standing 689 449 52 158 standing 642 455 90 154 standing 422 448 67 146 standing 248 399 45 146 standing
73495.jpg r_spike 975 383 57 109 standing 924 463 65 123 waiting 840 415 82 106 waiting 699 420 63 144 standing 797 414 84 161 jumping 825 359 36 99 standing 629 366 50 225 blocking 503 369 81 100 standing 363 361 58 106 standing 154 448 56 152 digging 122 438 68 114 waiting
51660.jpg r_set 1049 345 72 127 standing 1015 506 133 162 moving 1004 433 46 164 standing 973 401 54 119 waiting 753 365 66 167 setting 696 426 69 162 standing 509 385 46 134 standing 521 407 44 144 standing 509 440 49 151 standing 275 376 89 111 waiting 154 508 80 119 digging 10 430 75 127 waiting
76265.jpg l-spike 1139 406 70 99 waiting 1021 373 78 109 waiting 716 379 68 115 standing 622 381 52 188 blocking 628 371 58 164 blocking 515 399 47 131 standing 295 348 68 209 spiking 293 412 60 147 standing 338 407 49 129 standing 381 537 92 176 standing 1071 466 80 139 waiting 457 359 58 116 moving
58490.jpg l-spike 954 372 48 131 standing 788 333 41 112 standing 733 417 94 124 waiting 573 406 71 152 waiting 499 257 48 180 blocking 392 247 62 146 spiking 424 360 43 143 standing 303 432 77 171 standing 240 321 45 120 standing 170 372 60 135 standing 417 343 47 101 standing
48515.jpg l-spike 981 362 64 129 standing 873 326 77 126 standing 946 454 90 137 standing 611 351 73 107 standing 499 365 96 182 blocking 547 424 54 107 waiting 323 382 135 210 spiking 391 300 47 131 standing 364 374 69 97 moving 101 435 65 143 standing 186 401 107 135 standing 213 370 89 131 standing
60365.jpg r_spike 1128 429 79 111 falling 1049 449 97 137 waiting 888 455 83 145 standing 715 413 61 142 standing 801 351 52 116 standing 753 404 94 167 spiking 605 376 60 212 blocking 412 370 85 110 digging 251 381 106 106 waiting 137 528 102 103 waiting 53 406 69 117 waiting
48325.jpg l-spike 902 499 70 119 waiting 927 402 82 119 digging 769 363 92 123 digging 611 386 94 99 waiting 512 392 78 186 blocking 317 428 105 174 jumping 403 406 60 148 standing 401 347 50 115 standing 202 461 66 141 waiting 273 440 72 107 waiting 266 406 74 115 waiting
73460.jpg r_set 891 404 58 165 setting 946 506 97 179 moving 938 350 55 130 standing 774 381 51 125 standing 809 320 58 92 moving 628 396 32 154 standing 519 370 51 100 standing 512 406 41 116 standing 493 475 72 130 waiting 199 361 79 105 standing 127 436 72 168 standing 70 413 66 137 waiting
60325.jpg r_set 98 375 69 119 standing 2 516 38 119 waiting 358 378 46 122 standing 357 396 46 153 standing 363 436 54 147 standing 953 395 49 122 standing 849 436 46 156 standing 797 348 66 116 standing 764 508 75 187 standing 646 399 88 147 standing 586 398 94 108 digging
48175.jpg r-pass 908 471 61 119 waiting 867 388 86 91 digging 777 367 79 102 waiting 625 381 80 83 waiting 546 396 79 164 jumping 536 436 46 145 standing 442 395 85 119 standing 399 454 49 144 standing 434 342 58 110 standing 289 461 54 134 waiting 309 419 60 96 waiting 316 452 49 79 waiting
48255.jpg l-pass 997 384 54 124 standing 889 333 71 133 standing 882 471 67 149 standing 659 417 58 141 standing 634 518 82 182 standing 638 494 47 169 standing 109 394 76 139 standing 312 392 68 134 standing 444 394 56 100 digging 445 499 103 160 moving 381 442 65 148 standing 436 462 86 149 standing
48230.jpg r_spike 957 434 74 67 falling 904 476 79 142 standing 889 338 53 128 standing 616 420 77 212 spiking 666 412 58 137 jumping 639 455 56 161 jumping 538 410 70 182 blocking 548 412 46 163 blocking 468 380 53 126 standing 301 474 75 124 standing 294 397 56 116 standing 137 424 58 121 waiting
58425.jpg l-pass 1040 365 44 153 standing 975 396 44 119 moving 877 361 63 131 standing 808 328 75 141 standing 767 392 35 161 standing 752 347 48 161 standing 619 323 62 119 moving 564 330 80 134 moving 313 272 60 165 setting 447 421 72 131 standing 411 421 75 153 standing 132 339 48 128 waiting
26090.jpg l-spike 575 323 65 213 blocking 654 309 79 127 standing 1028 388 61 106 waiting 981 449 85 122 waiting 492 364 40 123 standing 450 330 52 99 standing 369 357 63 120 standing 285 378 82 156 jumping 165 421 74 122 waiting 285 401 77 108 standing 871 340 74 100 standing
26025.jpg l-pass 1178 423 43 121 standing 994 457 43 117 standing 870 394 43 113 standing 828 378 39 123 standing 788 387 39 127 standing 666 436 54 125 standing 497 407 45 129 standing 372 392 43 99 standing 323 433 41 123 standing 525 402 52 76 digging 160 469 43 142 standing
86550.jpg r_set 1062 452 58 158 standing 992 404 85 130 moving 933 498 99 147 moving 955 393 55 111 moving 823 373 71 128 moving 747 384 55 153 setting 549 379 37 131 standing 547 418 38 141 standing 519 446 32 162 standing 335 401 46 100 standing 89 444 54 128 waiting 199 480 66 131 digging
76150.jpg r-pass 944 429 43 98 digging 888 445 74 113 digging 890 490 54 141 standing 733 350 39 105 standing 707 452 56 129 standing 540 422 54 101 standing 456 406 37 101 blocking 447 455 33 135 standing 395 464 35 125 standing 199 445 43 141 standing 288 420 52 98 standing
48485.jpg l_set 1187 494 90 143 standing 1164 393 62 156 standing 1053 338 49 143 standing 763 360 64 137 standing 745 431 58 162 standing 737 391 52 105 standing 249 450 78 174 standing 248 371 49 147 standing 371 366 62 178 setting 427 351 43 131 standing 419 329 58 113 standing 332 492 98 176 standing
73355.jpg r-pass 908 475 42 134 standing 901 399 44 91 standing 866 432 47 74 digging 786 389 53 99 standing 728 366 57 85 moving 616 414 44 92 standing 265 425 50 114 standing 382 415 34 87 standing 535 424 33 107 standing 502 406 34 93 standing 498 443 35 101 standing 56 454 74 130 standing
60580.jpg r_spike 973 384 56 120 moving 908 430 54 152 standing 849 339 71 124 standing 792 330 45 126 standing 749 401 88 167 jumping 741 365 39 137 standing 662 359 60 197 blocking 529 364 92 109 digging 338 483 107 126 moving 330 379 90 107 digging 200 396 58 128 standing
73385.jpg r_set 732 402 60 144 setting 925 387 48 105 standing 869 449 41 113 standing 857 516 64 147 standing 786 364 54 81 moving 684 363 32 147 setting 534 477 59 120 waiting 555 431 44 117 standing 563 399 44 121 standing 337 408 50 87 waiting 245 474 74 138 standing 200 458 59 115 waiting
76200.jpg l-pass 966 444 88 145 standing 935 407 66 131 standing 854 430 52 134 standing 798 340 51 105 moving 797 464 57 173 standing 763 409 57 142 jumping 631 379 49 156 blocking 566 478 92 133 standing 581 385 72 91 standing 374 402 77 91 digging 234 471 52 144 digging 208 430 46 116 digging
60755.jpg r_set 1046 401 82 151 standing 1021 348 91 136 standing 787 461 85 192 standing 803 294 79 108 moving 696 337 66 131 standing 623 305 57 162 setting 499 330 46 114 standing 499 351 52 127 standing 498 395 65 165 standing 5 371 51 130 waiting 213 337 102 110 waiting 183 435 80 150 waiting
26145.jpg r_set 931 430 56 139 standing 903 378 47 131 standing 832 326 62 112 moving 686 337 56 120 digging 815 502 86 169 standing 593 387 60 150 standing 452 438 45 150 standing 478 386 45 141 standing 486 352 35 122 standing 220 361 47 111 standing 149 452 101 154 standing 2 399 35 134 standing
76230.jpg l_set 1071 457 62 160 standing 942 395 56 132 standing 1070 416 70 132 standing 777 435 37 154 standing 791 415 49 144 standing 774 361 39 116 standing 650 402 63 144 standing 549 447 65 172 setting 527 345 46 112 standing 354 474 70 56 falling 242 413 49 123 standing 187 457 86 154 standing
48315.jpg l-spike 1040 399 63 128 waiting 969 506 91 137 waiting 880 357 54 127 standing 634 376 89 99 standing 572 387 72 218 blocking 462 337 44 128 standing 431 419 68 153 standing 350 423 97 187 jumping 242 455 51 144 standing 338 395 38 123 standing
86675.jpg r_spike 1034 371 66 131 standing 1026 424 60 133 waiting 849 460 79 153 standing 901 378 54 139 standing 887 416 60 114 standing 800 258 61 154 spiking 684 283 46 158 blocking 650 393 49 147 standing 547 438 58 151 standing 180 419 80 125 waiting 347 351 68 105 standing 346 441 61 114 standing
86655.jpg r_set 967 418 54 156 standing 862 491 98 166 moving 930 390 39 119 standing 829 382 84 111 moving 775 323 45 176 setting 834 344 47 111 moving 563 356 49 129 standing 564 404 47 127 standing 546 426 41 172 standing 254 438 56 143 standing 261 366 49 98 waiting 83 415 66 135 waiting
48660.jpg r_winpoint 1030 378 72 172 standing 1010 354 73 176 standing 878 396 83 186 standing 802 375 110 156 moving 903 347 45 151 standing 670 312 41 152 standing 601 327 68 155 standing 567 506 110 123 falling 287 342 62 145 standing 208 403 87 172 standing 137 367 67 176 standing
36975.jpg l_winpoint 959 407 47 106 falling 903 356 51 116 standing 871 426 68 158 standing 736 430 43 153 standing 710 344 33 121 standing 616 329 41 127 standing 471 413 57 149 moving 447 381 41 140 standing 417 369 68 127 standing 351 406 55 135 standing 355 373 61 138 standing 246 411 85 130 standing
42330.jpg r_winpoint 1068 368 74 150 standing 977 356 78 138 standing 933 376 71 139 standing 884 396 54 158 standing 860 368 54 153 standing 847 340 45 138 standing 703 319 46 132 standing 639 332 65 122 standing 607 412 48 161 standing 404 439 52 160 standing 309 533 90 74 falling 376 340 60 141 standing
49425.jpg l_winpoint 975 376 55 162 standing 818 433 59 156 standing 843 337 42 150 standing 654 409 85 166 standing 633 395 60 152 standing 674 358 37 139 standing 412 365 81 203 standing 434 382 89 153 standing 432 358 51 161 standing 278 395 71 155 standing 306 384 59 146 standing 251 379 50 156 standing
31980.jpg l_winpoint 1029 354 49 147 standing 949 481 62 77 falling 895 358 40 129 standing 756 323 44 137 standing 694 400 75 153 standing 628 367 73 152 standing 417 377 66 152 standing 366 384 68 161 standing 340 380 61 164 standing 383 371 89 151 standing 307 385 50 143 standing 238 389 83 150 standing
51105.jpg l_winpoint 1003 390 58 141 standing 912 445 61 157 standing 823 388 59 150 standing 734 442 74 162 standing 705 404 83 151 standing 733 384 37 139 standing 486 422 36 154 standing 453 471 46 145 standing 398 470 72 165 standing 366 443 34 154 standing 313 431 62 137 standing 425 407 64 143 standing
31290.jpg l_winpoint 918 394 66 137 standing 802 358 71 115 standing 746 440 48 157 standing 697 488 84 62 falling 614 330 62 128 standing 593 392 60 147 standing 469 398 40 145 standing 434 350 63 123 standing 360 397 40 138 standing 337 358 72 126 standing 296 391 50 150 standing 207 395 77 122 standing
36330.jpg r_winpoint 890 402 79 145 standing 908 373 65 146 standing 839 354 51 142 standing 789 410 84 162 standing 753 393 77 163 standing 810 392 46 133 standing 574 371 82 143 standing 448 405 114 175 standing 521 349 51 138 standing 338 412 55 154 standing 354 372 55 134 standing 230 375 77 147 standing
46095.jpg l_winpoint 328 393 72 135 standing 289 375 44 135 standing 291 347 30 130 standing 419 409 49 156 standing 422 365 63 135 standing 456 329 53 128 standing 597 407 47 161 standing 532 373 71 138 standing 577 348 67 120 standing 742 437 77 130 standing 805 368 61 89 falling 915 354 47 139 standing
