41235.jpg r_spike 768 473 49 139 standing 797 427 42 116 standing 825 399 28 95 standing 705 316 49 130 spiking 679 390 32 121 standing 652 350 42 100 jumping 583 366 42 156 blocking 595 313 44 175 blocking 497 455 84 137 standing 305 384 65 91 standing 260 447 69 123 standing 252 413 42 112 standing
38335.jpg l-spike 1061 484 68 133 standing 1033 410 61 99 standing 907 379 58 102 standing 668 379 72 105 standing 633 410 48 125 standing 592 383 52 195 blocking 434 394 83 192 spiking 384 330 65 117 standing 206 461 110 127 moving 219 431 61 120 standing 230 362 43 131 standing
65565.jpg r_set 897 405 57 124 standing 811 487 88 161 moving 657 302 50 115 moving 702 328 56 131 setting 525 365 38 148 standing 383 430 34 138 standing 414 389 36 141 standing 379 352 46 116 standing 174 381 62 93 standing 31 446 63 133 standing 1001 351 81 55 falling
55270.jpg l_set 1027 496 62 133 standing 987 432 58 111 standing 964 363 58 131 standing 646 477 60 129 standing 656 406 49 123 standing 660 382 41 105 standing 506 396 56 119 standing 393 415 45 148 setting 355 406 43 96 standing 285 357 47 88 standing 196 415 56 123 standing 218 499 111 148 moving
54670.jpg r_set 1059 378 71 148 standing 978 332 61 137 standing 887 326 38 158 digging 692 418 55 156 standing 646 410 52 148 standing 500 452 63 150 standing 520 410 54 150 standing 530 373 54 125 standing 228 386 54 86 standing 128 460 91 145 standing 0 394 96 139 standing 942 518 108 178 standing
65205.jpg r_spike 782 298 44 130 spiking 865 376 55 123 standing 951 410 62 114 moving 816 446 65 133 moving 774 463 58 167 moving 705 408 46 144 standing 637 297 46 193 blocking 402 466 107 109 standing 283 389 62 79 waiting 270 471 58 93 waiting 161 437 63 91 digging
54625.jpg r-pass 896 345 65 116 standing 851 412 55 122 standing 772 428 48 131 standing 545 418 94 111 moving 502 451 48 151 standing 529 443 37 156 standing 99 398 55 137 standing 129 451 58 139 standing 314 438 38 106 standing 376 446 43 142 standing 423 415 52 130 standing 417 375 55 111 standing
55420.jpg l-spike 936 356 48 124 standing 891 426 58 131 standing 767 322 48 135 digging 642 388 50 139 standing 554 261 56 154 blocking 549 253 39 156 blocking 461 338 60 120 standing 445 249 71 144 spiking 337 357 48 103 standing 268 398 47 133 standing 381 426 50 143 standing 222 370 45 124 standing
55300.jpg l-spike 919 474 58 128 digging 833 421 73 99 digging 846 364 67 109 digging 606 392 64 90 standing 505 387 58 182 blocking 529 378 47 160 blocking 462 386 54 111 standing 381 436 101 139 spiking 402 433 45 103 standing 368 354 41 103 standing 294 416 69 124 standing 232 439 56 129 standing
55460.jpg r-pass 82 432 80 142 standing 172 351 56 115 standing 353 421 48 144 standing 366 355 45 138 standing 364 326 48 119 standing 494 330 42 121 standing 539 315 54 130 digging 534 393 82 107 falling 644 398 62 156 standing 733 409 54 149 standing 880 360 96 138 moving
29415.jpg r_spike 1126 449 85 170 moving 779 362 54 148 standing 837 341 120 235 spiking 906 366 80 131 standing 778 362 55 148 standing 632 355 49 240 blocking 629 319 52 241 blocking 532 380 75 122 standing 296 336 57 125 standing 142 426 72 170 standing 55 368 88 141 standing
75995.jpg l-spike 894 499 71 122 standing 921 401 47 120 standing 791 369 96 109 standing 585 382 43 103 standing 515 397 65 201 blocking 435 416 47 135 standing 345 403 58 171 spiking 348 464 48 109 standing 265 389 50 109 standing 194 410 45 122 standing 370 356 45 109 standing
19855.jpg l-pass 299 441 54 103 standing 428 365 31 107 standing 492 461 62 148 standing 549 476 82 147 standing 676 440 50 125 standing 777 397 35 145 blocking 815 434 37 113 moving 835 409 43 115 standing 986 461 39 103 standing 342 501 80 96 digging 1188 437 58 117 standing 1161 377 58 98 moving
57550.jpg r_set 1079 414 65 154 moving 1013 399 47 143 standing 975 499 103 133 moving 852 384 52 109 moving 742 399 58 135 setting 620 415 45 139 standing 396 462 58 129 standing 425 435 39 133 standing 423 407 50 114 standing 58 492 58 131 standing 128 382 64 107 standing 1 420 56 129 standing
29570.jpg r_set 1013 357 77 122 standing 973 412 72 151 moving 889 418 49 111 digging 813 495 79 182 standing 766 333 60 127 standing 668 405 68 161 standing 352 417 63 168 standing 425 369 51 170 standing 425 336 48 144 standing 160 324 52 141 standing 35 416 71 192 standing
57745.jpg r_set 115 472 68 147 standing 240 353 63 122 standing 452 447 63 145 standing 455 413 52 141 standing 501 381 48 134 standing 603 390 54 153 standing 845 369 49 123 moving 1003 355 48 130 standing 890 516 110 153 moving 892 426 49 133 standing 642 311 41 150 setting
41300.jpg l_set 1141 427 61 128 standing 1073 497 95 130 standing 1028 375 43 125 standing 740 443 61 140 standing 749 375 39 131 standing 764 362 54 121 standing 623 408 48 158 standing 573 329 49 167 setting 469 343 74 105 moving 351 367 45 121 standing 225 401 66 146 moving 142 454 98 165 moving
55380.jpg l_set 973 445 56 139 standing 1012 367 54 133 standing 989 314 43 139 standing 631 405 50 160 standing 656 369 37 139 standing 644 341 41 120 standing 552 371 41 141 standing 427 414 50 92 digging 347 324 48 90 moving 289 499 77 154 moving 194 452 71 152 standing 87 391 84 129 moving
38365.jpg r-pass 914 445 81 142 standing 844 382 65 114 standing 765 396 60 107 digging 660 425 67 144 standing 553 484 116 140 moving 660 352 55 102 moving 391 474 58 170 standing 410 348 42 125 standing 273 415 77 133 standing 58 445 70 151 moving 90 381 67 140 standing
65430.jpg l-pass 1097 385 69 139 standing 991 430 52 120 standing 996 389 44 112 standing 852 430 53 149 standing 802 365 68 129 standing 826 338 34 125 standing 753 357 40 102 standing 745 330 53 124 standing 619 407 68 103 standing 377 495 127 88 digging 410 361 40 85 standing 249 433 70 97 standing
29510.jpg l-spike 1072 381 63 119 standing 1107 467 83 127 digging 894 339 79 111 standing 592 342 58 131 standing 535 333 62 212 blocking 231 331 77 226 spiking 443 382 67 160 standing 428 337 52 111 standing 64 342 69 145 standing 130 399 60 166 standing 251 406 78 133 standing
65100.jpg l-spike 946 496 91 131 standing 942 412 91 103 digging 824 389 74 100 standing 627 369 66 119 standing 590 390 48 201 blocking 601 369 37 172 blocking 438 418 69 162 spiking 464 408 34 117 standing 473 353 40 106 standing 374 420 44 122 standing 329 393 46 117 standing 252 477 52 111 standing
38410.jpg r_set 1027 539 109 167 moving 937 431 62 158 standing 867 384 30 158 setting 874 370 43 122 standing 816 335 56 96 moving 751 439 65 144 standing 474 454 62 150 standing 503 417 52 118 standing 508 352 62 124 standing 236 367 47 99 standing 161 463 62 158 standing 33 386 71 144 standing
65415.jpg r_spike 977 393 79 128 standing 919 422 65 119 standing 927 397 57 105 standing 838 447 65 147 standing 760 373 48 131 standing 811 256 34 161 spiking 565 422 52 114 standing 688 287 48 162 blocking 338 367 49 80 waiting 217 407 60 91 waiting 302 456 82 113 standing
41210.jpg r_set 872 537 79 131 moving 817 448 60 127 moving 842 403 48 92 digging 698 390 52 75 moving 649 401 35 100 standing 563 366 38 130 setting 437 463 46 117 standing 457 431 40 127 standing 464 391 43 99 standing 265 400 48 92 standing 91 417 48 125 standing 10 434 77 127 moving
75970.jpg l_set 530 381 41 131 setting 477 421 86 120 moving 362 358 57 91 moving 306 446 27 106 standing 262 485 123 136 moving 250 405 69 102 moving 714 374 30 110 standing 702 403 49 97 standing 696 448 57 134 standing 944 376 49 115 standing 981 490 61 120 standing 1146 412 57 144 standing
29715.jpg l-spike 271 367 79 167 spiking 260 388 49 130 standing 418 327 41 114 moving 453 381 75 133 standing 615 374 38 123 standing 563 346 44 154 blocking 571 372 40 175 blocking 193 340 46 127 standing 886 349 72 102 digging 1032 388 58 103 digging 1065 467 72 103 digging 78 454 54 162 standing
65130.jpg r-pass 911 458 87 133 digging 537 431 61 162 standing 667 335 55 119 standing 651 383 57 110 standing 573 465 85 149 standing 914 395 49 133 standing 420 422 52 127 standing 387 371 34 129 standing 333 440 48 115 moving 228 431 53 130 standing 120 426 58 112 standing 386 465 55 145 standing
54595.jpg l-spike 826 349 97 108 digging 931 414 79 103 digging 1000 482 110 137 standing 614 365 48 110 moving 559 389 41 216 blocking 558 387 38 172 blocking 460 389 69 123 standing 375 410 48 103 standing 324 378 51 189 spiking 307 328 51 102 standing 138 434 69 128 standing 103 422 68 134 standing
41175.jpg r-pass 946 478 44 102 standing 909 451 49 75 standing 869 510 41 119 standing 836 430 43 79 digging 731 479 46 113 standing 610 445 46 108 moving 515 460 30 116 standing 475 456 40 116 standing 526 418 26 106 standing 374 419 34 94 standing 269 440 35 120 standing 66 434 66 106 moving
65605.jpg r_spike 837 432 90 142 standing 865 358 68 104 standing 1079 311 52 119 standing 702 382 97 167 spiking 639 404 75 142 standing 688 312 52 127 standing 537 349 82 210 blocking 295 364 82 112 standing 189 399 68 82 digging 25 426 67 90 waiting 33 485 76 133 standing
76165.jpg l_set 1079 390 70 132 standing 955 471 60 132 standing 928 335 75 130 standing 715 342 42 129 standing 669 433 50 161 standing 673 381 49 105 standing 571 369 50 157 setting 554 339 50 146 setting 398 461 73 144 moving 408 390 45 102 standing 358 318 63 105 moving 198 397 82 133 moving
65175.jpg r_set 983 459 78 138 standing 944 381 74 137 standing 812 333 78 120 moving 684 363 50 155 setting 645 409 71 175 standing 466 462 49 128 standing 502 437 43 138 standing 481 376 53 135 standing 255 392 57 86 standing 132 473 67 120 standing 66 422 56 126 standing 873 512 139 161 moving
57795.jpg l-pass 1112 445 70 160 standing 898 334 51 113 standing 883 490 64 138 standing 772 451 54 164 standing 834 429 73 136 standing 688 456 64 170 spiking 502 392 53 106 moving 318 483 102 128 standing 319 423 85 123 moving 372 394 53 102 moving 702 461 56 140 standing
65075.jpg l_set 1156 414 58 131 standing 997 380 56 116 standing 983 479 75 132 standing 738 467 58 143 standing 753 361 48 143 standing 731 387 62 154 standing 597 362 48 137 setting 274 426 74 121 moving 411 377 47 116 standing 383 476 129 157 moving 29 477 92 115 moving 438 335 54 103 moving
29350.jpg r-pass 963 430 87 128 standing 867 472 60 149 standing 871 430 64 77 falling 831 344 55 109 standing 708 410 55 142 standing 522 388 49 125 standing 197 373 58 145 standing 69 382 54 134 standing 423 408 48 135 standing 412 348 47 147 standing 435 360 39 151 standing
65385.jpg r_set 1008 379 71 139 moving 926 423 58 145 standing 855 474 88 159 moving 843 318 91 113 moving 719 360 86 167 jumping 758 298 46 170 setting 516 435 63 145 standing 551 392 51 139 standing 546 361 46 127 standing 264 370 61 92 standing 180 438 61 131 standing 59 405 57 119 standing
19990.jpg r_spike 765 419 53 96 standing 745 381 68 117 moving 657 455 51 155 standing 621 393 73 160 moving 691 383 41 126 standing 654 285 58 138 spiking 182 426 66 117 waiting 229 437 83 132 standing 277 365 73 94 moving 516 434 66 159 standing 545 391 47 147 standing 555 288 45 157 blocking
41340.jpg r-pass 987 498 59 96 digging 1027 399 59 110 standing 923 351 77 107 standing 615 358 71 115 standing 526 382 80 143 blocking 524 343 27 168 blocking 394 320 38 127 standing 370 391 69 138 standing 343 425 55 162 standing 252 402 67 119 standing 206 415 62 149 standing 250 349 50 105 standing
20095.jpg l-spike 1025 474 65 120 digging 1037 407 70 110 digging 865 359 75 104 digging 682 397 67 118 digging 557 381 49 172 blocking 540 357 65 175 blocking 417 383 71 178 spiking 458 409 70 136 standing 268 442 66 143 standing 430 333 49 121 moving 173 373 67 121 standing 191 408 65 127 standing
55295.jpg l-spike 966 489 106 127 moving 858 435 66 89 digging 853 365 83 114 digging 612 385 66 92 standing 538 397 51 185 blocking 550 387 37 173 blocking 482 391 43 108 standing 377 432 61 134 spiking 416 438 46 106 standing 361 354 44 94 moving 301 409 55 123 standing 239 451 61 119 standing
29610.jpg r_spike 611 390 68 151 standing 686 351 68 115 standing 703 377 124 172 spiking 935 416 79 134 moving 882 361 62 138 moving 895 322 91 128 moving 516 320 49 259 blocking 509 324 51 232 blocking 405 356 70 128 standing 145 334 64 126 standing 12 422 68 170 standing
29385.jpg r_set 983 531 137 178 moving 878 415 97 165 moving 876 396 73 111 standing 804 327 50 135 moving 682 360 71 141 standing 573 397 75 188 setting 351 445 69 182 standing 379 396 60 173 standing 376 364 47 161 standing 85 331 84 141 standing
65350.jpg r-pass 952 377 75 144 standing 773 421 47 138 standing 592 368 74 169 setting 569 361 57 137 standing 631 361 44 123 standing 609 332 36 113 standing 370 440 51 138 standing 331 378 63 102 standing 174 417 70 140 standing 3 390 60 130 standing 446 390 50 148 standing 459 357 46 127 standing
54715.jpg r_spike 1143 349 58 141 standing 972 376 50 92 standing 952 448 75 143 digging 870 405 73 141 standing 775 369 62 167 jumping 770 414 39 99 standing 663 363 60 188 blocking 665 353 65 175 blocking 467 371 65 103 digging 351 381 56 86 digging 310 478 60 120 waiting 164 416 56 133 digging
76105.jpg r_spike 965 395 43 136 standing 839 305 57 152 setting 903 394 53 110 standing 941 361 42 132 standing 785 420 49 149 standing 746 378 49 140 standing 629 363 43 119 standing 606 355 55 108 standing 482 415 52 119 standing 262 445 100 132 moving 283 377 47 85 standing 184 384 42 135 standing
57685.jpg l-spike 991 373 41 129 standing 795 458 77 133 standing 684 377 52 103 standing 597 432 60 129 standing 507 302 45 167 blocking 361 466 54 137 standing 390 428 56 116 standing 361 403 45 124 standing 372 317 60 114 spiking 313 359 39 122 standing 217 434 45 124 standing
65260.jpg l_set 1123 356 60 156 standing 1020 407 52 152 moving 833 416 48 161 standing 859 362 41 156 standing 848 338 47 152 standing 586 361 54 137 standing 528 324 62 118 moving 437 376 45 109 standing 297 481 54 156 digging 266 446 82 156 standing 210 447 90 71 falling
19970.jpg r_set 895 388 76 106 moving 812 423 42 116 standing 783 483 80 147 moving 726 346 57 89 moving 622 436 65 119 standing 595 344 51 144 setting 469 432 32 153 standing 489 404 43 143 standing 474 363 36 110 standing 265 376 51 96 standing 168 440 48 131 standing 95 427 54 124 standing
57825.jpg l-pass 1061 386 51 161 digging 965 472 97 148 standing 866 351 38 127 standing 805 410 61 154 standing 763 455 58 170 standing 667 477 60 151 digging 603 563 66 114 moving 434 477 65 159 standing 429 403 51 136 standing 423 393 61 137 standing 475 375 44 127 standing 1241 386 37 175 standing
57610.jpg l-pass 1119 391 75 116 moving 1047 426 49 156 standing 952 356 60 119 standing 790 456 57 133 standing 704 409 44 131 standing 654 438 35 145 standing 616 452 29 139 standing 605 435 38 136 standing 407 480 79 120 digging 390 361 51 106 standing 303 384 48 105 standing 222 414 68 122 standing
65035.jpg l-pass 1206 379 53 121 standing 973 451 56 119 standing 971 400 44 116 standing 844 366 35 128 standing 804 406 46 121 standing 793 378 32 116 standing 713 443 39 125 standing 528 400 58 118 moving 412 366 44 109 standing 326 413 56 91 standing 279 471 46 95 digging 179 428 60 107 standing
75930.jpg l-pass 254 494 55 85 digging 218 476 60 80 digging 249 413 41 98 standing 414 385 30 89 moving 489 400 41 102 standing 593 442 54 107 standing 740 421 37 113 standing 714 412 31 110 standing 703 408 43 150 blocking 902 382 27 111 standing 875 465 51 110 standing 1185 427 74 117 standing
57705.jpg r-pass 921 406 117 80 falling 765 422 69 117 standing 619 426 55 128 standing 631 367 57 102 standing 491 363 52 120 standing 480 351 32 117 standing 435 374 29 127 standing 397 442 38 134 standing 390 409 24 123 standing 334 372 55 96 standing 250 390 57 122 standing 195 428 41 123 standing
29435.jpg l-pass 1029 408 51 147 standing 999 362 63 127 standing 970 428 55 153 standing 821 438 61 154 standing 822 370 61 144 standing 731 426 48 179 standing 702 407 61 184 standing 576 431 106 91 digging 429 341 48 141 moving 218 418 89 162 standing 137 386 68 141 standing
54525.jpg l-pass 1046 414 36 133 standing 889 454 49 123 standing 807 429 49 130 moving 760 409 35 117 standing 720 413 35 131 standing 540 450 80 109 standing 423 495 64 123 standing 374 366 31 90 standing 332 411 54 93 standing 258 506 68 99 digging 176 460 76 125 standing
76055.jpg r_set 996 336 58 121 standing 941 387 70 130 standing 851 522 85 164 moving 711 440 46 142 standing 732 451 44 118 standing 448 459 69 130 standing 476 414 28 135 standing 458 388 55 103 standing 272 396 51 89 moving 165 444 44 132 standing 53 400 56 127 standing 839 407 69 150 digging
41440.jpg r_spike 933 391 58 120 moving 764 375 61 117 standing 743 287 57 114 spiking 689 375 52 120 standing 700 423 65 102 standing 711 454 74 154 moving 584 279 55 172 blocking 533 377 49 113 standing 471 420 63 128 standing 209 432 69 137 standing 192 355 57 110 standing 0 408 43 153 standing
76125.jpg l-pass 1043 369 39 134 standing 994 422 48 105 moving 998 392 56 123 standing 820 338 54 120 standing 798 407 42 152 standing 794 376 37 125 standing 530 444 69 137 standing 566 415 67 130 setting 575 363 44 112 standing 532 338 34 111 standing 361 378 59 104 moving 243 397 62 131 moving
19935.jpg r-pass 922 412 45 111 standing 882 389 52 102 digging 807 450 80 137 standing 699 406 70 123 standing 705 348 36 119 standing 497 384 43 121 standing 386 433 37 156 standing 419 390 34 143 standing 359 375 56 130 standing 271 409 55 119 standing 190 368 46 105 standing 43 458 53 143 standing
41245.jpg l-pass 836 429 62 118 standing 859 397 37 91 standing 742 452 71 133 standing 733 397 56 112 standing 725 379 45 104 standing 710 333 36 104 standing 310 442 93 130 digging 522 450 98 110 standing 288 403 51 132 standing 323 389 63 80 standing 603 370 68 124 standing 655 342 38 143 blocking
55340.jpg l-pass 931 341 52 115 moving 856 396 43 131 standing 694 446 54 119 standing 567 463 68 150 standing 554 415 49 107 standing 501 425 60 176 standing 383 523 68 99 standing 392 408 66 127 standing 402 389 74 109 standing 313 436 49 101 standing 194 490 82 109 digging 85 412 82 137 standing
41485.jpg l-pass 1189 350 84 130 standing 1133 444 60 135 standing 932 442 56 149 standing 942 349 79 111 standing 919 362 46 133 standing 653 396 74 151 standing 698 355 42 149 standing 731 307 39 130 standing 418 349 58 107 standing 371 416 60 170 standing 268 358 56 156 digging
29680.jpg l_set 1220 479 57 119 standing 1194 347 43 120 standing 846 433 72 140 standing 865 379 43 130 standing 837 327 49 132 standing 711 360 55 169 standing 484 395 51 197 setting 521 305 54 108 moving 430 327 62 130 standing 223 375 66 136 standing 110 431 100 164 moving
65465.jpg l-pass 1160 373 52 150 standing 1095 444 73 143 moving 1031 363 65 126 moving 787 397 37 152 standing 790 355 33 150 standing 799 335 32 150 standing 691 370 37 143 standing 559 386 43 82 digging 571 329 84 118 standing 581 364 47 122 digging 155 437 92 158 standing 462 579 82 84 falling
38315.jpg l_set 1135 438 56 111 standing 1113 500 65 146 standing 1008 394 47 107 standing 733 476 43 116 standing 724 409 43 126 standing 711 392 35 118 standing 394 462 86 139 moving 415 382 88 154 setting 319 359 48 96 moving 225 465 64 129 standing 191 398 92 139 moving 68 412 60 124 moving
57780.jpg r_spike 1177 400 60 167 standing 1048 444 84 150 standing 895 462 107 146 digging 828 327 43 114 standing 726 384 87 215 spiking 726 419 127 175 jumping 639 385 56 197 blocking 465 380 50 99 standing 266 372 88 114 standing 214 498 73 135 standing 79 418 118 141 moving
38270.jpg l-pass 989 433 41 102 standing 892 422 38 102 standing 739 440 40 104 standing 705 428 40 103 standing 706 409 38 110 standing 624 417 38 106 standing 504 412 56 80 moving 389 405 44 95 digging 341 469 54 86 standing 328 418 38 86 standing 189 431 44 123 standing 1058 439 68 110 moving
57650.jpg l_set 361 371 79 168 setting 691 361 67 114 moving 591 390 43 135 standing 573 430 48 155 standing 839 348 48 113 standing 987 386 37 154 standing 886 472 57 138 standing 461 487 59 77 falling 348 507 60 157 moving 239 466 54 147 standing 208 341 63 81 moving 209 377 48 133 standing
55225.jpg l-pass 1022 424 32 136 standing 873 457 50 127 standing 747 433 51 130 standing 700 411 35 127 standing 740 414 30 112 standing 471 447 81 106 standing 389 495 66 118 standing 342 424 59 84 standing 359 374 32 92 standing 238 487 49 107 digging 190 467 46 112 digging
55440.jpg r-pass 578 412 45 107 digging 548 417 107 64 falling 716 406 56 135 standing 817 354 52 126 standing 466 319 39 122 standing 505 308 35 131 standing 398 310 45 105 standing 383 344 58 118 standing 351 415 48 135 standing 270 356 41 105 standing 180 407 43 131 standing 95 381 56 131 standing
19880.jpg l-pass 1237 431 40 136 standing 1064 366 60 118 standing 1065 498 77 114 standing 790 453 50 137 standing 770 399 47 143 blocking 774 383 39 124 standing 615 499 111 75 falling 492 431 62 150 moving 388 486 64 182 standing 283 462 65 152 standing 266 428 64 105 standing 430 353 35 101 standing
41395.jpg r_set 1009 435 75 117 digging 936 485 91 136 moving 858 390 54 127 standing 714 319 44 105 standing 771 520 69 170 standing 618 396 58 136 standing 406 365 38 145 standing 397 417 41 154 standing 314 425 60 147 standing 99 363 68 110 moving 63 435 49 161 standing 13 382 58 156 moving
65315.jpg l-spike 478 302 43 113 spiking 506 377 35 133 standing 617 410 46 131 standing 437 412 58 89 waiting 340 412 48 114 standing 244 458 51 128 moving 579 300 41 179 blocking 815 367 89 106 moving 977 392 60 108 standing 926 462 75 113 moving 156 392 48 108 standing
76180.jpg l-spike 898 481 111 134 standing 947 388 62 115 standing 854 348 51 126 moving 622 357 62 108 standing 566 364 57 225 blocking 586 392 43 110 standing 524 347 34 125 standing 474 430 37 105 standing 425 379 55 204 spiking 406 325 58 107 moving 285 395 58 135 standing 399 403 72 101 standing
76010.jpg r-pass 791 469 111 106 moving 787 396 60 100 standing 834 359 44 105 standing 499 422 83 142 digging 561 402 66 85 standing 468 441 38 142 blocking 384 418 60 125 standing 382 361 34 120 standing 350 468 46 137 standing 332 453 30 117 standing 178 389 54 106 standing 137 436 61 116 standing
41450.jpg l-pass 304 361 54 112 digging 527 417 92 116 standing 587 371 62 118 standing 661 287 62 163 blocking 289 448 96 129 digging 56 427 58 150 digging 983 402 50 118 standing 837 382 69 97 digging 778 352 80 97 falling 776 419 52 107 standing 733 452 80 137 standing 742 381 65 120 standing
41530.jpg l-spike 1110 386 61 113 standing 1089 477 65 116 digging 958 455 66 130 digging 978 349 44 113 standing 627 295 35 158 blocking 636 280 32 164 blocking 515 372 55 141 standing 469 256 63 175 spiking 416 388 72 117 digging 271 407 83 139 standing 314 359 49 117 standing 16 360 61 153 standing
41325.jpg l-spike 1098 420 75 111 standing 1080 511 86 120 digging 991 371 92 107 standing 659 362 47 107 standing 616 350 48 184 blocking 616 344 30 178 blocking 457 439 54 158 standing 441 333 54 118 standing 383 362 60 118 standing 324 345 65 154 spiking 229 431 84 156 moving 274 385 64 126 standing
65220.jpg l-pass 991 417 52 117 standing 911 382 47 111 digging 851 460 56 154 standing 768 454 62 156 standing 747 395 66 129 standing 784 355 47 127 standing 696 351 43 137 standing 657 369 58 117 standing 400 456 92 139 standing 293 456 64 131 standing 313 392 54 86 standing 194 425 68 111 digging
20010.jpg l_set 826 406 39 106 standing 790 372 66 85 standing 770 372 46 117 standing 727 439 36 148 standing 716 398 51 130 standing 709 344 41 99 standing 611 326 50 157 setting 654 343 38 109 standing 482 438 99 146 standing 495 419 48 99 standing 444 357 42 101 standing 334 405 61 117 standing
54570.jpg l_set 1105 485 82 146 standing 1074 409 62 126 standing 1024 344 54 133 standing 718 464 50 152 standing 729 392 50 137 standing 726 358 24 116 standing 497 383 80 120 jumping 400 385 58 158 setting 387 397 41 92 standing 283 334 67 90 moving 217 407 47 124 standing 188 490 133 150 moving
29530.jpg r-pass 967 383 86 119 moving 881 449 58 115 standing 760 346 72 123 moving 580 399 45 123 digging 478 432 49 158 standing 468 415 58 162 standing 298 426 88 166 standing 361 396 68 156 standing 366 332 50 143 standing 172 398 54 135 standing 3 418 80 168 standing
29625.jpg l-pass 967 387 75 143 digging 963 451 57 123 standing 874 321 81 127 standing 810 365 88 112 standing 772 479 69 97 falling 730 408 64 134 digging 649 397 39 192 blocking 655 356 36 214 blocking 529 357 95 139 standing 236 335 107 123 standing 144 416 60 176 standing 72 376 64 154 digging
20055.jpg l_set 1144 473 65 132 standing 1218 395 60 120 standing 1000 348 57 115 standing 748 432 60 137 standing 737 387 55 139 standing 739 353 46 128 standing 646 360 47 142 standing 450 343 42 147 setting 351 367 47 112 standing 468 313 54 100 standing 224 395 66 140 standing 249 460 108 162 moving
38490.jpg r_winpoint 244 414 53 154 standing 409 426 85 140 standing 723 366 56 125 standing 702 354 64 117 standing 613 426 50 135 standing 495 406 61 40 falling 942 398 49 125 standing 972 432 39 136 standing 1080 407 53 141 standing 1017 420 59 132 standing 991 393 52 128 standing 1037 396 43 121 standing
31500.jpg r_winpoint 1065 454 71 162 standing 1032 388 48 141 standing 963 412 81 139 standing 918 437 63 129 standing 878 383 49 131 moving 840 394 71 137 standing 664 420 58 170 standing 596 403 66 163 standing 487 359 73 134 standing 355 434 63 151 standing 311 372 67 127 standing 378 368 88 123 standing
37665.jpg r_winpoint 876 450 63 134 standing 947 364 46 153 standing 866 364 52 131 standing 748 446 57 164 standing 720 412 46 172 standing 774 389 41 141 standing 366 393 83 153 standing 273 448 106 186 standing 183 426 88 164 standing 196 386 61 98 standing 297 364 48 116 standing 282 422 60 156 standing
30945.jpg l_winpoint 902 363 44 137 standing 782 332 52 118 moving 820 466 71 125 standing 748 505 86 96 falling 456 373 47 139 standing 436 346 46 122 standing 278 394 52 150 standing 330 351 42 134 standing 99 406 44 126 standing 149 436 43 151 standing 171 363 45 133 standing
36450.jpg l_winpoint 965 345 45 149 standing 882 455 91 69 falling 803 335 46 138 standing 664 368 100 168 standing 690 470 70 190 standing 487 532 75 135 standing 377 391 65 174 standing 338 389 97 178 standing 293 401 80 167 standing 151 392 102 162 standing 232 367 105 160 standing 343 354 85 165 standing
51435.jpg r_winpoint 1067 416 116 134 standing 989 397 66 130 standing 925 435 89 169 standing 842 448 50 160 standing 851 389 64 159 standing 864 361 38 143 standing 677 465 62 165 standing 541 455 80 159 standing 543 362 61 113 standing 410 440 39 137 standing 305 446 86 53 falling 308 400 65 79 falling
41580.jpg l_winpoint 1041 387 49 140 standing 918 336 41 129 standing 787 391 58 142 standing 666 509 52 151 moving 700 336 37 120 standing 443 362 60 145 standing 396 375 54 139 standing 430 329 36 135 standing 307 372 89 147 standing 253 353 79 152 standing 344 364 61 114 standing 898 486 61 141 standing
39150.jpg l_winpoint 822 390 106 166 standing 874 399 87 103 falling 777 314 68 137 standing 532 358 59 147 standing 495 418 92 167 standing 463 377 47 159 standing 228 379 89 181 standing 151 398 95 178 standing 144 353 77 161 standing 62 404 98 168 standing 56 392 94 153 standing 0 389 65 167 standing
44940.jpg l_winpoint 1152 497 108 138 moving 904 416 100 109 moving 704 474 67 79 falling 662 367 44 138 standing 585 459 79 134 standing 602 430 83 128 standing 426 389 49 159 standing 422 380 100 151 standing 333 427 92 146 standing 277 365 75 146 standing 234 409 76 166 standing 156 386 57 151 standing
35820.jpg r_winpoint 1028 348 80 165 standing 934 389 89 145 standing 978 333 46 137 standing 843 358 61 169 standing 846 333 90 161 standing 804 320 70 152 standing 475 343 93 172 standing 370 411 68 219 standing 334 450 53 93 falling 191 390 108 131 falling 298 299 60 173 standing 379 276 50 149 standing
