39095.jpg l_set 1220 366 54 135 standing 918 412 41 156 standing 905 371 45 127 standing 902 309 50 154 blocking 755 335 43 133 standing 498 352 90 127 moving 421 425 47 129 standing 276 456 84 164 standing 259 443 94 52 falling 786 373 51 127 standing
66325.jpg r-pass 929 487 62 159 standing 939 408 55 144 standing 864 378 52 126 standing 810 315 54 135 standing 659 438 99 141 digging 457 397 65 131 standing 340 431 50 167 standing 368 400 32 159 standing 364 370 35 122 standing 55 450 66 155 standing 41 375 59 129 standing
32280.jpg r_spike 1098 387 60 148 standing 914 336 58 123 digging 856 429 41 139 standing 735 366 94 164 spiking 782 370 68 137 standing 633 338 49 217 blocking 390 326 60 103 digging 78 432 82 141 digging
66380.jpg l-pass 1145 408 48 137 standing 954 381 48 151 standing 857 410 48 121 standing 913 332 57 140 standing 913 427 55 133 moving 878 491 74 160 moving 708 359 78 127 standing 788 417 44 146 standing 745 475 78 156 standing 404 462 57 151 standing 401 410 96 72 digging 335 405 54 130 waiting
39060.jpg l-pass 1192 384 84 127 standing 1120 404 56 156 standing 1056 382 50 141 standing 840 426 54 162 standing 800 401 66 160 blocking 782 358 58 154 standing 679 448 68 133 standing 461 352 109 123 standing 206 452 70 141 standing 45 415 64 159 standing 262 424 50 121 standing 287 382 56 89 digging
66365.jpg r_spike 998 385 43 128 standing 887 404 97 160 moving 851 334 75 120 moving 726 316 69 158 spiking 720 379 62 156 setting 833 532 86 122 moving 556 463 92 152 moving 629 317 43 203 blocking 599 357 45 135 standing 219 488 77 133 waiting 170 407 62 139 waiting 217 393 73 86 digging
66475.jpg r-pass 1022 454 56 92 falling 791 438 117 148 falling 767 329 50 127 standing 626 479 105 133 standing 461 331 58 139 standing 439 313 39 154 blocking 368 372 41 158 standing 255 478 60 162 standing 343 332 39 150 standing 271 373 37 117 standing 288 420 88 137 waiting
77330.jpg l-pass 463 429 64 148 digging 563 464 62 160 standing 562 258 49 121 standing 531 354 52 152 standing 316 377 49 150 standing 811 443 58 137 standing 927 428 50 150 standing 915 383 47 154 standing 899 344 70 143 standing
77145.jpg l_set 1124 464 55 147 standing 1099 352 60 130 standing 779 422 46 142 standing 776 367 37 147 standing 784 335 42 130 standing 651 426 67 146 standing 503 285 53 189 setting 535 275 42 109 standing 291 366 53 151 standing 287 445 79 105 falling 313 464 72 163 standing
77185.jpg l-spike 583 243 62 168 blocking 1190 443 58 147 standing 953 474 92 139 standing 755 454 98 139 standing 789 347 54 115 standing 492 221 66 166 spiking 384 442 86 133 standing 455 351 50 147 standing 420 400 43 127 standing 319 338 58 133 standing 200 383 43 135 standing
77960.jpg r_set 1065 433 70 94 falling 885 387 98 141 moving 901 520 113 145 moving 794 303 101 129 moving 750 317 56 160 standing 705 282 50 182 setting 476 439 76 156 standing 520 345 56 176 blocking 534 343 29 145 standing 158 349 41 129 standing 106 479 76 135 waiting 80 415 56 129 waiting
52640.jpg l_set 1046 387 71 156 standing 1003 460 54 151 standing 916 364 55 134 standing 637 362 40 141 standing 623 418 44 164 standing 634 464 38 153 standing 479 370 74 179 setting 518 481 58 145 standing 324 384 55 142 standing 245 317 72 113 moving 239 466 75 158 standing 17 407 77 150 standing
77360.jpg l_set 1124 464 79 141 digging 1155 413 96 133 digging 1070 370 86 122 waiting 739 344 72 134 standing 738 387 55 145 standing 741 440 66 141 standing 605 345 57 185 setting 538 362 65 139 standing 521 266 85 110 moving 285 378 110 145 moving 364 503 102 153 moving 253 416 43 151 standing
66425.jpg l_set 995 463 97 168 standing 1073 371 98 126 standing 805 457 63 137 standing 808 404 49 154 standing 815 353 56 144 standing 733 368 48 140 standing 645 396 53 210 setting 546 316 91 119 moving 482 525 90 179 moving 344 395 100 112 moving 233 398 63 154 standing
39185.jpg r_set 1121 430 96 117 moving 834 330 48 178 setting 745 422 78 145 moving 666 354 41 150 standing 819 304 72 99 moving 815 567 74 92 falling 549 426 74 143 standing 575 378 48 145 standing 561 358 37 139 standing 270 426 74 156 standing 265 360 60 115 standing 64 406 47 143 standing
39135.jpg l-spike 1120 394 64 137 standing 980 352 52 123 standing 916 434 62 162 standing 582 249 74 205 blocking 452 243 70 158 spiking 538 372 35 131 standing 478 387 54 143 standing 314 446 82 152 standing 340 387 50 123 standing 1 408 47 127 waiting
77290.jpg r_spike 865 361 75 160 setting 869 462 106 126 moving 615 321 64 126 moving 582 454 77 156 standing 501 377 65 142 standing 176 437 54 152 standing 100 374 62 151 standing 123 329 46 146 standing 948 372 89 71 falling 25 473 66 156 standing
35775.jpg r_spike 1014 401 51 135 waiting 837 442 60 140 standing 786 345 88 135 standing 666 345 93 184 spiking 594 354 42 207 blocking 585 340 58 194 blocking 296 441 63 151 standing 267 367 69 127 digging
36070.jpg r_spike 1224 466 52 128 standing 832 404 67 131 standing 778 393 50 143 standing 682 426 50 135 standing 732 399 64 180 spiking 715 336 77 146 standing 622 382 43 205 blocking 577 395 67 126 standing 270 387 77 126 waiting 129 460 86 129 waiting 214 481 77 152 digging
70170.jpg r-pass 702 461 103 160 standing 760 407 60 158 standing 792 373 80 131 standing 603 407 56 147 standing 761 337 60 156 setting 440 345 52 137 standing 333 461 43 156 standing 328 375 29 154 standing 74 376 70 141 standing 2 453 99 168 standing
32345.jpg r_spike 792 489 102 142 standing 956 416 47 146 standing 964 298 93 124 moving 899 373 60 140 standing 684 322 102 156 spiking 668 327 60 162 jumping 305 342 60 118 standing 146 418 61 145 digging 18 373 67 148 waiting 555 351 37 110 standing 534 440 53 133 standing 548 403 51 134 standing
77255.jpg r-pass 1032 378 64 147 standing 978 436 62 139 standing 936 467 70 162 standing 843 362 64 164 standing 808 367 162 68 falling 816 281 54 117 standing 1 452 76 152 standing 422 421 39 150 standing 412 371 49 121 standing 395 333 50 145 standing 11 359 35 107 standing
29630.jpg r-pass 679 309 58 121 digging 999 317 50 140 standing 953 400 62 145 standing 912 368 54 146 standing 863 402 48 146 standing 600 368 64 149 standing 18 471 72 149 waiting 118 340 82 135 standing 403 352 40 116 standing 415 366 30 156 standing 398 396 44 167 standing
36045.jpg r_set 1097 485 62 144 standing 897 415 97 121 moving 748 331 103 116 moving 767 481 82 137 moving 632 417 62 148 standing 543 385 62 165 setting 3 422 47 144 waiting 58 467 69 158 digging 119 398 84 118 waiting 417 467 67 141 standing 447 417 50 152 standing 443 380 54 126 standing
70060.jpg l_set 1197 365 69 142 standing 860 370 65 125 standing 846 396 61 144 standing 839 435 71 153 standing 701 379 79 117 standing 550 364 57 185 setting 490 311 54 113 moving 378 401 74 142 moving 205 460 106 136 moving 392 357 60 120 standing
52615.jpg l_set 998 402 54 145 standing 942 438 58 147 standing 888 365 78 135 standing 687 450 47 152 standing 640 378 41 176 jumping 656 368 52 139 standing 531 408 56 182 setting 469 402 66 143 standing 437 471 80 150 standing 338 406 45 129 standing 331 314 56 123 standing 87 414 74 149 standing
40070.jpg l-pass 1119 383 44 137 standing 1005 456 96 159 standing 968 412 60 154 standing 1062 413 58 125 standing 948 344 55 116 standing 713 458 79 133 waiting 545 462 79 147 standing 479 349 65 119 standing 395 419 55 142 digging 859 325 63 145 jumping 865 303 71 161 blocking
40030.jpg r_set 865 387 43 127 standing 797 419 84 119 moving 663 345 78 119 moving 537 305 49 164 setting 498 445 72 135 standing 1 404 50 107 waiting 361 375 49 109 standing 354 417 56 148 standing 329 463 78 156 standing 671 503 85 154 moving
52455.jpg l-pass 1045 406 48 133 standing 1000 382 41 148 standing 956 388 48 161 standing 846 423 63 144 standing 608 356 63 137 standing 216 492 68 156 waiting 453 367 44 108 standing 369 472 49 123 waiting 401 442 72 79 digging
70135.jpg l-pass 1124 405 61 152 standing 1015 419 44 169 standing 933 333 81 137 standing 736 417 74 148 standing 658 353 68 134 standing 647 319 86 134 standing 515 348 46 152 standing 328 476 123 142 waiting 430 382 72 89 falling 490 417 111 43 falling 221 387 88 131 standing 359 432 100 111 digging
70095.jpg l-spike 1003 432 76 132 waiting 940 464 74 140 waiting 593 433 98 126 standing 518 278 42 193 blocking 412 289 67 125 jumping 330 370 67 118 standing 441 369 42 140 standing 271 470 93 156 standing 130 424 55 140 standing 106 399 41 133 standing 891 359 80 108 digging
32195.jpg r-pass 1058 294 44 142 standing 943 450 49 161 standing 867 394 81 137 standing 843 366 58 125 standing 644 485 100 105 falling 526 445 56 79 digging 76 366 58 130 standing 360 418 56 158 standing 389 396 39 156 standing 375 368 37 116 standing
70090.jpg l-spike 997 464 93 144 digging 1057 426 81 126 digging 952 359 72 112 digging 623 421 79 130 waiting 571 251 46 238 blocking 479 359 60 140 standing 453 249 55 156 spiking 386 370 51 139 standing 310 471 74 154 standing 183 429 56 149 standing 165 404 49 125 standing
36145.jpg r_set 887 376 39 134 standing 825 439 74 114 moving 735 318 82 97 moving 720 525 124 145 moving 698 413 58 131 standing 664 329 50 177 setting 409 383 58 113 standing 401 427 71 138 standing 388 470 72 145 standing 7 470 88 159 waiting 31 391 68 107 waiting
39275.jpg l-pass 1187 371 72 143 standing 946 418 64 164 standing 947 379 62 152 standing 955 364 46 143 standing 835 363 56 146 standing 663 315 57 133 standing 359 449 81 160 standing 394 389 47 133 standing 343 407 62 144 standing 588 305 89 139 setting
40200.jpg l-pass 1226 382 51 137 standing 1076 349 37 137 standing 1031 448 58 137 standing 760 389 74 151 moving 761 317 51 111 standing 709 340 53 151 standing 557 365 60 134 standing 193 401 54 138 standing 427 435 48 142 standing 424 422 68 120 digging 454 342 54 151 standing 482 329 60 126 standing
36100.jpg r-pass 966 443 62 128 digging 856 387 81 149 digging 665 500 74 158 standing 707 320 62 142 standing 690 424 53 133 standing 696 385 53 135 standing 529 477 48 168 standing 495 382 46 135 standing 447 492 62 161 standing 192 381 56 137 standing 144 454 46 170 standing 54 418 46 151 standing
40055.jpg r_spike 1049 408 47 141 standing 723 222 43 197 spiking 784 373 72 139 standing 772 418 60 117 waiting 723 453 68 166 standing 696 428 60 146 standing 595 294 41 193 blocking 499 464 78 152 standing 245 488 99 133 waiting 195 366 53 119 waiting 90 453 82 121 waiting 597 241 65 206 blocking
36170.jpg r_spike 1068 413 60 139 standing 922 388 79 134 standing 832 474 60 142 standing 775 413 74 156 moving 730 406 115 197 spiking 749 342 76 117 standing 619 403 49 215 blocking 543 375 72 124 standing 216 383 82 119 waiting 123 442 85 110 waiting 189 480 84 151 digging
40260.jpg l-spike 1012 489 80 143 standing 1014 392 80 114 waiting 832 382 90 118 waiting 611 350 90 126 digging 581 373 48 212 blocking 406 401 65 176 spiking 487 438 79 150 standing 372 418 67 122 standing 492 339 71 148 jumping 476 309 54 137 standing 118 398 94 120 standing
52580.jpg r-pass 950 378 37 158 standing 893 410 35 137 standing 815 464 80 150 standing 857 359 47 133 standing 671 392 92 150 standing 642 366 74 117 digging 563 396 50 137 standing 547 363 45 133 standing 268 354 43 121 standing 248 445 51 155 standing 17 404 78 149 standing
35860.jpg r_spike 1059 460 55 144 standing 946 370 66 141 standing 843 446 51 142 standing 760 421 102 139 standing 753 345 74 120 standing 648 364 55 198 blocking 633 371 63 229 blocking 222 364 89 106 waiting 65 430 72 119 waiting 289 461 116 141 moving 752 415 111 164 spiking
66355.jpg r_set 913 534 105 147 moving 936 413 142 139 moving 966 364 74 130 standing 876 333 63 111 standing 704 368 58 184 standing 659 330 52 175 setting 507 449 75 145 standing 563 418 55 130 standing 547 356 38 127 standing 154 495 89 130 digging 160 396 74 96 waiting 98 416 69 133 waiting
52490.jpg r-pass 1127 419 58 148 standing 1045 385 75 118 standing 1057 498 82 124 standing 842 410 41 156 standing 777 379 52 186 setting 781 376 56 112 standing 629 399 69 133 jumping 564 398 58 139 standing 387 334 65 120 moving 291 476 65 141 standing 181 484 48 163 standing 73 439 105 92 falling
35780.jpg r_spike 1049 412 60 130 standing 845 438 46 151 standing 814 345 63 140 standing 698 356 67 146 spiking 721 396 58 135 standing 628 340 53 188 blocking 616 332 58 170 blocking 360 439 65 147 standing 323 367 65 130 waiting
35675.jpg r-pass 867 464 71 145 waiting 857 416 41 108 standing 750 364 86 120 digging 673 334 61 128 standing 622 311 61 136 standing 456 392 75 127 standing 346 396 29 159 standing 327 432 35 154 standing 245 398 58 161 standing 23 451 50 162 standing
39220.jpg r_spike 1057 464 61 181 standing 787 240 51 182 spiking 925 430 65 131 waiting 947 388 69 136 standing 823 458 65 176 standing 806 381 74 122 waiting 691 261 58 154 blocking 702 274 49 175 blocking 654 421 74 127 standing 350 471 82 150 digging 253 364 54 117 waiting 72 446 65 134 waiting
32305.jpg r-pass 973 438 92 97 falling 905 329 64 145 standing 767 443 61 133 standing 707 387 57 158 standing 696 359 50 131 standing 629 443 55 130 standing 578 438 30 141 standing 543 431 54 162 standing 494 453 81 160 standing 329 327 65 117 standing 76 406 82 174 standing
39150.jpg r-pass 715 492 143 99 falling 1057 399 56 139 standing 879 365 78 109 moving 543 356 70 123 standing 513 316 37 160 blocking 543 322 33 129 standing 355 458 84 125 standing 433 373 52 145 standing 395 385 41 145 standing 299 365 43 137 standing 366 336 52 111 standing
40160.jpg r-pass 1108 430 79 126 waiting 834 357 63 107 digging 721 488 90 134 waiting 457 291 46 178 blocking 313 443 87 145 standing 361 385 63 120 waiting 349 353 43 117 standing 323 278 63 128 standing 171 368 43 126 waiting 72 426 60 128 waiting 464 326 85 141 standing
29810.jpg l-spike 990 348 107 131 standing 922 491 75 133 waiting 634 292 58 192 blocking 640 282 39 188 blocking 457 271 88 126 spiking 507 409 65 165 standing 509 410 75 124 waiting 369 413 86 122 waiting 320 364 75 124 standing 233 322 56 129 standing
40110.jpg l_set 1223 455 54 155 standing 1192 382 39 151 standing 1079 348 63 145 standing 817 416 49 144 standing 828 367 35 161 standing 839 348 53 152 standing 623 371 71 124 digging 605 333 78 117 standing 598 309 75 95 standing 425 461 79 168 standing 357 357 74 113 waiting 267 407 106 130 standing
52535.jpg r_set 970 322 65 137 standing 887 429 41 148 standing 809 392 60 150 standing 715 300 52 117 standing 719 505 71 153 standing 690 385 49 172 digging 419 378 49 126 standing 428 402 49 156 standing 405 457 63 145 standing 163 388 46 134 standing 33 460 49 164 standing
29775.jpg l_set 1232 333 44 160 standing 826 342 39 128 standing 823 381 47 133 standing 808 433 68 146 standing 436 378 54 197 setting 490 466 62 172 standing 515 398 51 141 standing 374 312 79 107 moving 2 329 60 124 moving 44 319 69 89 moving
77190.jpg l-spike 1156 450 66 151 standing 936 475 82 137 standing 738 350 57 119 standing 756 467 113 128 standing 560 241 89 178 blocking 465 255 71 151 jumping 433 356 55 148 standing 399 433 55 141 standing 380 398 49 114 standing 341 339 49 120 standing 186 382 58 131 standing
32240.jpg r_set 902 495 64 168 standing 1017 286 74 131 standing 1009 371 43 162 standing 848 356 49 172 setting 650 371 52 164 standing 560 368 39 148 standing 3 410 33 169 standing 31 327 99 117 standing 438 365 49 95 standing 443 383 51 149 standing 420 434 79 137 standing
40240.jpg l_set 1180 407 61 131 waiting 1116 464 43 145 standing 1012 379 57 130 waiting 764 323 52 144 standing 730 398 49 137 standing 752 433 52 150 standing 646 323 57 193 setting 609 361 49 131 standing 490 317 57 113 moving 371 489 96 147 moving 289 404 130 131 moving 268 370 54 133 standing
39235.jpg l-pass 1189 447 69 175 standing 902 452 86 168 standing 1042 387 54 133 standing 990 429 91 139 standing 908 370 79 145 standing 818 385 40 102 waiting 767 305 48 148 blocking 775 348 48 122 blocking 715 421 89 133 standing 327 331 85 154 spiking 163 466 77 123 waiting 428 464 75 153 standing
70115.jpg l-pass 1017 419 54 146 waiting 944 430 54 158 standing 890 328 73 141 standing 608 412 82 156 standing 544 351 90 112 standing 536 320 54 128 standing 430 362 50 146 standing 270 463 103 161 standing 137 413 96 148 standing 96 398 48 129 standing 309 390 124 103 falling 445 378 62 88 falling
29675.jpg r_spike 1025 375 43 134 standing 812 358 53 131 standing 683 382 82 114 waiting 763 401 57 131 standing 814 222 44 176 spiking 576 261 50 186 blocking 146 466 95 130 waiting 205 347 74 114 waiting
35790.jpg r-pass 1091 444 61 128 waiting 826 460 55 136 standing 828 364 65 134 digging 721 404 69 156 standing 657 382 54 178 blocking 615 337 75 204 blocking 426 449 57 142 waiting 368 378 69 130 waiting 746 393 85 141 digging
36015.jpg r-pass 1012 375 70 137 standing 822 421 68 201 setting 874 479 62 123 standing 819 324 58 131 standing 679 448 98 164 standing 495 387 45 147 standing 87 341 43 145 standing 88 397 78 127 waiting 410 380 36 147 standing 406 413 43 156 standing 391 450 53 163 standing
70020.jpg l-pass 1043 410 52 147 standing 1012 368 49 143 standing 1000 393 49 156 standing 879 410 82 140 standing 644 365 68 148 standing 462 383 56 124 standing 438 407 56 149 standing 195 438 75 172 standing 527 376 63 94 falling
77910.jpg r-pass 839 461 48 142 standing 846 407 46 117 standing 829 381 49 127 digging 623 333 83 131 standing 550 314 63 130 standing 369 379 79 128 standing 275 407 49 168 standing 262 378 41 145 standing 219 421 51 167 standing 3 446 26 158 standing
32175.jpg r-pass 574 480 82 153 standing 818 471 60 131 digging 812 440 79 112 waiting 780 379 65 109 standing 969 328 54 131 standing 395 373 74 126 standing 22 427 52 150 standing 208 406 49 150 standing 262 423 49 159 standing 237 441 49 156 standing
70205.jpg r_set 887 340 100 113 moving 837 401 108 125 moving 818 506 69 141 standing 753 424 65 153 standing 636 367 71 122 standing 581 305 60 176 setting 464 382 55 106 standing 476 395 44 148 standing 448 464 66 151 standing 73 469 92 141 waiting 132 353 58 111 standing 3 393 69 156 standing
77980.jpg r_spike 1142 399 47 133 standing 874 350 77 141 standing 820 393 69 129 standing 796 480 71 143 standing 766 333 82 129 jumping 776 242 58 158 spiking 632 320 47 163 standing 644 252 35 190 blocking 515 438 54 141 standing 249 357 48 118 waiting 240 476 80 129 waiting 167 422 80 137 standing
35875.jpg l-pass 1084 470 54 150 standing 939 399 77 131 waiting 844 457 54 146 standing 778 342 79 137 standing 795 487 69 139 standing 793 427 73 141 waiting 686 434 39 201 blocking 626 431 62 175 jumping 430 452 62 165 standing 263 371 126 107 falling 56 442 69 131 waiting
35975.jpg l-pass 1240 376 38 145 standing 1206 419 49 148 standing 997 336 49 128 standing 995 461 57 164 standing 972 429 82 156 standing 891 375 63 137 standing 279 356 76 137 digging 521 367 57 139 standing 625 350 49 120 standing 682 275 63 96 moving 691 441 63 156 standing 704 409 41 156 standing
32335.jpg r_set 955 316 120 116 moving 908 382 89 116 moving 856 427 66 147 standing 622 288 44 184 setting 670 384 58 139 standing 755 502 114 136 moving 55 427 80 145 waiting 268 347 63 119 digging 440 441 71 148 standing 479 423 40 141 standing 476 381 54 128 standing
77205.jpg r-pass 1057 435 57 161 standing 823 483 75 102 digging 702 454 54 141 digging 609 350 80 127 standing 513 299 51 136 standing 523 331 92 108 moving 107 373 41 133 standing 285 395 46 131 standing 374 423 74 147 standing 411 357 48 153 standing 350 347 52 123 standing 394 280 44 122 standing
77985.jpg r_spike 1173 390 48 142 standing 942 342 59 145 standing 761 277 67 131 jumping 786 344 63 118 standing 862 398 49 124 standing 828 461 60 152 standing 662 246 76 207 blocking 487 440 90 135 standing 289 361 47 108 waiting 254 464 90 131 waiting 208 429 57 126 waiting
77115.jpg l-pass 1127 419 52 143 standing 859 336 37 109 standing 842 407 58 139 standing 835 364 39 143 standing 1096 345 58 137 standing 517 354 96 131 standing 577 289 63 137 standing 653 452 65 137 standing 310 359 56 128 standing 307 459 123 99 falling 324 449 67 127 standing
32285.jpg r_spike 1124 387 66 147 standing 919 347 82 133 digging 874 426 43 152 standing 735 402 86 121 jumping 815 375 64 135 standing 788 409 56 135 waiting 665 350 60 184 blocking 656 340 88 192 blocking 411 323 88 109 digging 138 432 68 141 digging 0 370 74 129 waiting
40150.jpg l-spike 1043 344 55 130 waiting 922 492 83 142 waiting 648 271 69 176 blocking 543 378 80 125 waiting 481 435 51 153 standing 368 350 38 133 standing 281 415 54 123 waiting 575 288 44 108 standing 519 255 66 161 spiking
66455.jpg l-spike 933 463 117 139 waiting 952 351 71 113 waiting 729 471 61 137 waiting 608 247 65 182 blocking 612 351 43 147 standing 482 261 92 145 spiking 439 443 77 122 waiting 533 388 60 142 standing 420 385 72 100 waiting 110 376 58 142 standing 501 536 75 150 standing
35825.jpg r_set 1028 322 77 137 standing 956 407 53 149 standing 777 401 53 161 digging 741 334 48 93 standing 628 450 58 163 standing 584 366 58 153 standing 487 397 37 155 standing 475 368 35 133 standing 452 427 44 161 standing 181 347 63 145 standing 168 435 86 158 standing
35730.jpg r-pass 692 275 53 142 digging 648 412 61 137 standing 658 347 60 141 standing 581 471 84 160 standing 496 271 58 126 standing 396 366 55 156 standing 103 449 78 146 standing 131 396 43 158 standing 136 359 39 153 standing
34440.jpg r_winpoint 973 402 90 153 standing 1012 383 55 150 standing 875 371 91 137 standing 782 395 44 158 standing 759 369 41 155 standing 772 332 54 129 standing 591 334 55 137 standing 612 310 46 139 standing 508 366 61 146 standing 460 415 54 159 standing 482 397 49 147 standing 80 392 52 132 standing
43485.jpg l_winpoint 263 369 69 146 standing 276 401 104 166 standing 296 346 127 159 standing 331 388 41 149 standing 377 372 64 141 standing 380 381 59 148 standing 756 291 74 136 standing 796 376 52 157 standing 867 394 41 160 standing 1111 582 67 129 standing 1183 396 54 145 standing 1190 349 47 146 standing 
49890.jpg r_winpoint 1084 353 72 188 standing 1035 340 68 169 standing 954 428 80 151 standing 857 393 74 186 standing 901 355 59 160 standing 796 362 97 135 standing 627 408 67 150 standing 558 365 62 142 standing 513 453 45 159 standing 443 367 64 152 standing 406 412 60 155 standing 345 459 52 150 standing
31170.jpg l_winpoint 987 378 69 156 standing 957 350 65 147 standing 880 421 126 65 falling 839 467 54 85 falling 848 292 50 144 standing 724 322 44 133 standing 480 352 79 172 standing 501 353 63 137 standing 478 353 70 158 standing 417 367 69 145 standing 432 335 70 141 standing 444 369 66 136 standing
45045.jpg l_winpoint 360 404 57 156 standing 694 376 74 147 standing 571 379 134 160 standing 649 387 62 136 standing 573 364 49 146 standing 604 340 46 129 standing 1031 309 65 128 moving 1144 375 60 159 standing 1157 430 81 157 standing
42630.jpg r_winpoint 1017 417 82 177 standing 921 406 75 183 standing 881 344 50 165 standing 722 376 69 155 standing 674 356 51 148 standing 707 347 43 134 standing 479 370 72 139 standing 444 420 58 162 standing 441 354 50 143 standing 348 407 42 150 standing 304 386 38 138 standing 340 367 54 138 standing
33735.jpg r_winpoint 924 424 71 142 standing 914 368 50 172 standing 798 371 109 157 standing 782 494 70 177 standing 747 389 60 157 standing 768 370 56 146 standing 532 417 56 160 standing 445 348 59 141 standing 431 357 41 132 standing 336 430 59 150 standing 283 411 77 156 standing 119 421 51 147 standing
33045.jpg l_winpoint 1029 374 66 142 standing 1009 309 50 144 standing 857 322 48 141 standing 665 357 48 145 standing 638 302 60 139 standing 558 298 49 142 standing 440 327 40 133 standing 382 338 80 145 standing 334 322 48 137 standing 261 395 107 163 standing 307 367 51 158 standing 137 321 61 126 standing
40320.jpg l_winpoint 657 467 29 153 standing 626 372 53 148 standing 472 367 73 137 standing 459 313 47 144 standing 331 459 92 165 standing 236 435 76 167 standing 41 409 77 154 standing 0 415 59 161 standing
36225.jpg l_winpoint 959 450 53 142 standing 923 391 51 148 standing 842 321 44 146 standing 801 489 70 168 standing 759 414 47 161 standing 667 499 39 165 standing 414 538 58 175 standing 432 517 58 157 standing 342 470 86 169 standing 402 370 61 152 standing 243 362 114 154 standing 45 419 82 154 standing
47760.jpg l_winpoint 1151 395 82 53 falling 886 331 49 139 standing 592 484 197 84 falling 668 336 53 146 standing 627 320 55 147 standing 672 290 45 144 standing 426 351 55 148 standing 383 372 72 154 standing 362 345 64 139 standing 259 340 43 143 standing 162 426 79 145 moving 168 345 60 144 standing
46935.jpg r_winpoint 1178 370 65 189 standing 1184 358 47 163 standing 1163 326 70 146 standing 971 335 54 135 standing 805 337 45 143 standing 786 372 45 153 standing 746 432 44 149 standing 475 380 61 154 standing 372 627 151 53 falling
38490.jpg r_winpoint 723 378 74 143 standing 645 436 86 162 standing 572 366 85 142 standing 355 431 82 169 standing 334 403 78 155 standing 377 315 68 167 standing 233 387 46 135 standing 189 416 85 164 standing 145 344 61 146 standing 28 429 87 189 standing 16 367 72 149 standing 1 417 39 157 standing
44430.jpg r_winpoint 697 409 55 150 standing 633 457 79 144 standing 628 395 55 138 standing 595 363 72 148 standing 525 390 76 158 standing 397 357 73 154 standing 154 424 61 154 standing 97 436 64 170 standing 80 402 80 143 standing
30450.jpg r_winpoint 916 340 91 156 standing 839 361 53 143 standing 740 404 99 169 standing 643 361 52 155 standing 690 337 54 148 standing 665 309 53 146 standing 546 309 42 134 standing 491 295 39 141 standing 395 412 57 170 standing 198 435 68 162 standing 102 311 56 139 standing 8 390 95 151 standing
48525.jpg r_winpoint 639 447 85 156 standing 660 416 81 141 standing 649 368 77 160 standing 508 459 60 174 standing 529 351 51 100 standing 350 418 101 128 moving 93 480 59 172 standing 115 432 59 161 standing 139 409 55 146 standing
32385.jpg r_winpoint 542 356 75 118 falling 656 376 92 131 falling 725 405 76 104 falling 972 401 65 160 standing 958 324 68 141 standing 913 299 61 132 standing 1112 395 77 164 standing 1201 414 77 160 standing 1219 352 59 162 standing
