57435.jpg l_set 284 490 118 195 waiting 537 577 128 100 falling 458 687 183 225 standing 814 557 79 223 standing 736 389 114 155 standing 737 436 121 209 setting 995 522 120 209 standing 1297 552 84 203 standing 1302 370 103 245 standing 1553 476 86 203 standing 944 377 78 226 standing 965 458 79 182 standing
63325.jpg r_set 1346 655 110 216 standing 1410 462 83 161 standing 1263 368 99 151 standing 1078 602 107 201 standing 1134 395 80 211 setting 503 432 99 147 standing 851 425 69 146 standing 840 593 80 189 standing 834 544 68 158 standing 318 621 65 190 standing 321 531 68 179 standing 1351 532 145 155 moving
53860.jpg r-pass 275 364 94 195 standing 352 446 76 211 standing 524 544 67 211 standing 866 498 81 204 standing 846 418 92 204 standing 845 390 59 174 standing 979 404 79 171 standing 1305 368 79 210 standing 1531 500 80 162 digging 1490 526 73 198 standing 1567 337 71 193 standing 1651 306 63 197 standing
54765.jpg l_set 144 688 194 231 moving 286 436 123 204 waiting 444 532 87 215 standing 531 333 118 166 moving 703 364 122 289 jumping 755 449 97 256 setting 1048 409 88 210 standing 1068 404 97 276 blocking 1081 535 83 229 standing 1583 396 114 172 waiting 1711 485 112 205 waiting 1613 579 106 234 waiting
68785.jpg l_set 464 367 94 176 standing 520 271 103 160 moving 636 322 74 233 setting 828 375 66 202 standing 935 233 93 180 standing 1089 358 64 205 standing 1114 412 62 237 standing 1125 478 60 233 standing 1646 366 78 194 standing 1820 506 71 230 standing 614 730 112 110 falling 557 709 146 239 moving
65690.jpg r-pass 601 582 91 218 standing 760 621 117 186 standing 709 495 151 152 falling 610 428 77 167 standing 573 466 69 165 standing 679 358 97 166 jumping 914 316 80 226 blocking 940 311 104 231 blocking 1005 467 122 180 standing 1255 409 112 189 standing 1428 563 111 185 digging 1624 411 74 148 waiting
65915.jpg r-pass 240 469 56 215 standing 468 599 110 199 standing 548 437 51 180 standing 654 550 112 186 moving 761 484 80 202 standing 827 420 62 196 standing 949 473 70 197 standing 930 573 67 193 standing 963 523 119 209 standing 1176 381 122 172 standing 1501 495 92 213 digging 1594 469 136 169 moving
60780.jpg l-spike 521 435 92 169 standing 635 463 101 172 standing 782 337 68 179 standing 874 445 62 193 standing 905 493 58 194 standing 774 558 114 223 spiking 971 487 64 246 blocking 983 508 63 304 blocking 970 408 151 148 standing 1296 432 114 149 standing 1610 466 105 178 waiting 1591 612 95 173 waiting
56070.jpg r-pass 1742 350 66 205 standing 1731 443 83 212 standing 1675 504 86 205 standing 1533 508 105 259 setting 1270 564 147 226 standing 1027 440 93 176 standing 875 538 112 215 standing 891 430 89 260 blocking 870 423 65 182 standing 607 416 81 170 standing 357 481 74 225 standing 271 517 98 217 standing
73595.jpg l_set 219 734 152 243 moving 265 589 136 129 falling 464 302 83 147 moving 475 389 116 175 standing 460 349 65 248 setting 778 417 49 197 standing 1013 376 87 179 standing 993 456 108 202 standing 1039 524 72 198 standing 1566 368 63 180 standing 1734 440 60 205 standing 1764 564 103 188 standing
56125.jpg l-pass 1645 509 60 216 standing 1168 434 121 172 standing 1173 332 92 193 standing 1098 631 97 238 standing 1003 559 71 221 standing 1051 478 130 179 jumping 899 399 68 267 blocking 843 426 107 156 standing 784 623 113 193 standing 353 458 84 146 falling 265 501 86 158 digging 247 621 122 167 waiting
64810.jpg l-pass 327 570 99 161 digging 307 495 77 145 waiting 333 428 79 147 waiting 694 450 137 139 standing 725 353 69 151 standing 566 593 84 193 standing 1138 430 106 187 standing 1089 447 83 200 standing 1146 469 75 203 standing 1510 505 84 158 waiting 1603 461 145 172 moving 1753 506 91 211 standing
66015.jpg r-pass 1265 505 63 194 standing 1171 371 91 194 standing 1035 588 63 196 digging 848 495 74 208 standing 839 416 72 188 standing 683 516 79 194 standing 549 598 103 234 standing 582 449 51 164 standing 225 413 82 172 standing 154 639 135 191 moving 23 535 95 188 standing
68615.jpg l-spike 1659 471 106 188 standing 1582 399 86 181 digging 1283 380 87 180 standing 862 471 111 282 blocking 868 444 106 310 blocking 861 422 105 240 blocking 607 589 89 209 standing 636 467 114 198 standing 506 494 102 323 spiking 458 597 80 215 standing 445 391 89 189 standing
71555.jpg r_set 229 470 82 202 standing 431 415 83 158 standing 325 568 65 217 standing 784 399 91 167 standing 785 457 101 209 blocking 784 576 103 210 standing 1117 563 171 200 moving 1213 370 90 204 setting 1131 343 76 140 moving 1416 472 94 169 standing 1486 699 135 226 moving 1580 649 169 107 falling
68710.jpg r_spike 1378 429 112 177 standing 1263 368 84 175 standing 1268 235 143 163 spiking 1260 628 114 260 standing 1201 478 88 239 standing 1134 406 104 172 standing 998 286 71 258 blocking 1005 245 70 266 blocking 886 497 100 193 standing 425 350 115 149 standing 233 597 130 191 waiting 108 482 104 204 waiting
65890.jpg l-spike 211 501 138 189 standing 450 578 107 205 standing 549 461 77 185 standing 636 444 84 275 spiking 734 495 80 188 standing 778 417 69 186 standing 932 418 63 249 blocking 940 454 60 259 blocking 954 462 57 283 blocking 1213 390 99 161 standing 1663 445 94 187 standing 1567 595 75 195 standing
65675.jpg l-spike 386 457 144 151 moving 516 396 81 165 moving 663 279 109 136 spiking 764 467 116 173 waiting 717 603 145 201 standing 551 574 118 213 moving 938 283 68 212 blocking 945 295 74 248 blocking 993 492 81 203 standing 1306 446 99 195 moving 1458 586 77 183 waiting 1620 422 88 170 standing
71935.jpg l_set 119 633 123 190 moving 334 448 65 162 standing 425 409 91 172 moving 657 577 69 209 standing 716 506 65 279 setting 978 470 52 187 standing 1002 503 54 206 standing 1000 557 61 215 standing 1401 427 84 160 waiting 1543 466 70 191 standing 1648 579 82 201 standing 368 721 131 201 moving
66045.jpg l-pass 230 487 87 171 standing 410 614 119 169 standing 493 603 84 228 digging 520 510 95 178 standing 469 376 73 168 standing 775 576 97 183 standing 931 432 59 196 standing 934 480 72 223 standing 963 534 80 210 standing 1249 371 68 196 standing 1385 528 71 200 standing 1785 435 93 190 moving
53895.jpg r_set 1628 626 144 109 falling 1374 424 153 169 moving 1444 333 100 163 standing 1241 657 210 214 moving 1118 453 94 209 digging 1011 359 81 204 setting 860 545 96 194 standing 872 444 99 177 standing 869 415 102 174 standing 419 393 125 159 waiting 359 624 110 201 standing 270 505 128 161 waiting
73680.jpg r-pass 1617 431 90 197 moving 1411 437 95 172 standing 1436 340 119 72 falling 955 447 68 190 standing 779 402 93 191 standing 792 373 95 195 standing 576 573 79 213 standing 600 439 65 191 standing 281 479 89 200 standing 341 481 47 186 standing 374 422 72 189 standing 242 387 70 168 standing
68575.jpg l_set 178 577 150 164 falling 407 428 81 258 setting 383 273 102 167 moving 740 416 83 196 standing 700 494 78 207 standing 1146 383 74 214 standing 1149 444 94 242 standing 1167 512 76 226 standing 1646 370 95 192 standing 1809 412 70 239 standing 1868 581 50 198 waiting 200 707 164 217 standing
56095.jpg r_set 248 530 116 188 waiting 429 603 104 205 waiting 583 410 110 151 standing 856 421 110 171 standing 865 476 97 243 standing 864 584 113 219 standing 1041 395 88 207 setting 1119 572 130 196 moving 1427 623 115 211 moving 1534 487 103 179 moving 1504 333 129 172 moving 1773 549 90 213 standing
53935.jpg l-pass 132 507 159 160 standing 353 431 122 169 standing 313 565 96 238 digging 655 407 123 164 moving 893 568 76 232 standing 910 617 91 214 standing 1021 646 62 228 standing 1036 524 66 241 standing 1030 487 107 171 standing 1205 413 84 176 standing 1162 329 88 210 standing 1639 551 78 186 standing
61400.jpg r_set 158 406 123 168 standing 203 492 84 200 standing 372 600 77 210 standing 806 423 73 157 standing 797 472 87 188 standing 788 580 93 206 standing 1115 471 89 181 standing 1140 325 81 193 setting 1192 334 92 157 standing 1411 452 110 179 moving 1577 527 98 183 standing 1454 641 152 237 moving
71755.jpg r_set 225 587 80 209 standing 218 516 73 186 standing 512 409 71 168 standing 841 396 88 154 standing 836 516 98 200 standing 848 583 99 204 standing 1041 408 74 183 standing 1069 347 64 144 moving 1101 464 64 231 setting 1168 683 169 221 moving 1477 733 196 108 falling 1458 484 91 169 moving
63515.jpg r-pass 1625 678 123 149 falling 1391 534 104 184 standing 1248 466 82 155 standing 1109 386 68 190 standing 945 669 126 200 standing 931 650 133 181 falling 770 575 71 191 standing 746 491 91 186 standing 702 400 81 174 standing 469 614 94 194 standing 238 546 123 193 moving 241 483 83 186 standing
54820.jpg r-pass 194 377 103 205 standing 286 609 116 236 standing 478 626 131 237 moving 719 467 73 216 standing 636 439 77 187 standing 537 344 91 198 moving 847 352 95 185 standing 868 369 127 180 standing 1214 350 127 182 standing 1206 608 160 216 standing 1301 564 145 189 digging 1511 469 95 206 standing
68825.jpg l-spike 1451 530 82 206 standing 1362 385 68 180 standing 959 420 102 179 waiting 1005 265 70 180 standing 876 210 107 262 blocking 877 208 78 215 blocking 671 221 183 231 jumping 648 434 104 165 waiting 613 575 74 232 moving 388 592 119 217 standing 380 386 70 184 standing 367 294 82 190 standing
57385.jpg l-pass 320 677 110 255 standing 270 553 127 115 falling 288 575 220 131 falling 476 453 138 149 standing 805 554 113 167 waiting 440 321 78 168 standing 1003 398 58 203 standing 980 458 72 225 standing 997 521 61 230 standing 1369 412 117 183 standing 1457 548 94 168 waiting 1635 469 72 214 standing
71605.jpg l-pass 1668 490 65 197 standing 1662 414 92 162 moving 1177 575 102 205 standing 1172 464 84 149 standing 1042 484 71 197 standing 1020 398 64 167 standing 876 403 74 156 standing 904 367 61 166 standing 628 537 111 234 setting 520 408 73 151 standing 361 625 110 155 digging 155 533 146 158 standing
63350.jpg r_spike 247 614 125 169 waiting 209 513 136 178 standing 439 411 81 134 waiting 798 566 108 190 moving 910 300 47 245 blocking 886 332 65 262 blocking 1054 292 117 150 spiking 1110 505 88 175 digging 983 568 65 223 standing 997 652 114 219 standing 1332 485 103 163 standing 1445 469 89 148 waiting
63290.jpg r-pass 1638 509 90 189 standing 1514 595 119 196 digging 1440 502 97 162 standing 1454 349 52 184 standing 1260 615 95 236 standing 979 497 84 167 standing 792 545 114 195 standing 848 496 91 189 standing 843 445 54 186 standing 600 490 56 184 standing 382 520 62 204 standing 234 599 81 191 standing
54800.jpg l-spike 1536 471 96 207 waiting 1367 351 121 180 moving 1328 558 121 215 digging 1126 559 84 229 standing 839 243 109 270 blocking 846 242 78 251 blocking 652 244 87 241 spiking 669 514 94 237 standing 573 465 105 161 waiting 459 590 87 252 standing 369 642 122 254 standing 246 367 69 217 standing
65835.jpg l-pass 1713 450 59 207 standing 1490 549 80 199 standing 1453 387 56 201 standing 1051 544 62 222 standing 1031 485 87 230 standing 1025 437 57 200 standing 709 597 144 224 standing 718 545 107 197 standing 786 423 68 145 moving 463 551 76 172 waiting 491 502 72 172 waiting 321 483 135 219 setting
73720.jpg r_set 277 566 88 205 standing 221 541 78 189 standing 167 500 100 194 standing 206 432 94 160 moving 626 469 64 185 standing 628 567 97 220 standing 857 383 73 175 standing 831 431 59 203 standing 1092 608 94 216 standing 1566 393 107 151 moving 1386 311 59 192 setting 1522 322 94 86 falling
59500.jpg l_set 1614 563 91 179 waiting 1614 444 84 197 digging 1434 377 57 185 standing 1037 530 71 211 standing 1009 381 82 262 blocking 987 376 114 160 standing 764 384 74 232 setting 704 359 101 237 standing 574 300 114 148 moving 432 330 69 154 standing 431 505 92 191 standing 420 700 164 248 moving
70145.jpg l_set 398 718 161 179 moving 437 547 55 196 standing 394 438 125 167 moving 578 372 93 150 moving 728 462 82 228 setting 827 368 86 226 standing 1108 571 78 202 standing 1089 441 85 225 blocking 1094 418 62 193 standing 1533 424 60 175 standing 1619 559 89 225 standing 1671 481 84 203 standing
56775.jpg r_spike 1616 631 185 197 moving 1607 433 125 220 standing 1463 334 168 178 moving 1300 508 189 161 standing 1080 470 156 254 spiking 1310 688 177 239 standing 936 605 78 250 standing 929 460 79 297 blocking 863 443 130 178 standing 491 416 136 151 standing 401 649 120 198 standing 229 550 149 188 waiting
60720.jpg l-pass 325 381 114 187 standing 249 467 63 190 standing 406 575 82 221 standing 764 527 119 182 standing 420 677 84 224 moving 155 557 91 201 digging 1011 483 54 202 standing 1351 385 71 179 standing 992 439 68 197 standing 1017 394 56 156 standing 1639 402 85 160 moving 1621 583 99 162 waiting
71885.jpg l-pass 203 645 104 165 waiting 212 496 84 186 standing 254 448 114 153 standing 577 518 139 162 digging 844 561 76 203 standing 817 655 114 204 moving 995 568 90 199 standing 1001 502 63 216 standing 995 403 62 183 standing 1120 531 94 197 standing 1292 577 105 192 standing 1386 455 140 161 standing
68645.jpg r-pass 1577 361 77 202 standing 1508 455 97 191 standing 1100 366 123 172 digging 916 665 142 239 standing 982 580 112 254 standing 955 558 115 215 standing 729 452 64 215 standing 613 381 72 200 standing 489 676 87 222 moving 412 529 82 217 moving 528 572 109 219 standing
73800.jpg l-pass 253 537 143 103 falling 423 510 194 114 falling 496 418 81 145 moving 527 568 144 187 standing 649 628 85 201 moving 834 510 91 203 standing 1008 403 65 197 standing 1021 483 57 246 standing 1019 535 59 220 standing 1374 545 106 216 standing 1533 411 74 181 standing 1718 440 100 186 waiting
56115.jpg r_spike 1684 540 75 217 standing 1268 324 106 191 moving 1177 408 137 207 spiking 1106 432 97 193 standing 1122 607 112 240 standing 1016 480 120 239 jumping 874 638 99 195 standing 907 474 63 250 blocking 877 413 82 164 standing 420 428 139 144 waiting 325 611 119 193 waiting 254 515 130 194 waiting
65790.jpg r_spike 83 475 80 203 standing 668 396 75 147 standing 374 681 89 192 waiting 968 464 65 282 blocking 970 457 59 236 blocking 971 422 58 228 blocking 1041 540 97 187 standing 1098 438 67 179 digging 1131 472 87 287 spiking 1321 565 82 192 standing 1439 412 61 169 standing 1715 400 85 186 standing
73790.jpg l-pass 1753 409 92 193 standing 1584 391 66 174 standing 1315 528 133 215 standing 1016 546 71 214 standing 1034 489 47 215 standing 1019 412 64 196 standing 800 610 142 195 moving 862 521 70 207 standing 587 438 70 164 standing 446 575 146 187 standing 239 545 162 95 falling 306 573 221 97 falling
65960.jpg r-pass 128 392 65 175 standing 554 552 87 220 standing 553 490 65 206 standing 585 445 65 196 standing 881 520 79 236 standing 838 337 63 142 standing 1148 345 66 173 standing 1162 481 107 185 standing 1619 423 89 188 digging 1009 714 88 258 standing
68535.jpg l-pass 973 485 92 231 standing 587 604 110 253 standing 522 522 105 234 moving 207 549 107 178 falling 252 402 97 189 standing 284 334 87 168 standing 1131 473 63 248 standing 1105 377 92 273 blocking 1130 383 87 214 standing 1499 356 92 220 standing 1822 569 97 198 waiting 1690 372 140 207 moving
60760.jpg l_set 370 499 170 153 moving 575 699 125 207 moving 611 345 69 145 moving 691 392 86 264 jumping 993 534 62 184 standing 978 459 60 202 blocking 972 401 87 142 standing 1568 577 80 175 waiting 1437 426 65 154 waiting 1648 470 68 187 waiting 473 432 62 164 standing 873 436 77 226 setting
71970.jpg l-spike 1685 643 87 187 waiting 1663 464 74 166 digging 1303 420 86 153 waiting 946 466 82 267 blocking 970 448 80 270 blocking 957 439 64 245 blocking 754 561 100 194 waiting 686 477 70 261 spiking 705 531 71 172 standing 691 435 84 171 standing 376 597 71 212 standing 353 514 107 153 waiting
71710.jpg r-pass 356 630 96 222 standing 282 538 62 186 standing 718 457 53 168 standing 819 426 77 165 standing 739 582 98 171 waiting 773 511 70 176 standing 983 500 111 187 standing 1261 445 61 153 waiting 958 400 72 188 standing 930 376 42 194 blocking 1629 476 74 177 waiting 1494 623 112 151 digging
73630.jpg l-spike 279 436 120 173 standing 533 501 91 158 standing 608 421 73 161 waiting 736 446 112 173 waiting 642 594 95 189 standing 647 257 116 174 spiking 930 293 68 245 standing 939 316 63 220 standing 916 272 78 271 blocking 1566 614 88 193 waiting 1764 500 86 197 waiting 1483 377 67 173 standing
71580.jpg r_spike 1186 476 105 158 moving 1462 425 82 179 moving 1584 551 105 191 moving 1141 648 114 242 moving 938 470 113 238 jumping 977 282 95 145 spiking 702 604 138 200 standing 844 419 62 186 standing 852 317 50 237 blocking 401 404 79 146 waiting 283 613 102 205 waiting 154 516 91 174 waiting
59470.jpg l-pass 634 371 107 158 standing 396 646 104 256 moving 346 494 80 205 standing 408 333 103 207 setting 536 293 72 170 standing 890 477 72 215 standing 1079 502 63 225 standing 1059 440 70 213 standing 1077 377 70 182 standing 1425 424 105 172 standing 1626 527 99 166 waiting 1681 432 78 212 standing
71695.jpg l-spike 1281 432 143 160 moving 983 489 95 192 waiting 957 347 48 245 blocking 1658 477 80 183 waiting 1587 616 97 177 waiting 720 306 117 187 spiking 780 495 105 179 waiting 688 468 72 150 waiting 688 617 73 192 standing 313 582 80 199 standing 372 644 100 239 standing
56735.jpg r-pass 1323 556 130 241 standing 1025 452 95 186 standing 1577 569 113 132 digging 1652 602 76 237 standing 1791 435 81 228 standing 1855 369 61 216 standing 587 429 63 200 standing 176 543 91 218 standing 243 494 106 230 standing 834 545 82 220 standing 888 440 101 273 blocking 879 432 67 126 standing
71520.jpg r-pass 1144 576 167 197 standing 1046 482 114 150 waiting 1138 359 73 167 standing 1561 603 86 186 digging 1476 589 106 120 falling 1507 468 85 156 waiting 189 545 106 184 standing 410 485 84 200 standing 523 486 58 189 standing 710 528 64 202 standing 750 459 68 225 standing 768 447 67 174 standing
70105.jpg l-pass 1680 496 149 209 moving 1573 482 73 204 standing 1484 458 79 194 standing 1152 521 65 217 standing 1123 486 81 205 standing 1120 416 67 193 standing 947 490 75 178 standing 685 365 86 154 standing 598 640 94 215 standing 303 549 78 189 standing 396 471 87 178 digging 360 418 73 176 standing
71835.jpg r_set 211 504 87 173 waiting 367 600 86 214 standing 522 395 65 159 standing 867 537 72 184 waiting 858 399 96 155 waiting 873 455 91 212 standing 1073 512 65 207 standing 1062 518 94 127 falling 1176 350 93 140 moving 1311 432 86 232 setting 1483 532 59 195 standing 1252 756 127 244 moving
65740.jpg r_set 1678 550 145 128 moving 1507 335 78 191 setting 1426 326 71 163 standing 1119 315 74 127 moving 1000 390 47 193 standing 778 547 96 188 waiting 794 435 63 147 standing 776 494 77 168 waiting 312 624 103 199 standing 443 413 65 162 standing 178 463 74 207 standing 1193 641 79 255 moving
71655.jpg l_set 63 681 136 206 moving 436 599 89 242 digging 454 472 65 172 standing 470 329 81 159 moving 813 466 70 195 standing 987 463 59 193 standing 1009 494 60 212 standing 1019 551 61 207 standing 1453 401 67 173 standing 1673 456 66 209 standing 1619 570 101 197 standing 423 774 136 233 moving
63500.jpg r-pass 1632 690 119 135 falling 1252 447 122 154 standing 1132 401 93 172 standing 687 373 85 189 standing 762 566 57 198 standing 968 655 65 242 standing 921 632 150 195 digging 740 496 81 184 standing 147 525 93 192 standing 346 552 136 189 standing 1527 493 77 175 moving 478 614 86 193 standing
61365.jpg r-pass 957 450 91 162 standing 1138 342 75 196 standing 1243 406 90 169 standing 1445 609 132 183 digging 1558 532 73 179 waiting 1529 425 70 177 standing 816 528 76 197 standing 759 434 62 202 standing 804 452 84 196 blocking 451 523 73 189 standing 326 494 63 201 standing 46 456 120 177 standing
71865.jpg r_spike 1470 481 104 179 standing 1324 570 76 182 waiting 1057 499 112 300 spiking 1119 523 90 205 standing 1018 492 77 199 standing 1012 368 75 177 standing 736 442 67 154 moving 903 486 52 265 blocking 856 465 90 267 blocking 361 422 90 144 standing 146 629 135 197 moving 149 507 112 189 waiting
59525.jpg l-spike 1448 367 82 153 digging 1626 576 141 186 standing 1613 452 110 176 waiting 1087 566 97 204 standing 956 289 71 255 blocking 946 242 74 244 blocking 738 229 120 172 spiking 788 433 80 212 standing 707 631 100 224 standing 603 491 95 207 moving 524 345 109 160 moving 406 497 100 162 moving
63460.jpg l-spike 1268 447 106 132 digging 956 417 92 160 waiting 887 520 56 282 blocking 870 463 67 257 blocking 1580 484 109 170 waiting 1559 662 101 174 waiting 254 504 112 174 standing 463 604 85 186 waiting 546 513 108 196 standing 619 337 57 172 standing 601 547 149 227 spiking 660 512 105 163 standing
53980.jpg l_set 1330 349 95 198 standing 1652 547 72 198 standing 1519 437 97 199 standing 1028 587 75 214 standing 1016 467 85 164 standing 1017 416 83 99 standing 901 501 81 215 standing 704 432 79 228 setting 134 666 182 195 moving 410 466 88 168 standing 466 376 93 189 standing 516 326 76 119 moving
57410.jpg l_set 1559 477 80 199 standing 1411 542 80 190 standing 1356 418 79 173 standing 963 440 69 256 jumping 952 464 86 220 standing 949 394 83 107 standing 683 446 114 183 standing 469 574 168 108 falling 536 329 102 157 moving 246 492 147 182 falling 388 714 126 232 moving 811 422 132 249 spiking
71800.jpg r-pass 1486 527 56 185 standing 1246 606 105 208 moving 1036 665 121 217 standing 974 511 56 188 standing 1028 399 122 152 standing 1024 516 103 95 falling 216 593 86 210 standing 103 494 105 192 standing 338 427 73 139 waiting 782 424 98 160 standing 872 522 54 189 standing 874 471 74 161 standing
57425.jpg l-pass 1559 482 83 198 waiting 1348 550 54 211 standing 1289 412 139 198 standing 959 516 81 198 standing 989 462 77 217 standing 954 387 69 217 standing 812 541 106 178 standing 743 459 103 191 standing 692 354 88 168 standing 489 486 130 215 falling 523 680 109 231 standing 284 497 125 188 standing
66075.jpg l_set 458 647 147 207 moving 309 551 114 165 moving 329 464 114 165 standing 462 372 112 136 moving 708 499 92 174 standing 807 473 87 237 setting 922 401 66 190 standing 922 447 63 247 blocking 924 537 84 214 standing 1261 403 104 156 standing 1492 555 92 203 standing 1622 491 80 173 waiting
68680.jpg r_set 1358 358 82 246 setting 1588 309 117 183 moving 1314 778 126 266 moving 1199 574 112 260 moving 1166 454 91 225 standing 1163 347 72 181 standing 840 553 95 206 waiting 833 434 110 205 standing 822 393 119 207 standing 505 379 81 184 standing 235 601 155 223 moving
56765.jpg r_set 204 559 145 178 waiting 415 657 122 182 waiting 572 391 100 182 standing 889 428 114 162 standing 906 511 78 181 standing 894 606 119 238 standing 1157 578 104 220 standing 1222 401 76 218 setting 1565 330 138 190 moving 1679 445 128 192 moving 1676 552 98 228 standing 1485 715 102 244 standing
66100.jpg l-spike 464 446 71 176 standing 666 369 91 229 spiking 712 341 69 180 standing 890 370 82 218 blocking 884 366 69 280 blocking 823 501 56 173 standing 772 556 97 197 standing 699 619 111 235 standing 925 555 92 228 standing 1245 410 128 159 standing 1458 614 78 179 waiting 1582 457 75 163 waiting
54010.jpg l-spike 388 538 101 215 standing 458 415 86 172 standing 660 494 73 194 standing 627 530 90 253 spiking 787 528 140 180 standing 752 373 77 158 moving 982 454 78 248 blocking 978 462 85 291 blocking 1176 450 118 127 digging 1414 406 131 162 waiting 1667 441 89 178 waiting 1724 576 86 174 waiting
73760.jpg r_spike 126 585 112 172 moving 227 477 98 172 waiting 258 662 96 187 waiting 705 449 112 154 waiting 857 425 87 297 blocking 907 475 57 269 blocking 1005 430 72 160 standing 1031 506 78 205 standing 1073 450 109 294 spiking 1382 499 95 198 standing 1669 378 77 157 standing 1788 319 70 169 standing
63375.jpg l_set 1577 469 57 170 standing 1379 460 92 163 moving 1153 465 86 181 standing 1034 616 80 240 standing 1023 488 65 212 standing 1003 395 62 180 standing 759 477 139 203 setting 930 354 57 177 standing 883 395 70 155 moving 448 411 84 128 standing 292 605 133 166 moving 107 528 97 188 moving
54875.jpg r_spike 103 473 121 217 waiting 191 620 108 227 waiting 488 426 100 165 standing 883 359 67 232 blocking 852 459 107 198 standing 789 584 114 236 standing 999 269 116 286 spiking 1074 626 173 109 falling 1111 678 136 239 standing 1294 454 115 204 standing 1343 321 151 173 moving 1610 431 82 244 standing
63470.jpg r-pass 147 512 113 175 standing 513 539 87 186 waiting 627 534 130 177 waiting 487 625 73 179 waiting 644 352 59 178 standing 741 610 94 211 jumping 858 491 151 272 blocking 877 510 68 263 blocking 1003 417 132 178 standing 1274 454 105 126 waiting 1532 657 100 185 digging 1653 520 95 156 digging
64860.jpg r_spike 351 607 88 210 standing 399 514 92 182 standing 392 469 77 170 standing 555 403 121 152 standing 908 413 45 250 blocking 919 484 58 251 blocking 1014 448 124 238 spiking 1124 357 77 158 moving 1197 463 122 198 standing 1306 532 83 181 standing 1520 361 62 193 standing 1644 460 81 189 standing
63430.jpg l_set 233 647 172 175 moving 320 486 107 159 moving 429 439 73 159 standing 580 476 69 233 setting 566 330 100 142 standing 709 483 89 172 standing 934 402 98 175 standing 955 471 73 214 standing 959 553 73 218 standing 1409 420 61 161 standing 1592 472 117 185 standing 1672 573 76 208 standing
54860.jpg r_set 161 592 98 234 standing 111 451 112 230 standing 483 403 90 178 standing 780 380 60 197 standing 809 461 101 254 blocking 787 568 103 214 standing 1004 461 82 208 setting 1046 403 86 191 standing 1405 309 140 190 moving 1446 506 173 190 moving 1601 418 85 234 standing 1295 737 91 250 standing
71775.jpg r_spike 143 529 120 172 waiting 248 630 110 204 digging 421 427 96 137 digging 852 495 73 280 blocking 875 401 62 290 blocking 861 427 77 160 standing 998 431 106 173 standing 1028 367 61 177 standing 1158 394 98 221 spiking 1025 645 89 235 standing 1085 609 87 200 standing 1492 604 117 202 moving
65805.jpg l-pass 110 519 118 172 waiting 691 464 84 147 moving 909 535 123 232 setting 956 543 77 202 standing 974 544 59 243 blocking 396 646 200 162 moving 1065 445 57 157 standing 1045 543 94 185 digging 1070 568 67 210 standing 1299 579 78 174 waiting 1399 407 83 184 standing 1715 433 73 199 standing
70175.jpg l-spike 1528 490 96 196 waiting 1417 397 80 158 waiting 1404 585 105 204 waiting 1102 600 82 206 standing 912 286 93 271 blocking 904 290 79 211 blocking 715 264 104 206 spiking 811 460 78 191 standing 705 623 97 217 standing 373 602 96 202 standing 291 527 91 157 standing 439 430 84 180 waiting
54720.jpg l-pass 1523 495 79 232 standing 1478 390 78 234 standing 1734 450 104 224 standing 1062 490 85 219 standing 1033 454 77 188 standing 1033 406 70 207 standing 786 551 134 220 standing 565 359 122 185 standing 246 493 111 168 falling 117 567 103 193 digging 189 425 93 170 digging
68750.jpg l-pass 1449 350 88 176 standing 1762 445 103 194 standing 1258 515 128 225 standing 1219 440 72 232 standing 1207 395 68 212 standing 1108 320 59 154 standing 1033 339 87 162 standing 932 276 156 180 moving 976 533 62 168 moving 652 650 172 127 digging 375 446 186 193 moving 540 365 81 167 standing
53915.jpg r_spike 893 481 68 284 blocking 1232 330 92 178 moving 267 641 136 182 waiting 242 491 109 173 waiting 400 417 120 152 digging 802 417 86 142 moving 1642 579 98 165 waiting 1054 530 124 230 spiking 1013 478 110 225 jumping 1094 412 80 164 standing 1157 437 115 200 standing
49125.jpg l_winpoint 318 541 96 215 standing 765 510 88 246 standing 663 498 115 217 standing 634 471 66 219 standing 716 473 80 205 standing 747 381 83 195 standing 1124 620 101 250 standing 1120 573 80 254 standing 1202 326 96 209 standing 1423 461 76 215 standing 1731 442 90 223 standing 1763 555 82 245 standing
50430.jpg r_winpoint 904 502 76 201 standing 612 405 72 184 standing 242 420 117 172 standing 226 514 72 174 standing 167 545 94 199 standing 97 626 105 219 standing 1096 501 126 203 standing 1440 462 76 220 standing 1249 436 88 207 standing 1169 445 82 166 standing 1066 456 107 205 standing 1557 483 90 190 standing
49740.jpg r_winpoint 382 583 65 200 standing 352 471 100 194 standing 506 446 69 173 standing 745 414 69 182 standing 800 511 96 191 standing 823 459 55 195 standing 1267 434 135 217 standing 1188 437 109 167 standing 1465 473 76 197 standing 1402 363 79 200 standing 1513 415 65 152 standing
45765.jpg r_winpoint 444 541 67 191 standing 641 443 95 194 standing 755 606 85 226 standing 889 726 100 246 standing 207 553 109 205 standing 291 676 72 233 standing 1481 742 98 124 falling 1430 495 78 198 standing 1252 536 196 203 standing 1002 542 112 187 moving 1112 551 125 205 standing 1083 580 112 230 standing
46380.jpg l_winpoint 279 545 121 221 standing 467 604 125 231 standing 588 571 143 215 standing 404 532 92 188 standing 412 467 72 209 standing 496 522 107 182 standing 1088 403 99 204 standing 1173 452 78 201 standing 1203 523 117 204 standing 1463 443 76 189 standing 1717 497 74 197 standing 1717 443 109 189 standing
45045.jpg r_winpoint 422 475 85 166 standing 480 485 99 197 standing 621 633 68 222 standing 659 453 78 197 standing 805 582 76 235 standing 809 484 67 193 standing 1050 384 81 195 standing 1095 427 76 202 standing 1101 452 108 207 standing 1261 447 109 180 standing 1434 498 63 194 standing 1415 460 134 188 standing
41070.jpg r_winpoint 1336 454 69 200 standing 1245 452 87 227 standing 1173 446 128 201 standing 1132 459 123 246 standing 1074 446 107 221 standing 1015 426 105 201 standing 786 423 63 185 standing 662 476 75 207 standing 630 644 115 221 standing 541 518 86 194 standing 487 563 79 192 standing 355 472 77 195 standing
51675.jpg r_winpoint 177 450 69 205 standing 407 634 90 216 standing 483 465 77 183 standing 603 358 105 179 standing 789 595 85 231 standing 910 621 84 225 standing 1025 625 91 245 standing 1080 590 89 217 standing 1266 524 93 202 standing 1066 485 157 210 standing 1155 410 84 218 standing 1580 525 58 193 standing
43860.jpg l_winpoint 1499 473 110 221 standing 1387 536 94 202 standing 1371 434 93 226 standing 1136 450 80 213 standing 1011 418 69 211 standing 1044 707 108 259 standing 687 520 142 219 standing 596 544 130 241 standing 534 395 123 230 standing 352 407 167 208 standing 386 531 98 217 standing 286 440 105 201 standing
44445.jpg r_winpoint 107 485 68 210 standing 299 474 95 191 standing 591 509 67 208 standing 640 506 104 211 standing 724 388 74 185 standing 866 513 80 212 standing 1380 508 111 223 standing 1392 456 69 214 standing 1431 462 49 192 standing 1475 462 63 199 standing 1508 477 60 207 standing 1774 516 87 188 standing
