75440.jpg l-spike 984 432 68 132 standing 840 466 74 121 waiting 851 357 45 116 digging 681 462 59 135 standing 543 303 37 185 blocking 545 274 32 182 blocking 452 440 62 147 standing 430 403 60 150 standing 388 484 59 163 moving 405 244 59 155 spiking 209 427 73 129 standing 120 386 85 136 moving
70315.jpg r_set 985 403 63 129 standing 1014 338 90 112 moving 782 415 55 154 setting 735 562 79 145 standing 653 384 39 143 standing 592 420 35 154 standing 437 466 53 122 waiting 471 415 42 141 standing 476 392 45 132 standing 248 456 61 154 standing 193 388 62 107 waiting 57 423 49 144 standing
39110.jpg l-pass 488 427 103 69 falling 335 502 72 127 waiting 273 405 58 110 waiting 721 454 30 175 blocking 726 431 31 138 standing 948 569 55 139 moving 1062 442 73 126 standing 976 476 39 139 standing 779 493 61 139 standing 831 485 79 113 digging 837 405 91 121 standing
24915.jpg l-pass 410 437 62 122 waiting 530 460 71 126 waiting 513 399 52 101 falling 654 472 94 107 waiting 837 377 47 109 jumping 839 331 43 97 jumping 937 383 65 67 moving 902 454 50 148 standing 931 483 79 150 standing 982 472 47 129 standing 1207 431 54 118 waiting 963 404 47 103 waiting
24900.jpg r_spike 1027 416 71 107 waiting 817 408 57 107 standing 731 460 41 144 standing 794 493 49 150 standing 790 463 37 137 standing 575 459 45 128 standing 678 363 37 169 blocking 681 296 35 168 blocking 361 474 87 116 waiting 261 433 49 134 standing 338 398 70 98 digging 795 303 51 112 spiking
24950.jpg l_set 443 389 32 143 standing 510 376 47 118 standing 557 382 47 143 setting 595 505 67 143 moving 825 375 32 137 standing 751 323 48 90 moving 929 451 54 126 standing 928 408 35 116 standing 935 369 52 109 standing 1109 419 56 141 standing 1140 402 62 122 standing 1207 480 64 126 waiting
26255.jpg r-pass 962 331 38 128 standing 876 395 41 88 standing 895 437 60 86 standing 886 491 72 97 digging 684 472 83 127 standing 513 430 49 127 standing 343 407 44 136 standing 363 422 55 142 standing 355 447 60 142 standing 149 416 51 133 standing 127 400 38 122 standing
70420.jpg r_spike 368 492 102 141 moving 532 414 94 96 moving 320 429 75 111 waiting 477 402 69 110 standing 712 406 61 172 blocking 1067 342 71 137 standing 979 458 43 142 standing 1040 426 52 131 standing 768 450 55 148 spiking 787 392 52 110 standing 811 450 40 139 standing
64460.jpg l_set 307 474 70 149 standing 390 414 58 133 standing 430 361 42 140 standing 593 353 56 156 setting 559 435 51 154 standing 471 540 81 151 moving 845 424 46 149 standing 794 408 56 151 standing 795 385 44 111 standing 1067 368 67 130 standing 1157 476 83 149 standing 1250 437 30 133 standing
75620.jpg r-pass 230 446 49 120 standing 306 456 58 130 standing 454 511 86 133 standing 449 446 58 131 standing 429 400 52 105 standing 457 385 63 114 standing 562 369 79 145 blocking 923 486 55 114 digging 869 375 51 131 standing 1037 399 38 123 digging
25010.jpg l-pass 1087 414 91 121 standing 919 483 98 112 standing 931 363 60 128 standing 730 388 105 119 moving 628 481 42 149 standing 613 488 49 125 standing 478 485 88 133 standing 511 443 63 139 standing 448 396 81 109 standing 391 434 58 133 digging 322 408 72 123 standing 238 481 58 140 standing
64340.jpg r-pass 800 452 55 131 standing 747 435 53 120 digging 759 358 46 120 standing 686 510 68 172 standing 562 446 86 158 standing 537 366 46 114 standing 303 441 33 162 standing 288 425 30 156 standing 243 415 57 151 standing 1 451 42 151 standing
39095.jpg r_spike 374 390 74 101 waiting 162 416 52 117 waiting 217 503 56 129 waiting 606 406 45 196 blocking 748 438 66 131 spiking 725 395 76 117 moving 852 480 74 117 waiting 967 426 84 131 standing 749 597 66 115 standing
41385.jpg r-pass 946 465 44 119 digging 875 450 59 88 digging 777 412 83 103 waiting 554 511 37 130 standing 560 468 75 124 standing 578 431 46 103 standing 356 535 62 133 standing 126 519 57 137 standing 373 428 62 107 standing 422 480 75 127 standing 418 435 41 139 standing
26285.jpg r_set 22 450 52 152 standing 88 448 60 112 waiting 132 384 61 102 standing 413 398 36 99 standing 424 392 52 152 blocking 415 462 51 141 standing 527 379 48 136 setting 560 456 67 129 standing 736 481 84 137 moving 858 424 64 98 moving 827 386 54 117 standing 845 342 93 114 moving
39155.jpg l-pass 357 403 47 133 standing 426 439 57 130 standing 457 404 52 128 digging 606 497 83 161 standing 733 434 42 142 standing 689 443 46 150 standing 883 458 49 139 standing 900 429 47 140 standing 914 393 54 115 standing 951 438 74 122 moving 1097 437 43 140 standing 1119 405 44 133 standing
64565.jpg r_set 104 381 49 138 standing 162 472 54 147 standing 737 561 85 152 moving 580 461 51 163 standing 636 319 51 117 standing 665 396 43 112 moving 893 405 49 124 standing 797 456 50 151 setting 448 479 45 141 standing 458 430 37 123 standing 447 404 68 144 standing
24990.jpg l-spike 213 465 69 147 moving 325 388 48 134 standing 414 408 42 117 standing 473 369 54 110 standing 486 409 59 160 spiking 530 465 53 110 waiting 609 385 69 178 blocking 758 389 84 112 standing 958 387 63 87 digging 985 489 76 123 standing 1091 418 72 111 waiting
75565.jpg l-pass 366 530 84 78 falling 550 446 60 145 standing 536 360 43 129 standing 670 485 115 139 digging 697 346 68 117 standing 774 372 54 147 standing 888 442 35 145 standing 886 380 47 127 standing 908 340 58 127 standing 1115 345 66 148 standing 1194 456 68 158 standing
26370.jpg l-spike 333 405 45 133 standing 406 436 81 121 standing 535 383 37 115 standing 563 428 57 138 standing 621 399 41 100 waiting 581 299 55 138 spiking 1123 420 74 117 standing 941 373 82 104 moving 993 455 75 129 moving 744 438 55 122 moving 689 308 39 165 blocking 700 294 37 151 blocking
41425.jpg r_set 164 424 41 132 standing 188 402 50 105 waiting 212 504 107 142 standing 499 478 43 135 standing 509 426 45 118 standing 502 407 55 90 standing 615 348 45 158 setting 602 462 46 128 standing 748 559 101 121 moving 887 463 43 137 standing 847 414 76 116 moving 883 373 101 97 moving
26455.jpg r-pass 968 454 63 148 setting 784 467 98 115 moving 831 366 55 120 standing 580 454 99 122 standing 635 421 61 125 moving 616 383 44 103 standing 465 452 66 130 standing 485 399 48 123 standing 372 359 41 122 moving 335 445 63 117 standing 286 414 41 111 standing 254 485 75 139 moving
39065.jpg r_set 883 408 82 123 standing 791 489 66 139 standing 748 429 51 123 standing 723 357 48 114 moving 685 433 54 144 standing 539 460 51 173 setting 391 462 43 154 standing 428 443 35 150 standing 422 410 52 123 standing 168 372 46 120 standing 78 463 46 142 standing 0 413 49 141 standing
41450.jpg r_spike 214 483 74 126 waiting 230 404 61 98 waiting 161 460 63 106 waiting 523 476 67 140 standing 705 517 49 133 moving 820 396 43 116 standing 666 427 49 135 standing 710 425 37 112 standing 995 437 58 123 standing 758 319 99 93 spiking 608 341 26 161 blocking 607 316 30 163 blocking
70265.jpg r-pass 911 482 71 117 waiting 940 450 65 120 waiting 876 393 71 95 digging 629 383 76 145 setting 518 442 69 151 jumping 534 423 74 159 jumping 422 479 73 133 moving 446 404 42 131 standing 383 345 55 131 standing 310 468 63 126 waiting 156 472 52 126 waiting 134 391 62 121 standing
41370.jpg l-spike 351 539 58 141 standing 560 398 46 117 standing 641 474 75 128 standing 638 455 48 113 standing 775 485 27 151 standing 769 439 46 179 blocking 794 445 52 123 standing 1191 480 54 120 waiting 1130 432 72 105 standing 1014 400 75 114 standing 450 429 58 179 spiking 32 394 71 119 moving
75610.jpg l-spike 261 441 73 128 moving 368 444 73 137 standing 448 320 50 167 spiking 487 377 58 126 standing 527 431 67 129 standing 521 504 67 161 standing 636 348 43 171 blocking 615 313 64 175 blocking 931 365 62 141 standing 1025 468 60 146 standing 1126 400 52 131 waiting
70415.jpg r_spike 552 408 80 107 digging 447 392 69 117 waiting 685 403 35 196 blocking 316 429 66 116 waiting 372 489 69 152 moving 747 403 55 200 spiking 783 437 58 155 jumping 745 401 49 140 standing 983 458 41 139 standing 1006 423 52 128 standing 1058 350 54 130 standing
26430.jpg l-spike 147 474 131 128 moving 255 434 90 101 moving 396 387 57 117 standing 393 346 52 107 moving 618 362 41 170 spiking 576 401 65 115 standing 681 363 33 191 blocking 705 404 54 137 standing 699 363 35 115 standing 879 377 58 105 waiting 998 476 54 134 waiting 912 455 46 126 standing
26325.jpg l-pass 575 399 70 104 digging 486 430 52 112 standing 490 471 74 140 moving 735 402 58 117 moving 811 437 43 152 standing 800 463 64 146 standing 931 387 51 131 standing 901 434 44 149 standing 928 494 60 151 standing 1128 435 71 120 standing 1024 467 61 132 standing 1063 344 57 122 standing
39230.jpg r_set 669 352 48 159 setting 859 361 55 103 moving 740 394 51 172 standing 861 515 69 133 standing 968 442 67 112 moving 1013 470 58 112 waiting 594 438 44 117 standing 578 395 42 127 standing 543 467 48 130 standing 334 478 65 133 standing 273 410 59 102 waiting 179 433 55 136 standing
75385.jpg l-pass 453 457 58 154 standing 425 407 53 107 digging 466 407 50 90 digging 557 308 55 143 standing 622 463 55 140 moving 649 366 89 120 standing 936 423 54 146 standing 918 394 26 155 standing 898 379 50 143 standing 1213 455 64 153 standing 1220 382 59 129 waiting
70250.jpg l-spike 1047 516 73 121 standing 1065 435 64 123 standing 1015 382 69 129 standing 720 388 75 118 standing 639 372 41 176 blocking 644 380 51 192 blocking 565 388 46 124 moving 503 334 49 124 standing 387 408 102 175 spiking 438 431 57 139 standing 341 378 50 112 standing 189 459 90 130 standing
26310.jpg l-pass 460 441 60 103 waiting 466 485 50 127 digging 794 417 45 180 standing 853 450 65 139 standing 889 402 47 116 standing 891 497 65 153 standing 994 467 57 136 standing 1036 344 72 117 standing 549 392 44 95 standing 1127 420 65 127 standing 743 420 66 110 standing
64370.jpg r_set 867 398 69 109 standing 811 437 68 107 standing 672 351 84 104 moving 542 419 57 123 standing 615 523 124 163 moving 461 326 51 152 setting 374 373 47 106 standing 369 411 43 142 standing 368 451 53 144 standing 61 473 79 148 standing 7 437 65 138 standing 11 384 48 138 standing
26295.jpg r_spike 649 427 66 116 jumping 641 365 97 162 spiking 750 501 96 144 moving 906 338 49 116 moving 935 401 55 113 standing 877 434 69 114 moving 576 401 34 172 blocking 543 404 37 99 standing 557 451 34 142 standing 278 385 75 99 standing 228 447 52 103 waiting 191 468 58 141 digging
26395.jpg l-pass 296 419 70 128 moving 262 411 53 114 waiting 451 350 30 100 moving 471 362 41 114 digging 480 422 72 133 standing 543 377 51 123 standing 624 355 63 118 standing 614 342 37 126 standing 640 428 95 112 standing 829 380 56 116 waiting 894 416 60 114 moving 1048 421 53 107 waiting
39195.jpg r-pass 926 403 58 117 standing 763 445 83 123 digging 746 361 73 105 moving 699 404 59 119 standing 741 489 64 142 standing 462 393 47 122 standing 385 399 37 129 standing 381 417 44 130 standing 352 466 60 147 standing 91 468 108 133 standing 69 421 61 138 standing
70220.jpg l_set 572 332 80 117 moving 683 318 54 162 setting 746 353 48 137 standing 348 486 82 133 moving 389 452 63 119 standing 445 426 52 137 standing 910 440 61 136 standing 922 388 49 139 standing 933 367 43 144 standing
41275.jpg l-pass 1052 451 44 125 standing 964 398 57 131 standing 832 401 41 133 standing 795 405 29 145 standing 800 435 37 134 standing 690 432 46 127 standing 518 401 49 120 standing 368 393 44 113 standing 287 434 66 119 standing 326 531 43 69 falling 71 496 66 144 standing
64400.jpg r_spike 279 429 65 110 digging 310 485 70 140 standing 423 363 65 110 standing 663 400 55 172 blocking 646 370 64 181 blocking 625 425 37 116 standing 735 421 76 158 spiking 834 447 56 138 standing 722 385 39 142 standing 775 356 45 146 standing 800 347 40 126 standing 1073 416 51 135 standing
25060.jpg l_set 212 414 59 157 standing 340 352 77 82 moving 318 537 92 151 moving 421 427 55 132 standing 440 344 37 162 setting 621 372 47 126 standing 721 367 51 132 standing 752 457 43 137 standing 1017 469 63 132 waiting 1077 407 49 135 standing 1054 368 44 121 standing 723 421 43 127 standing
75410.jpg l_set 648 382 55 168 setting 559 375 66 141 moving 459 318 54 102 moving 344 403 75 125 standing 248 367 77 128 standing 376 500 89 141 moving 787 444 40 139 standing 776 390 55 151 blocking 771 371 63 134 standing 1085 358 63 137 standing 1103 485 58 139 standing 1191 414 85 137 standing
24875.jpg r_set 860 421 88 102 moving 819 407 61 102 waiting 729 336 79 100 moving 618 376 48 159 setting 625 406 63 184 jumping 473 400 52 110 standing 493 438 40 139 standing 474 465 57 144 standing 202 418 71 86 waiting 188 477 52 141 standing 100 423 57 139 standing 780 505 57 141 standing
24835.jpg r-pass 796 423 60 77 falling 845 429 52 107 standing 626 466 64 148 standing 655 349 62 117 standing 852 464 57 133 standing 534 414 43 120 standing 335 444 30 152 standing 319 416 55 143 standing 307 409 29 136 standing 117 450 55 141 standing 91 407 40 134 standing
70170.jpg l-pass 368 378 48 125 digging 316 423 60 128 standing 294 463 60 130 standing 158 438 49 147 standing 648 458 85 139 standing 599 379 80 110 waiting 887 369 51 142 standing 865 400 38 142 standing 940 375 57 147 standing 1113 396 66 120 waiting
75465.jpg r-pass 671 420 42 110 digging 698 372 65 107 moving 812 432 53 129 standing 913 382 38 146 standing 468 342 41 113 standing 507 335 48 130 standing 406 350 44 107 moving 377 391 36 149 standing 353 464 66 152 standing 267 437 81 147 standing 201 375 55 131 standing 143 397 51 134 standing
64500.jpg l-spike 1099 481 97 137 moving 1131 392 64 115 standing 762 379 84 111 waiting 596 368 41 214 blocking 596 379 53 207 blocking 476 420 53 158 spiking 465 433 93 124 waiting 438 405 73 114 standing 350 478 61 141 standing 252 459 66 133 standing 165 418 76 139 standing
64425.jpg l-pass 303 443 93 113 standing 978 470 91 131 moving 574 348 66 117 standing 792 497 68 136 standing 759 486 54 150 standing 747 411 79 113 moving 924 463 54 158 standing 1180 454 74 131 standing 1017 371 69 133 standing 902 389 61 136 standing 914 356 38 128 standing 456 374 86 192 setting
70345.jpg r_spike 199 432 51 112 standing 279 480 69 140 moving 418 379 63 99 waiting 597 424 55 162 spiking 630 403 53 137 standing 660 432 47 126 standing 755 467 49 136 waiting 765 445 81 128 jumping 896 454 60 132 standing 826 407 63 129 standing 1016 415 60 139 standing 998 321 58 142 moving
75520.jpg r_spike 795 414 65 131 standing 706 320 49 156 spiking 662 322 52 114 standing 576 434 52 130 standing 588 383 49 124 standing 594 311 40 153 blocking 971 421 80 122 standing 997 355 68 122 standing 937 347 76 124 standing 379 363 52 119 standing 316 459 65 134 standing 205 420 69 127 waiting
41460.jpg r_spike 1136 428 56 114 standing 894 395 50 116 standing 831 495 71 109 standing 831 436 56 84 waiting 831 344 58 105 spiking 775 421 39 122 digging 694 317 77 143 spiking 551 477 88 118 standing 328 483 77 124 digging 336 401 43 101 digging 257 462 47 96 waiting
75505.jpg r_set 583 284 49 154 setting 699 342 57 132 standing 796 415 57 100 waiting 980 421 76 112 standing 953 347 48 140 standing 889 363 75 113 standing 494 436 46 148 standing 498 388 43 135 standing 508 356 44 125 standing 294 348 40 130 standing 238 446 58 148 standing 140 435 71 121 waiting
75535.jpg l-pass 1053 424 51 130 standing 1093 371 51 130 standing 1009 344 62 133 standing 864 426 37 137 standing 830 319 40 111 standing 776 355 46 127 standing 722 325 40 160 blocking 683 431 53 134 standing 510 361 50 120 standing 455 449 67 135 standing 330 421 42 114 digging
70395.jpg r_set 1020 378 107 107 moving 750 512 77 145 moving 937 461 49 127 standing 925 442 57 107 falling 699 441 60 145 standing 232 415 52 132 standing 345 465 59 137 standing 345 423 55 99 waiting 540 486 67 132 waiting 562 389 47 115 standing 600 356 40 193 blocking 669 384 51 165 setting
70400.jpg r_spike 682 412 71 145 setting 711 398 100 144 spiking 741 519 83 131 standing 941 441 54 94 waiting 959 459 61 130 standing 1024 372 116 105 moving 605 365 88 167 blocking 586 399 63 119 standing 576 485 80 142 standing 261 425 52 133 standing 370 408 65 127 standing 372 472 61 141 standing
26485.jpg r_set 686 487 75 132 standing 885 449 92 108 moving 821 366 74 104 moving 581 419 66 141 standing 622 367 39 130 setting 999 528 115 107 falling 315 455 65 136 standing 366 414 30 140 standing 31 473 74 156 standing 74 432 51 119 standing 47 385 43 116 standing 358 389 34 71 standing
24995.jpg l-spike 1070 422 78 110 digging 959 486 58 122 waiting 917 389 71 100 waiting 731 398 92 112 standing 570 408 57 157 blocking 548 380 102 162 blocking 456 444 101 141 spiking 372 418 62 123 standing 440 373 45 121 standing 471 461 68 129 waiting 289 388 46 132 standing 190 458 56 152 standing
70340.jpg r_spike 964 335 80 127 standing 1013 417 43 132 standing 872 450 70 130 standing 789 408 63 122 standing 757 455 79 150 spiking 726 472 41 130 standing 628 430 48 127 standing 604 413 43 127 standing 570 451 50 136 standing 401 377 56 117 standing 242 491 77 143 standing 104 428 96 117 moving
33375.jpg l_winpoint 711 444 85 99 falling 791 342 46 129 standing 952 380 39 137 standing 628 413 84 134 standing 544 375 45 135 standing 559 356 50 130 standing 251 415 84 146 standing 374 392 47 128 standing 372 368 76 135 standing 335 357 87 133 standing 289 378 46 134 standing 301 361 40 123 standing
48390.jpg r_winpoint 233 392 34 137 standing 364 471 61 126 standing 488 489 87 89 falling 519 499 67 168 standing 564 452 53 150 standing 606 478 101 43 falling 609 478 96 46 falling 694 410 65 142 standing 703 452 58 146 standing 742 406 59 119 standing 819 457 49 148 standing 860 429 86 122 moving 
39300.jpg r_winpoint 485 434 44 144 standing 511 389 43 124 standing 662 464 74 123 standing 694 474 69 135 standing 847 397 45 139 standing 867 368 49 119 standing 983 423 74 135 standing 978 397 95 137 standing 1049 459 55 142 standing 1037 417 72 130 standing 1139 404 44 141 standing 1244 469 34 137 standing
38460.jpg l_winpoint 182 416 42 151 standing 223 465 60 153 standing 260 447 74 137 standing 247 422 39 143 standing 277 386 57 132 standing 320 405 59 140 standing 481 414 31 139 standing 483 434 44 144 standing 521 374 50 129 standing 710 388 57 127 standing 803 404 42 133 standing 838 447 49 154 standing
33990.jpg l_winpoint 1140 448 81 145 standing 1133 419 46 140 standing 1092 411 47 132 standing 1038 527 60 166 standing 1039 522 45 157 standing 852 426 66 133 standing 837 400 70 145 standing 776 443 77 175 standing 661 389 67 144 standing 608 449 57 126 standing 557 415 72 145 standing
36750.jpg l_winpoint 671 399 41 129 standing 571 433 65 133 standing 589 371 35 114 standing 516 444 51 137 standing 472 380 42 135 standing 347 373 46 132 standing 97 400 95 160 standing 164 415 43 136 standing 132 398 64 141 standing 88 393 96 142 standing 99 418 37 127 standing
49545.jpg l_winpoint 1079 466 37 136 standing 997 405 47 122 standing 926 448 31 143 standing 888 455 52 143 standing 807 518 60 148 standing 812 360 51 126 standing 630 475 56 149 standing 622 418 75 133 standing 581 393 65 127 standing 512 456 64 121 standing 517 413 68 122 standing 446 417 38 144 standing
44070.jpg l_winpoint 241 447 112 128 standing 169 467 67 150 standing 178 439 81 139 standing 316 497 52 141 standing 347 469 63 145 standing 343 441 53 152 standing 823 439 45 136 standing 745 361 43 116 standing 752 461 57 125 standing 634 478 67 140 standing 704 435 55 131 standing 662 440 50 146 standing
52230.jpg l_winpoint 846 380 51 120 standing 625 356 60 128 standing 625 478 67 138 standing 380 437 65 135 standing 361 426 48 140 standing 368 410 76 132 standing 211 447 109 176 standing 230 410 57 134 standing 241 373 68 130 standing 169 352 53 150 standing 110 390 31 159 standing 66 415 61 167 standing
32835.jpg r_winpoint 701 336 53 122 standing 667 403 77 130 standing 646 361 73 133 standing 592 444 66 146 standing 527 405 71 152 standing 429 384 68 122 standing 176 426 64 140 standing 159 385 73 145 standing 179 376 69 133 standing
46485.jpg l_winpoint 796 427 74 132 moving 683 430 64 150 standing 578 419 60 136 standing 583 412 58 125 standing 609 392 47 129 standing 488 447 57 152 standing 1086 441 42 141 standing 1035 432 55 137 standing 1056 388 32 134 standing 1210 368 68 133 standing
49020.jpg l_winpoint 1082 478 80 144 standing 1175 394 58 137 standing 857 457 52 139 standing 883 380 33 126 standing 766 365 51 134 standing 755 364 37 128 standing 499 399 59 133 standing 454 370 68 135 standing 430 399 77 144 standing 428 379 53 132 standing 408 379 34 145 standing 422 408 42 126 standing
40695.jpg r_winpoint 652 392 46 129 standing 538 416 54 121 standing 447 417 58 125 standing 375 541 108 77 falling 734 461 52 138 standing 757 489 68 134 standing 1129 442 51 130 standing 1008 528 48 159 standing 960 446 64 133 standing 1013 440 67 133 standing 1047 480 60 148 standing 1078 405 45 125 standing
37290.jpg l_winpoint 685 382 24 126 standing 666 352 43 107 standing 628 427 50 137 standing 473 364 59 128 standing 408 366 40 123 standing 461 324 41 122 standing 6 424 74 144 standing 5 407 64 137 standing
