62725.jpg r_spike 950 403 60 146 standing 805 406 49 112 waiting 728 295 69 112 spiking 814 362 52 87 moving 767 447 44 170 moving 752 397 41 112 falling 590 299 26 117 blocking 590 373 49 132 blocking 275 361 50 96 waiting 245 446 106 117 standing 157 407 81 123 waiting 505 435 62 138 standing
52120.jpg r_spike 1172 422 71 144 standing 911 446 57 117 waiting 816 378 46 120 standing 737 309 49 135 spiking 691 385 46 130 standing 654 414 38 119 waiting 574 391 46 133 standing 593 313 48 172 blocking 447 443 65 150 standing 264 477 78 100 waiting 267 379 44 112 digging 169 414 55 137 standing
52615.jpg r-pass 804 391 85 129 moving 964 446 84 70 falling 729 410 100 157 digging 670 326 47 127 moving 607 307 47 109 standing 533 294 35 132 standing 416 392 48 174 standing 432 349 48 159 standing 336 347 49 135 standing 346 305 44 135 standing 192 308 64 136 standing 118 346 47 153 standing
25385.jpg l-pass 1025 455 42 102 standing 994 478 48 107 standing 861 409 50 102 standing 721 461 28 120 standing 719 444 26 116 standing 734 412 27 105 standing 536 505 45 99 moving 460 430 57 110 moving 307 514 60 85 moving 342 410 45 87 moving 248 442 70 119 standing 264 408 32 99 standing
83395.jpg r_spike 715 378 44 135 spiking 768 389 70 110 standing 839 487 81 154 moving 875 428 63 147 moving 911 385 33 121 moving 753 349 43 107 moving 557 453 44 130 standing 578 411 32 110 blocking 531 380 44 117 standing 258 370 65 106 standing 60 419 61 133 moving 277 464 61 144 standing
49990.jpg r-pass 1069 369 84 138 standing 983 433 65 144 standing 879 338 44 145 standing 727 380 58 103 digging 638 474 71 187 standing 671 476 102 172 standing 487 426 56 177 standing 484 377 47 161 standing 503 317 36 156 standing 313 410 71 147 standing 281 339 47 137 standing 191 413 70 142 standing
49795.jpg r-pass 976 349 77 178 setting 964 472 56 142 standing 825 355 85 115 standing 658 355 87 112 waiting 579 440 35 153 standing 555 431 33 140 standing 430 457 70 153 standing 420 421 39 157 standing 372 394 64 104 standing 410 343 44 111 standing 310 417 45 131 standing 176 408 78 126 waiting
52405.jpg r-pass 1067 356 60 140 standing 1003 462 60 140 digging 888 332 60 120 digging 742 323 80 130 standing 511 413 50 170 standing 384 415 100 113 waiting 365 338 80 110 standing 334 420 60 160 standing 303 421 50 130 waiting 245 365 100 120 standing 170 383 90 150 standing
50140.jpg l_set 1159 375 59 146 standing 965 462 65 119 waiting 948 343 53 119 standing 666 421 47 145 standing 660 382 45 145 standing 683 330 46 128 standing 385 421 63 160 standing 393 316 50 115 standing 313 425 51 158 standing 285 338 46 178 setting 161 493 97 197 moving 248 322 54 128 standing
83245.jpg r_spike 949 405 75 121 standing 882 441 56 153 standing 802 477 69 101 falling 751 367 104 212 spiking 803 418 38 89 waiting 735 381 57 94 moving 630 377 43 209 blocking 629 355 42 200 blocking 507 390 70 105 waiting 371 373 56 108 standing 253 451 69 143 standing 158 417 51 125 standing
51180.jpg r_set 1112 485 70 180 standing 1007 427 42 125 standing 902 335 37 103 standing 766 498 72 139 digging 770 423 54 122 standing 650 439 63 127 standing 489 413 48 149 standing 500 399 40 147 standing 484 375 40 132 standing 245 376 57 117 standing 102 488 79 124 waiting 50 418 46 145 standing
62750.jpg l-pass 1096 413 54 144 standing 931 389 47 117 standing 799 420 44 148 standing 839 363 60 144 standing 891 370 43 107 standing 560 416 67 137 standing 710 346 39 114 standing 707 330 42 126 standing 812 329 42 100 moving 310 431 71 82 falling 346 415 46 82 falling 350 440 58 116 standing
83415.jpg l-pass 142 466 81 109 falling 325 385 35 106 standing 343 474 60 128 standing 494 368 57 125 standing 601 444 65 164 standing 669 403 44 150 standing 751 404 65 153 standing 797 344 62 142 standing 813 475 69 182 standing 846 433 76 152 standing 886 401 82 113 standing 999 416 77 122 moving
52730.jpg l_set 1101 418 60 128 standing 967 369 55 110 standing 995 476 62 107 waiting 656 443 49 142 standing 650 384 35 137 blocking 661 342 29 103 standing 508 373 42 170 setting 480 358 43 147 standing 399 325 69 111 moving 299 372 86 132 moving 261 495 103 169 moving 186 424 69 117 moving
50065.jpg r_spike 95 392 82 109 waiting 434 360 49 113 moving 231 455 76 119 standing 608 371 58 205 blocking 764 413 72 168 spiking 592 378 78 186 blocking 904 472 62 141 digging 983 403 43 131 standing 927 372 66 125 standing 722 449 64 135 standing 796 393 84 123 standing
52010.jpg l_set 292 409 40 131 standing 374 384 72 113 standing 346 499 75 145 moving 461 365 40 88 moving 511 404 49 102 standing 553 374 37 151 setting 671 369 38 99 standing 666 388 38 119 blocking 670 462 48 137 standing 916 399 51 89 waiting 995 436 41 105 waiting 958 471 66 125 waiting
25500.jpg r_set 299 385 86 108 waiting 112 493 82 144 waiting 167 444 49 110 waiting 538 472 54 106 waiting 553 419 45 113 standing 553 393 29 71 standing 621 332 49 172 setting 683 397 52 172 setting 813 354 72 99 moving 890 397 58 128 standing 831 462 99 148 moving 840 530 114 162 moving
25525.jpg r_spike 713 472 60 162 moving 857 422 44 139 moving 824 373 44 123 standing 710 392 99 125 standing 676 416 58 110 standing 726 279 51 141 spiking 623 279 54 159 blocking 597 315 49 170 blocking 526 457 69 144 standing 220 463 100 133 waiting 292 360 66 116 digging 183 450 65 116 waiting
51285.jpg l-pass 179 515 51 162 standing 596 454 58 132 standing 285 361 49 127 standing 376 373 40 133 standing 357 317 48 124 standing 714 408 47 186 blocking 718 389 35 149 blocking 721 363 28 130 standing 195 438 95 123 digging 1019 481 67 132 waiting 1036 384 57 118 waiting 1167 422 51 130 waiting
62670.jpg r-pass 946 459 55 119 standing 880 463 79 88 falling 863 401 72 81 standing 833 463 62 149 standing 750 444 63 128 standing 662 379 42 100 standing 497 388 28 95 standing 499 380 41 144 blocking 483 433 37 139 blocking 299 415 65 109 standing 163 405 44 125 standing 94 371 98 88 moving
49895.jpg l-pass 1101 396 55 136 standing 1005 453 46 126 standing 715 414 35 145 standing 739 364 63 116 standing 705 372 38 151 blocking 574 435 64 133 standing 208 361 51 126 standing 463 375 67 124 moving 291 465 54 169 standing 467 328 52 115 standing 358 377 39 149 setting
49720.jpg l-pass 171 391 44 137 standing 345 469 88 166 standing 386 396 84 135 standing 399 391 43 109 standing 458 371 79 127 digging 459 441 69 124 standing 648 369 36 128 standing 631 397 42 138 standing 743 460 75 148 moving 837 443 58 114 standing 785 379 61 109 standing 991 407 54 120 standing
49655.jpg l_set 334 349 75 102 moving 298 514 76 173 moving 254 384 62 112 moving 249 437 50 150 standing 474 385 50 168 setting 498 419 50 120 standing 699 449 40 122 standing 692 393 42 142 standing 704 353 50 142 standing 1087 431 60 115 waiting 1006 479 55 127 digging 976 396 54 90 digging
83265.jpg l-pass 161 431 54 126 standing 386 414 46 93 standing 415 502 106 81 falling 491 416 89 79 digging 627 474 65 137 standing 724 444 44 158 standing 710 390 39 138 standing 756 399 58 135 standing 808 453 62 142 standing 818 443 50 119 standing 981 425 56 113 waiting
52600.jpg r-pass 174 346 37 147 standing 233 308 70 127 standing 412 393 49 168 standing 392 348 42 142 standing 385 338 29 112 standing 387 308 33 121 standing 972 353 51 106 digging 816 391 86 126 standing 745 415 63 141 standing 654 319 60 114 standing 537 315 57 119 standing 505 299 32 126 standing
52690.jpg l-pass 410 459 125 150 digging 597 425 65 142 standing 399 360 44 140 standing 398 307 48 125 standing 301 413 87 141 standing 272 364 54 147 standing 693 419 50 174 standing 702 377 39 145 standing 717 338 27 90 standing 942 361 62 130 standing 1020 457 69 138 standing 1152 409 60 135 digging
49620.jpg l-pass 938 464 44 118 standing 1036 435 52 121 standing 1061 385 40 95 moving 723 445 31 126 standing 711 400 31 141 blocking 731 398 21 93 standing 597 471 54 107 standing 361 451 47 129 moving 342 511 87 148 standing 328 388 63 108 digging 227 443 60 133 standing 260 406 44 102 standing
91315.jpg r-pass 945 441 57 120 standing 886 473 56 150 standing 889 409 61 110 digging 860 362 39 108 moving 711 427 76 130 standing 636 391 53 98 moving 469 445 57 129 standing 493 386 39 153 blocking 486 385 25 119 standing 171 438 58 106 waiting 322 413 50 115 standing
83215.jpg r_set 1005 459 65 150 standing 909 496 126 153 moving 850 439 89 130 moving 910 392 59 112 standing 843 414 75 106 moving 667 439 55 115 setting 541 400 29 105 standing 544 424 46 136 blocking 520 462 48 141 standing 262 394 56 103 standing 178 448 50 126 standing 138 421 63 131 standing
52490.jpg r_spike 1105 339 40 139 standing 960 402 62 131 standing 917 404 57 162 standing 925 357 52 110 standing 882 258 58 167 spiking 817 394 63 140 standing 683 267 54 198 blocking 528 405 74 155 standing 261 473 103 111 waiting 275 336 65 119 standing 62 396 64 141 standing
62790.jpg l_set 92 487 154 162 moving 226 422 62 82 falling 273 410 58 74 falling 524 313 50 192 setting 501 308 54 84 moving 600 345 72 123 jumping 771 414 56 158 standing 761 351 41 127 standing 801 325 58 123 standing 988 359 96 117 standing 1105 436 86 150 standing 1200 383 64 139 waiting
49665.jpg l-spike 1066 434 62 124 waiting 980 484 73 102 digging 957 392 62 104 waiting 663 471 50 135 moving 668 361 38 162 blocking 683 365 39 135 standing 467 346 93 136 spiking 409 349 61 116 moving 414 454 56 142 standing 363 502 87 161 standing 255 433 81 152 moving 322 393 50 125 standing
49955.jpg l-spike 288 461 91 122 waiting 353 408 99 175 spiking 329 388 60 86 standing 385 403 47 67 standing 436 409 52 168 standing 411 326 49 110 moving 561 358 70 211 blocking 644 341 68 120 standing 900 365 82 111 digging 1023 409 72 123 waiting 991 485 80 140 waiting
62820.jpg l-spike 1096 457 66 132 waiting 1034 366 65 99 waiting 939 355 65 94 waiting 710 354 56 103 standing 617 319 38 161 blocking 599 338 62 203 blocking 537 342 45 120 moving 404 307 46 130 standing 364 361 43 180 spiking 354 373 78 134 standing 193 369 53 119 moving 202 341 58 119 standing
52550.jpg l_set 1130 367 63 156 standing 961 435 55 144 standing 901 349 59 124 standing 661 335 30 133 standing 660 364 40 136 standing 660 421 53 178 standing 565 310 58 140 standing 554 327 61 143 standing 527 311 41 124 standing 511 362 55 142 setting 397 429 111 181 standing 105 371 82 146 standing
52455.jpg r_set 1110 349 62 148 standing 990 316 80 110 moving 903 338 72 142 standing 944 474 82 187 standing 808 428 86 101 digging 740 384 63 158 standing 536 334 46 141 standing 554 366 44 161 standing 543 413 55 176 standing 204 332 61 137 standing 182 446 61 151 standing 12 372 54 158 standing
50100.jpg l-pass 971 370 46 128 standing 932 464 60 130 standing 781 350 47 140 standing 741 510 63 167 moving 746 415 52 136 moving 591 395 65 156 moving 492 497 117 176 moving 475 455 50 155 standing 382 358 99 137 standing 347 425 60 171 setting 277 381 45 128 standing 1104 373 75 151 standing
52745.jpg l-spike 998 483 99 144 standing 1010 412 87 119 digging 877 368 83 108 moving 628 339 63 124 standing 583 401 39 147 moving 585 385 66 210 blocking 485 308 49 177 jumping 431 321 46 129 moving 399 434 43 133 standing 335 420 108 197 spiking 345 375 43 129 standing 234 429 68 138 standing
67625.jpg l-spike 533 351 74 161 spiking 575 390 41 120 moving 445 318 57 123 jumping 412 369 71 119 standing 635 351 60 164 blocking 681 382 46 106 waiting 948 469 82 145 standing 959 386 57 102 waiting 1030 423 65 106 standing 365 453 57 123 waiting 339 407 49 117 standing
83305.jpg l-pass 91 401 64 125 moving 328 385 50 135 standing 393 381 62 127 standing 375 493 92 119 falling 463 478 107 172 moving 661 435 49 154 standing 639 397 39 145 standing 636 377 45 135 standing 846 390 76 111 moving 498 472 58 107 falling 927 457 88 154 standing 983 406 58 137 moving
50175.jpg l-spike 1072 392 69 132 waiting 898 347 94 107 digging 991 481 72 136 waiting 747 328 86 120 standing 542 354 44 212 blocking 541 323 63 212 blocking 409 416 120 108 standing 363 335 54 111 moving 301 389 119 175 spiking 316 457 94 102 waiting 189 415 69 123 waiting 230 369 92 127 digging
52240.jpg r-pass 167 394 65 127 standing 217 438 44 130 standing 242 361 58 125 standing 433 425 49 162 standing 443 391 41 142 standing 420 362 41 139 standing 546 373 58 122 digging 542 352 57 127 standing 724 366 52 114 waiting 787 483 82 151 waiting 837 447 58 122 waiting 961 374 55 105 standing
25555.jpg l-pass 945 386 48 150 standing 902 363 43 123 standing 845 364 48 129 standing 738 415 48 145 standing 730 380 27 129 standing 751 370 43 102 standing 616 344 43 112 standing 647 339 53 102 standing 527 424 64 117 standing 393 408 150 59 falling 245 431 54 150 standing 291 409 42 107 standing
52050.jpg r-pass 850 444 98 107 falling 892 406 37 98 digging 772 362 40 105 standing 664 469 71 112 standing 529 330 34 141 blocking 534 353 55 115 standing 461 357 39 115 standing 481 393 35 125 standing 442 441 47 137 standing 351 380 40 110 waiting 319 420 53 113 standing 190 407 69 130 standing
67765.jpg l_set 1160 399 61 119 standing 1044 374 77 90 waiting 997 459 95 142 standing 729 356 52 107 standing 719 388 57 135 standing 742 434 51 125 standing 540 361 54 173 setting 449 433 89 145 moving 387 369 50 107 standing 408 314 49 92 moving 180 455 94 143 moving 147 396 90 118 moving
25615.jpg l-spike 159 460 103 155 moving 266 404 71 111 waiting 315 343 49 118 standing 345 378 49 118 standing 446 264 60 112 spiking 579 284 54 166 blocking 583 287 34 136 blocking 675 413 103 129 standing 836 333 59 122 standing 856 434 89 116 digging 1052 392 75 112 digging 498 365 59 108 standing
49860.jpg r-pass 87 375 60 143 standing 278 384 39 129 standing 473 429 96 148 moving 526 377 50 143 standing 544 354 41 135 standing 627 417 86 113 waiting 598 404 70 76 falling 707 440 54 152 moving 738 365 121 90 digging 900 434 54 139 standing 939 374 41 137 standing 263 437 58 148 standing
49675.jpg r-pass 1032 438 59 111 digging 916 380 50 110 digging 933 471 54 100 digging 613 334 63 191 blocking 626 382 99 105 standing 625 469 85 148 standing 448 379 78 153 jumping 434 333 60 120 standing 414 463 62 170 standing 339 399 75 107 standing 323 425 74 132 standing 324 439 63 144 standing
67725.jpg l-pass 113 408 77 157 digging 263 376 65 92 standing 263 435 57 149 standing 408 329 74 84 standing 408 396 86 140 standing 646 417 65 148 standing 762 347 50 78 standing 737 382 51 154 standing 761 412 57 155 standing 1037 455 95 166 standing 1019 369 56 89 standing 1000 432 62 157 standing
52350.jpg l_set 321 405 71 142 digging 284 340 68 127 standing 383 319 52 125 standing 534 394 39 179 standing 509 392 62 145 standing 148 503 109 197 standing 686 324 38 134 standing 676 375 54 170 standing 691 432 52 172 standing 968 338 79 126 standing 1078 452 59 153 standing 1180 385 57 153 standing
85085.jpg r_set 766 350 46 149 setting 900 498 92 167 moving 948 441 78 167 standing 912 405 46 132 standing 685 347 53 114 standing 586 369 50 127 standing 494 453 50 162 standing 494 413 49 137 standing 522 364 28 138 standing 323 432 46 142 standing 181 379 46 142 standing 218 386 51 112 standing
83455.jpg l_set 1008 397 48 100 waiting 1096 432 88 119 waiting 992 486 81 144 waiting 704 432 65 161 standing 697 422 46 140 standing 697 372 62 126 standing 591 376 70 188 setting 567 418 51 130 standing 291 361 63 128 standing 373 337 55 93 moving 133 412 119 119 digging 45 531 140 149 moving
62705.jpg r_set 829 472 120 145 moving 870 405 38 133 standing 817 355 38 117 standing 772 409 74 125 moving 752 363 55 105 moving 681 330 52 153 setting 465 431 49 120 standing 485 377 43 137 blocking 486 354 35 111 standing 185 438 52 119 standing 238 363 55 99 standing 57 397 52 125 standing
25465.jpg r-pass 587 385 46 127 standing 516 409 38 130 standing 508 396 35 110 standing 285 379 61 105 standing 394 507 52 134 moving 121 480 65 130 waiting 175 522 54 143 moving 794 508 75 146 standing 763 440 57 114 moving 819 445 49 119 standing 787 442 34 104 standing 772 372 47 91 standing
50030.jpg r_set 1044 377 74 142 standing 887 366 57 168 setting 967 447 56 141 standing 891 535 89 183 moving 726 429 63 148 standing 653 371 72 142 standing 504 382 37 142 standing 483 400 38 154 standing 485 424 58 164 standing 185 337 75 122 standing 70 471 89 144 standing
67705.jpg r_spike 106 399 66 152 waiting 199 450 72 158 standing 256 387 66 110 waiting 437 407 109 133 moving 418 353 63 129 standing 534 424 62 168 standing 666 375 57 158 standing 731 348 48 123 standing 714 431 59 174 standing 961 443 92 181 standing 879 392 55 147 standing 895 400 77 191 spiking
52515.jpg l-pass 1145 351 68 142 standing 987 409 54 126 standing 961 352 57 120 standing 832 399 41 159 standing 808 385 43 126 standing 828 354 24 137 standing 691 345 49 126 standing 718 324 29 134 standing 537 393 82 123 waiting 452 383 139 76 falling 383 420 101 140 moving 180 363 44 137 standing
83350.jpg r-pass 928 430 60 138 standing 879 394 64 102 moving 740 467 85 138 moving 654 431 81 136 standing 637 392 51 110 standing 605 301 43 165 setting 436 446 55 99 falling 480 439 40 142 standing 329 383 70 116 moving 264 458 68 139 standing 231 381 44 118 standing 158 403 60 124 standing
25590.jpg l_set 560 357 55 117 standing 444 323 53 157 setting 407 378 49 87 digging 291 380 70 127 standing 7 473 153 150 digging 468 315 33 116 moving 664 362 45 179 blocking 684 341 32 128 standing 666 362 43 154 blocking 889 345 48 129 standing 958 425 49 155 standing 1063 382 76 142 standing
83330.jpg l-spike 204 401 62 125 standing 299 388 42 124 standing 364 457 59 142 standing 454 456 97 152 standing 373 327 80 142 spiking 1004 416 60 110 standing 995 464 62 150 standing 825 400 84 85 moving 704 454 80 140 standing 632 424 47 135 standing 619 381 47 58 standing 462 476 72 68 falling
51315.jpg l_set 467 392 60 157 setting 422 393 42 111 standing 301 372 72 135 standing 361 337 62 112 moving 187 417 95 142 moving 176 518 118 162 moving 653 415 50 177 blocking 643 358 40 186 blocking 646 332 40 157 blocking 966 387 60 104 waiting 951 479 71 123 waiting 1086 422 62 120 waiting
85115.jpg r_spike 963 404 73 125 waiting 863 427 79 147 standing 823 394 66 105 waiting 750 360 77 199 spiking 668 407 75 130 waiting 773 340 55 119 waiting 591 357 45 212 blocking 592 335 49 206 blocking 446 353 71 123 standing 315 431 64 157 standing 290 354 70 117 waiting 47 391 75 136 standing
67645.jpg r-pass 685 534 216 62 falling 905 402 72 110 moving 810 375 80 98 moving 615 374 76 110 standing 545 391 48 147 standing 535 407 49 143 standing 488 408 41 149 standing 440 380 67 124 standing 421 322 45 127 standing 311 352 66 135 standing 288 434 62 130 standing 212 400 50 137 standing
49935.jpg l_set 455 354 49 165 setting 383 419 91 154 jumping 372 331 65 103 moving 338 363 46 131 standing 222 501 97 165 moving 239 428 82 125 standing 630 340 55 141 standing 617 406 44 120 standing 631 446 46 117 standing 1033 421 69 116 waiting 901 368 54 116 standing 944 469 63 114 waiting
51340.jpg l-spike 1050 424 67 118 digging 895 456 84 127 standing 914 380 64 116 digging 722 445 79 141 standing 598 289 42 185 blocking 512 381 41 131 standing 470 293 73 135 spiking 404 375 55 114 standing 410 459 54 175 standing 321 439 76 115 standing 229 415 59 147 standing
51935.jpg r-pass 853 489 63 96 digging 905 460 41 86 waiting 784 490 44 120 standing 850 400 35 91 standing 728 427 57 96 standing 630 415 52 88 standing 518 431 38 103 standing 504 415 38 89 standing 512 450 37 113 standing 281 470 34 105 standing 152 429 65 108 moving 170 452 34 113 standing
85030.jpg l-spike 905 437 62 100 digging 812 393 50 82 digging 758 472 86 116 waiting 645 463 59 113 standing 519 327 38 145 blocking 408 301 55 127 spiking 403 462 63 139 standing 312 434 61 137 moving 261 376 48 107 moving 182 437 48 101 moving 349 418 47 100 waiting
49755.jpg l_set 505 366 52 172 setting 454 355 52 94 moving 444 439 60 137 moving 417 384 48 122 standing 200 398 75 134 standing 708 357 51 133 standing 703 397 35 142 blocking 702 439 48 130 standing 1074 422 65 117 waiting 1008 469 54 123 waiting 958 385 65 94 digging 290 498 106 173 moving
52130.jpg l-pass 1141 413 79 139 standing 910 446 69 118 waiting 822 379 55 119 standing 708 364 75 113 standing 697 409 46 118 standing 671 403 40 136 standing 562 308 79 142 jumping 560 335 70 140 jumping 430 446 65 145 standing 265 431 69 149 digging 269 381 47 115 standing 172 422 54 132 standing
51975.jpg l-pass 902 451 47 92 waiting 870 462 59 130 standing 741 493 79 150 moving 709 373 61 105 moving 663 408 40 116 standing 587 427 67 111 moving 419 381 42 147 setting 386 466 55 120 moving 377 477 43 131 moving 303 406 62 112 standing 98 428 38 130 standing
52165.jpg l_set 1176 395 57 140 standing 1029 442 48 137 standing 1005 359 84 122 standing 807 344 68 115 standing 731 430 55 162 standing 736 398 41 142 standing 592 364 53 135 standing 548 320 37 114 standing 311 495 89 175 standing 347 307 50 160 setting 235 383 51 144 standing 186 428 61 144 standing
67610.jpg l_set 589 367 42 155 setting 700 419 55 113 standing 709 383 45 111 standing 713 448 45 120 standing 1003 407 52 87 waiting 1079 440 56 111 waiting 969 482 90 131 standing 479 435 104 117 moving 429 347 62 85 moving 322 388 77 102 moving 313 461 54 124 standing 247 414 67 114 moving
52030.jpg l-spike 981 414 46 100 waiting 882 462 111 117 waiting 877 379 61 99 digging 642 472 88 119 standing 631 316 34 142 blocking 627 342 29 153 blocking 536 369 58 130 jumping 503 312 75 108 spiking 423 384 48 108 standing 468 426 55 111 standing 469 452 43 156 standing 296 425 80 117 waiting
50190.jpg r-pass 1032 375 62 142 standing 933 465 61 138 digging 843 348 108 103 digging 734 331 82 113 standing 492 402 74 187 standing 335 436 61 153 standing 371 400 98 118 standing 329 333 75 126 standing 254 431 82 121 waiting 173 359 86 130 waiting 128 406 66 128 waiting
51225.jpg r-pass 209 421 64 131 standing 332 393 61 111 standing 317 474 91 131 moving 553 436 78 140 standing 574 397 41 72 standing 776 417 54 138 standing 810 448 82 150 standing 854 367 44 117 standing 939 420 93 132 digging 1139 446 44 152 standing 567 383 50 59 standing 760 403 64 117 moving
52205.jpg l-spike 1001 379 56 111 standing 875 443 69 124 waiting 772 446 84 139 standing 758 357 55 106 digging 556 289 45 151 blocking 457 411 79 98 waiting 410 430 53 145 standing 309 451 84 95 waiting 266 387 46 124 standing 324 355 46 115 standing 445 294 48 141 spiking
52580.jpg l-spike 1010 342 60 127 standing 829 415 93 127 standing 723 323 58 117 standing 670 416 96 145 standing 523 241 37 170 blocking 538 257 49 174 blocking 432 257 58 138 spiking 418 341 53 120 standing 337 340 56 137 standing 366 409 59 167 standing 293 311 72 122 standing 210 354 63 144 standing
51145.jpg r-pass 944 428 79 107 standing 914 421 55 166 setting 867 366 40 108 standing 749 410 56 116 standing 808 481 57 138 standing 607 393 64 104 standing 486 397 39 90 standing 504 408 50 127 standing 489 434 48 134 standing 198 458 42 126 standing 79 415 75 127 moving 58 441 37 140 standing
52280.jpg r_spike 1117 399 51 146 standing 898 378 72 204 spiking 916 449 101 123 standing 821 353 67 120 standing 771 411 86 133 standing 695 392 80 117 standing 614 358 46 192 blocking 596 384 51 195 blocking 440 379 72 117 standing 270 373 83 105 waiting 145 508 94 114 waiting 62 405 68 133 standing
85000.jpg l_set 528 392 49 156 setting 360 482 77 116 moving 380 377 41 84 moving 222 470 72 118 standing 185 441 74 112 moving 178 420 62 102 moving 675 408 44 86 standing 665 425 53 126 standing 697 473 39 114 standing 915 431 76 81 waiting 1044 459 53 105 standing 964 504 74 128 standing
49780.jpg l-spike 1056 423 61 120 waiting 1030 490 72 134 digging 925 380 66 103 waiting 670 362 87 105 standing 640 373 46 222 blocking 640 357 60 171 blocking 429 406 110 178 spiking 491 440 53 148 standing 407 436 51 115 waiting 445 397 52 112 standing 472 358 56 94 standing 266 426 77 115 waiting
52305.jpg l-pass 389 438 71 142 digging 466 405 79 123 standing 208 402 97 136 standing 343 359 44 130 standing 647 446 69 125 standing 631 461 85 136 moving 763 392 54 137 standing 807 361 65 123 standing 839 403 57 137 standing 849 458 110 148 moving 890 453 71 123 standing 1192 406 51 144 standing
52035.jpg l-spike 877 458 91 112 standing 670 469 60 113 standing 582 301 51 161 blocking 475 296 70 131 spiking 946 413 43 101 digging 835 375 52 105 digging 523 400 46 105 standing 446 457 76 156 standing 397 434 70 101 standing 411 382 40 87 standing 260 419 85 120 standing
67660.jpg r-pass 691 533 163 60 falling 850 447 75 113 waiting 744 408 62 97 digging 639 349 87 116 standing 557 431 62 133 standing 538 401 51 148 standing 462 335 42 135 standing 463 389 50 157 standing 398 378 65 144 standing 254 415 35 140 standing 250 362 36 142 standing 160 406 39 153 standing
49685.jpg r-pass 405 436 54 158 moving 260 416 48 140 standing 287 403 53 128 standing 312 383 53 107 standing 434 380 44 130 standing 416 331 44 78 standing 551 394 44 126 standing 624 360 54 111 standing 615 462 92 137 standing 850 461 88 104 falling 839 362 69 97 standing 967 391 75 133 standing
52390.jpg l-spike 1037 470 71 139 waiting 1118 380 64 136 standing 917 347 94 109 digging 770 333 72 115 standing 574 322 37 229 blocking 560 331 56 195 blocking 435 430 101 99 waiting 354 449 87 100 waiting 381 341 59 122 standing 300 369 107 115 standing 312 353 94 199 spiking 221 390 90 139 standing
41550.jpg l_winpoint 1085 478 79 73 falling 842 430 79 120 waiting 743 456 68 164 standing 682 470 59 187 standing 745 356 60 142 standing 698 366 55 150 standing 427 417 51 182 standing 286 386 74 193 standing 293 385 45 162 standing 331 366 61 156 standing 419 393 43 145 standing 401 365 51 150 standing
47805.jpg l_winpoint 828 458 70 122 standing 803 451 45 133 standing 790 394 38 106 standing 688 372 34 105 standing 556 382 41 66 standing 509 374 40 99 standing 401 417 55 122 standing 384 409 48 128 standing 386 392 44 113 standing 312 392 45 116 standing 274 428 49 116 standing 255 403 31 119 standing
32685.jpg r_winpoint 1132 431 102 172 standing 1060 362 82 182 standing 931 335 109 174 standing 797 325 96 180 standing 852 460 80 201 standing 719 451 87 202 standing 450 494 82 222 standing 447 367 47 171 standing 425 325 67 157 standing 361 382 43 179 standing 132 382 101 177 standing 232 530 85 120 falling
37920.jpg l_winpoint 1132 481 85 106 falling 926 426 55 125 standing 793 555 128 76 falling 743 473 47 106 falling 656 398 48 143 standing 678 367 60 121 standing 474 409 69 183 standing 448 406 64 151 standing 435 386 59 138 standing 351 377 40 142 standing 262 453 97 132 standing 268 384 38 157 standing
35235.jpg l_winpoint 963 363 75 136 standing 808 390 45 134 standing 812 325 37 126 standing 709 392 60 142 standing 689 305 42 121 standing 589 335 37 131 standing 470 374 53 141 standing 421 323 66 140 standing 370 337 68 135 standing 349 386 60 150 standing 332 373 46 154 standing 199 363 46 143 standing
48540.jpg r_winpoint 896 371 68 128 standing 823 390 65 140 standing 750 400 63 135 standing 757 358 64 111 standing 660 333 66 117 standing 638 355 46 121 standing 458 389 65 141 standing 437 424 56 154 standing 458 339 52 125 standing 360 399 52 131 standing 327 363 47 115 standing 238 368 54 137 standing
50265.jpg l_winpoint 1233 358 44 160 standing 946 406 44 168 standing 816 321 68 139 standing 779 522 55 176 standing 566 498 109 189 standing 434 615 129 104 falling 533 393 43 167 standing 528 368 88 166 standing 490 335 55 142 standing 367 336 95 146 standing 373 397 67 147 standing 313 345 56 165 standing
44475.jpg l_winpoint 879 373 49 139 standing 833 345 37 123 standing 837 443 55 108 falling 546 410 46 151 standing 488 363 57 149 standing 501 370 45 133 standing 364 383 71 188 standing 366 373 51 151 standing 296 365 79 138 standing 235 415 56 142 standing 220 384 59 138 standing 136 404 63 165 standing
33975.jpg l_winpoint 1034 451 49 161 standing 1005 404 72 148 standing 934 354 48 137 standing 704 357 39 151 standing 671 437 55 165 standing 595 431 49 165 standing 417 342 45 141 standing 357 417 65 168 standing 369 361 46 144 standing 311 448 60 178 standing 305 402 47 152 standing 195 377 82 152 standing
51390.jpg l_winpoint 1094 368 35 157 standing 888 378 41 141 standing 867 345 57 143 standing 730 429 111 160 standing 678 319 38 134 standing 609 317 36 130 standing 391 397 58 163 standing 397 378 58 144 standing 381 357 66 129 standing 303 357 79 144 standing 256 382 73 155 standing 189 374 76 153 standing
