32270.jpg l-spike 637 390 82 155 moving 616 257 55 200 blocking 495 239 51 145 moving 237 381 47 153 standing 1083 367 38 146 standing 958 433 57 136 standing 903 329 54 122 standing 376 421 79 130 standing 355 346 61 120 standing 271 453 67 156 standing 518 321 65 129 jumping
57065.jpg l-pass 179 447 80 156 moving 320 474 69 116 waiting 490 382 41 124 standing 662 353 48 141 standing 1003 375 45 144 standing 968 396 45 143 standing 974 438 45 161 standing 837 461 75 135 standing 394 489 135 79 falling
18430.jpg l_set 1185 438 58 148 moving 906 399 74 147 moving 490 509 82 155 moving 299 388 80 150 moving 575 345 80 130 moving 485 371 49 131 standing 591 435 44 130 digging 681 367 68 124 jumping 800 377 63 156 standing 841 311 46 150 standing 1112 340 54 141 standing
99595.jpg l-spike 1003 337 47 124 waiting 993 471 64 135 standing 633 264 65 188 blocking 715 382 82 137 standing 472 470 77 163 standing 543 368 67 120 waiting 426 361 56 139 standing 240 391 47 139 standing 133 467 90 163 moving 478 253 86 163 spiking 1235 413 41 151 standing
32070.jpg r_spike 811 230 54 154 spiking 844 356 54 129 standing 1005 382 79 148 standing 1044 353 90 124 moving 766 360 71 126 standing 720 446 92 143 standing 645 238 69 184 blocking 502 410 56 128 standing 277 337 60 112 standing 339 429 60 143 standing 89 415 69 125 waiting
14060.jpg r_set 1044 341 41 114 standing 904 375 99 131 moving 797 315 72 105 moving 760 338 48 178 setting 730 485 63 161 moving 685 341 54 144 moving 77 443 41 162 standing 0 388 49 153 standing 233 353 43 127 standing 468 454 40 130 standing 492 410 55 142 standing 502 361 52 114 standing
20405.jpg r-pass 967 351 75 124 waiting 909 465 84 122 moving 689 365 75 94 digging 507 368 109 144 standing 300 394 84 122 waiting 304 451 50 148 standing 252 435 69 139 standing 241 337 75 129 standing 417 367 82 212 blocking
57330.jpg l-spike 990 381 92 118 waiting 246 447 56 135 standing 369 373 88 120 standing 445 411 65 163 spiking 419 432 67 135 standing 555 439 56 126 standing 576 387 82 137 standing 1172 509 56 144 waiting 690 365 64 224 blocking
18245.jpg r-pass 845 370 54 131 moving 752 414 60 199 setting 696 370 62 133 moving 683 310 80 122 moving 440 394 54 137 standing 309 397 39 161 standing 259 433 50 158 moving 45 392 58 139 moving 823 424 43 142 standing
14085.jpg r_spike 1149 384 54 135 moving 806 327 47 126 standing 704 412 99 167 spiking 719 383 54 116 moving 627 394 37 180 blocking 624 359 67 180 blocking 187 457 86 144 moving 86 429 73 126 waiting 865 409 50 139 moving 360 367 80 118 waiting 499 362 109 128 standing 978 421 85 150 moving
32165.jpg l-spike 949 358 90 124 waiting 794 378 58 126 moving 410 447 69 133 moving 339 413 69 150 spiking 412 348 82 129 moving 1168 493 60 124 waiting 95 417 77 150 waiting 341 340 73 116 waiting 441 433 84 120 waiting 639 379 52 227 blocking
32135.jpg l_set 1186 442 67 148 standing 1116 339 39 139 standing 807 409 45 163 standing 768 371 50 154 standing 779 341 47 124 standing 613 408 47 139 standing 638 321 47 150 standing 416 311 47 178 setting 147 488 97 156 moving 190 394 39 148 standing 479 284 56 109 moving
57155.jpg r-pass 913 475 140 90 digging 863 373 72 117 standing 822 498 62 106 moving 526 353 48 134 moving 503 349 55 131 moving 427 404 56 154 standing 432 364 36 116 standing 308 379 54 124 standing 212 458 58 158 standing 164 465 67 134 moving 210 383 38 109 standing 659 405 49 113 standing
18300.jpg r_spike 1104 446 79 133 standing 1094 405 76 132 standing 965 355 56 144 standing 886 321 58 137 standing 852 404 73 161 spiking 830 415 96 161 standing 700 352 65 224 blocking 624 360 47 123 digging 395 384 101 112 standing 322 494 71 124 standing 254 415 76 123 standing
68055.jpg r_spike 1010 410 72 163 standing 831 280 83 149 spiking 794 426 65 142 standing 754 305 58 137 standing 662 326 91 135 standing 572 291 51 186 blocking 385 436 91 144 standing 153 455 76 140 standing 53 431 53 123 standing 117 349 63 121 digging 971 274 35 93 standing
99615.jpg l-pass 1107 398 76 134 standing 873 326 45 135 standing 676 383 78 134 standing 511 332 78 131 standing 325 469 82 155 standing 411 356 48 149 standing 339 356 73 109 digging 312 373 89 102 waiting 45 461 104 150 moving 97 392 53 162 standing 864 447 90 137 standing
18275.jpg r_set 905 425 72 140 standing 852 376 105 112 standing 739 315 72 131 standing 737 460 97 154 moving 657 411 80 149 moving 601 349 62 164 setting 379 433 46 157 standing 379 392 45 136 standing 392 366 49 144 standing 190 362 62 122 standing 99 471 60 140 standing
68150.jpg l-spike 2 345 33 152 standing 319 418 71 144 standing 505 440 47 137 standing 554 331 65 156 standing 606 390 69 186 spiking 586 422 67 126 waiting 1073 465 71 139 standing 1045 381 52 101 standing 963 353 73 126 standing 702 370 58 184 blocking 714 355 97 186 blocking
32035.jpg r_set 899 384 86 150 moving 895 434 69 47 falling 706 350 69 152 setting 735 305 71 99 moving 623 430 71 167 moving 540 320 47 143 standing 397 409 45 137 standing 430 370 47 152 standing 438 341 28 141 standing 177 334 58 133 standing 55 414 79 156 standing
20525.jpg l-pass 922 396 82 156 standing 918 302 82 133 standing 922 326 41 105 standing 808 294 57 145 standing 769 291 82 125 moving 548 321 60 122 setting 584 422 76 137 standing 521 409 65 124 standing 244 389 55 139 standing 1087 334 53 127 standing 1101 381 59 138 standing
99530.jpg l-pass 816 482 66 145 standing 763 382 66 131 standing 651 389 62 108 waiting 571 384 82 97 standing 456 336 63 128 standing 448 462 58 162 standing 384 361 49 131 standing 368 455 52 170 standing 324 337 61 125 standing 250 415 77 139 standing 0 419 54 126 standing 259 378 82 150 digging
31990.jpg r-pass 1082 407 51 139 standing 869 365 43 92 digging 718 462 74 134 standing 470 276 75 176 blocking 382 323 37 139 standing 338 384 57 117 standing 327 436 75 110 standing 273 365 44 119 standing 141 432 85 141 standing
14905.jpg r-pass 886 351 48 152 standing 815 393 35 156 setting 601 416 88 159 standing 609 319 55 118 standing 457 359 77 133 standing 217 433 48 146 standing 237 372 51 160 standing 244 352 23 99 standing 484 513 89 182 standing
31940.jpg l_set 310 505 86 163 moving 312 478 67 92 falling 424 403 65 126 moving 492 392 64 180 setting 504 294 73 112 moving 655 361 65 146 standing 963 404 52 161 standing 939 376 39 158 standing 916 362 52 111 standing
31980.jpg l-spike 1003 336 51 123 standing 876 466 71 136 standing 588 248 60 193 blocking 479 231 63 156 spiking 469 370 85 128 standing 403 426 48 117 standing 411 367 66 113 standing 274 430 72 145 standing 37 390 66 142 standing
57250.jpg l-pass 985 381 64 148 standing 907 458 75 147 standing 885 365 47 138 standing 824 350 50 126 standing 1193 360 50 142 standing 1252 405 26 147 standing 704 391 50 149 setting 777 315 40 162 blocking 759 334 57 128 standing 565 483 75 127 standing 466 364 84 126 standing 112 468 78 124 standing
14015.jpg r-pass 805 409 62 132 standing 682 398 45 140 digging 564 346 74 122 standing 353 375 68 120 moving 337 345 85 125 standing 237 397 55 157 standing 227 350 47 127 standing 163 419 52 125 standing 16 394 37 155 standing 416 321 67 120 moving
18315.jpg l-pass 1166 403 84 145 standing 1101 456 43 147 standing 959 397 82 128 standing 887 309 67 134 standing 828 479 67 159 standing 843 424 50 159 standing 719 425 67 177 standing 572 361 84 121 standing 389 421 85 78 digging 336 488 64 134 standing 285 416 85 117 standing
14945.jpg r_set 194 404 52 135 standing 247 441 60 165 standing 383 361 73 118 standing 537 448 47 122 standing 572 387 43 150 standing 565 346 37 141 standing 636 305 48 192 setting 743 366 62 165 standing 848 317 54 107 standing 953 365 111 139 moving 1092 430 69 154 standing 792 528 69 167 standing
14825.jpg l_set 1176 388 46 145 standing 1083 458 49 154 standing 1045 366 51 131 standing 559 345 49 154 setting 545 368 37 154 standing 448 308 46 102 standing 302 394 51 131 standing 280 363 63 131 standing 131 498 110 162 moving 736 432 66 159 standing 722 387 60 154 standing
13940.jpg l_set 1198 477 39 148 standing 1097 361 39 143 standing 815 431 48 158 standing 788 395 52 152 digging 793 379 30 133 standing 612 366 64 143 standing 575 445 48 146 standing 489 421 35 146 digging 451 313 52 120 standing 237 498 79 165 moving 256 440 52 154 standing
57135.jpg l-spike 1196 463 84 133 standing 1071 368 77 126 standing 979 511 84 127 standing 782 441 70 148 standing 703 294 47 207 blocking 585 399 54 141 standing 572 249 54 158 spiking 495 386 60 116 standing 447 426 70 135 standing 375 490 57 148 standing 266 475 96 116 standing
99490.jpg l_set 986 363 58 114 standing 912 471 63 132 standing 713 436 50 136 standing 688 372 42 141 jumping 720 362 39 117 moving 571 340 48 188 setting 562 359 52 126 standing 424 313 83 122 moving 287 483 147 155 moving 243 415 29 138 standing 218 408 82 127 moving 1088 402 50 133 standing
74750.jpg l-pass 1223 335 56 144 standing 1003 412 63 149 digging 1037 355 30 130 standing 1001 335 37 177 blocking 920 382 49 140 standing 690 322 58 142 standing 493 449 109 86 falling 488 421 95 79 falling 504 312 72 126 moving 318 421 70 161 standing
20355.jpg l_set 1253 321 28 145 standing 900 392 46 153 standing 911 336 53 127 standing 899 367 54 131 standing 638 322 53 153 standing 516 359 42 142 setting 457 271 79 120 standing 386 320 57 135 standing 364 445 98 148 standing 208 437 93 106 standing
20500.jpg r_spike 1168 341 66 125 standing 885 388 91 120 standing 767 420 71 153 standing 716 351 77 114 waiting 874 333 57 133 standing 784 242 54 139 spiking 634 225 38 203 blocking 637 221 32 181 blocking 379 420 91 139 standing 242 438 80 120 standing 41 432 77 114 digging 226 323 71 110 standing
20315.jpg l-pass 1152 342 57 145 standing 949 386 38 158 standing 905 358 60 158 standing 919 322 30 150 standing 698 441 75 119 standing 605 309 44 130 standing 481 272 68 130 standing 362 418 60 141 digging 294 450 54 86 falling 380 333 49 130 standing
46520.jpg l-spike 365 326 60 144 standing 509 391 88 160 standing 421 413 82 146 standing 654 301 70 145 blocking 1107 452 67 132 waiting 1093 303 76 152 standing 120 455 76 139 moving 478 300 84 121 spiking 487 289 59 141 moving
18405.jpg l-pass 1108 419 48 144 standing 1040 383 76 80 falling 869 312 96 119 moving 903 475 69 170 moving 819 397 42 142 standing 780 379 53 151 standing 601 462 108 144 moving 434 450 87 122 moving 448 399 73 82 falling 259 399 55 133 standing 675 375 62 138 moving 629 326 97 160 spiking
18385.jpg r_spike 911 406 51 139 standing 798 380 70 72 falling 711 467 86 156 standing 708 325 70 111 standing 646 315 88 184 spiking 573 389 65 156 standing 434 441 49 156 standing 477 395 46 158 standing 500 366 37 147 standing 282 353 48 130 standing 157 450 49 142 standing 84 386 81 146 standing
32095.jpg l_set 255 395 60 142 standing 431 329 89 116 standing 450 436 88 145 standing 647 360 72 184 setting 764 305 63 131 standing 861 433 83 164 standing 884 355 77 133 standing 981 314 63 116 standing 1026 361 43 131 standing 1191 353 52 128 standing
46550.jpg l-spike 1116 353 77 145 standing 1005 298 65 145 standing 886 426 65 134 standing 568 377 58 148 standing 571 351 43 147 standing 564 336 57 134 standing 445 316 43 187 spiking 452 348 63 127 standing 202 430 77 148 standing 245 410 77 156 standing 232 362 75 128 standing 233 309 54 150 standing
20460.jpg r_set 999 340 73 150 standing 814 319 33 146 standing 754 293 65 107 standing 697 329 50 161 setting 587 368 54 165 standing 769 485 111 144 moving 434 385 35 154 standing 422 353 39 161 standing 430 334 39 148 standing 174 329 43 128 standing 129 434 39 148 standing
99450.jpg l-pass 1178 400 54 109 standing 975 426 47 158 standing 933 359 47 180 blocking 971 377 41 129 standing 793 415 62 148 standing 628 348 70 145 standing 445 459 76 162 standing 469 322 49 125 standing 421 411 70 98 digging
13865.jpg r-pass 920 433 58 126 standing 857 499 52 126 digging 766 375 52 126 standing 506 413 52 143 standing 505 359 62 129 standing 425 391 52 143 standing 378 464 99 120 standing 392 361 71 112 standing 268 419 54 133 standing 186 477 58 173 jumping
18345.jpg l-spike 1047 446 54 136 standing 1060 383 54 127 standing 875 418 63 119 digging 796 452 77 150 standing 762 326 44 210 blocking 807 353 88 128 standing 634 312 77 167 spiking 630 435 49 167 standing 565 486 74 170 standing 411 359 54 125 moving 307 461 44 136 standing 257 387 69 145 standing
67900.jpg l-pass 1075 389 40 135 standing 870 430 52 152 standing 831 368 50 181 blocking 848 347 39 150 standing 662 415 82 144 standing 558 465 100 161 moving 444 454 70 169 standing 269 429 51 144 standing 344 361 45 123 standing 300 392 57 125 digging
13835.jpg l_set 857 422 62 177 blocking 854 396 62 155 blocking 853 384 69 126 standing 764 385 57 172 setting 516 339 89 102 moving 346 462 93 145 moving 233 522 117 160 moving 130 447 84 128 standing 1238 493 40 153 standing 580 444 106 137 moving
57290.jpg l_set 571 394 64 162 setting 327 415 41 138 standing 248 505 90 150 moving 566 308 48 120 standing 702 341 48 157 standing 719 405 41 133 standing 818 444 64 151 digging 841 402 56 119 standing 854 365 42 109 standing 1164 396 60 148 standing 1155 362 43 131 standing
57195.jpg r_set 962 446 65 145 standing 926 436 127 127 moving 794 444 80 148 standing 821 326 71 116 moving 669 313 61 106 standing 751 314 60 168 setting 430 454 49 141 standing 464 387 58 172 standing 487 368 51 134 digging 108 357 85 136 standing 79 397 51 141 standing 150 454 71 162 standing
46350.jpg r-pass 111 354 43 150 standing 252 379 46 141 standing 273 316 90 105 moving 344 405 67 169 standing 431 363 53 129 standing 510 328 48 153 standing 877 288 64 147 setting 621 331 85 153 standing 616 301 53 139 standing 746 404 60 138 standing 880 392 84 129 standing 1036 344 70 155 standing
20395.jpg l-spike 1104 489 88 131 waiting 1146 351 65 135 standing 675 375 100 138 standing 837 335 77 123 standing 580 337 88 192 blocking 195 384 61 146 standing 382 314 50 127 standing 107 370 81 115 moving 422 351 65 196 spiking 387 432 65 131 standing 458 391 96 142 standing
13980.jpg l-spike 1142 418 58 138 standing 955 351 58 121 standing 868 476 58 142 standing 566 286 47 190 blocking 563 259 50 189 blocking 436 399 84 138 standing 409 246 60 163 spiking 352 404 54 107 standing 288 440 69 152 standing 159 465 71 149 standing 116 393 50 144 standing
99675.jpg l-spike 996 511 89 134 standing 1013 395 74 134 standing 916 376 82 117 standing 761 385 106 128 standing 763 363 60 115 standing 665 375 41 199 blocking 510 436 90 157 spiking 554 331 52 127 standing 584 374 34 140 standing 558 399 47 158 standing 402 400 71 127 standing 304 450 66 132 moving
32245.jpg l_set 233 461 126 148 moving 449 395 57 132 moving 495 313 78 110 moving 311 402 51 127 standing 637 344 50 168 setting 623 344 45 88 moving 1086 352 48 133 waiting 1140 441 42 150 standing 797 421 45 164 standing 774 373 50 127 standing 795 363 47 108 standing
74800.jpg l-spike 204 375 51 148 standing 354 342 47 142 standing 253 462 72 151 standing 482 225 64 151 spiking 508 304 63 151 jumping 494 394 71 140 standing 592 240 40 200 blocking 654 416 57 134 standing 825 439 102 122 standing 909 328 56 134 standing 972 389 73 129 standing
20580.jpg l-spike 323 351 88 122 standing 409 384 67 129 standing 456 291 70 119 moving 576 268 77 155 spiking 483 460 77 157 standing 537 432 70 122 standing 957 344 73 126 standing 1080 456 64 133 waiting 1144 371 64 149 standing 671 273 43 195 blocking 694 421 64 149 standing 701 319 54 136 standing
46425.jpg l-pass 120 362 81 126 standing 326 343 85 107 waiting 321 439 49 129 standing 448 335 84 107 digging 609 320 108 216 jumping 636 375 87 198 jumping 747 412 81 155 standing 751 385 66 125 standing 838 330 78 127 standing 829 389 91 147 standing 928 271 87 137 standing 1167 383 58 141 standing
57110.jpg l_set 208 519 130 159 moving 367 411 105 130 moving 422 459 60 142 standing 502 356 58 172 setting 574 396 86 137 standing 532 329 58 106 moving 1190 371 54 141 standing 837 457 60 148 standing 850 364 69 137 standing 843 410 60 148 standing
99650.jpg l_set 1066 383 63 139 standing 984 349 63 135 standing 983 457 53 139 standing 695 421 56 135 standing 695 341 51 128 standing 721 330 39 121 standing 516 337 39 179 setting 432 324 70 114 moving 567 337 56 163 standing 385 360 56 139 standing 232 410 46 140 standing 373 504 109 151 moving
67965.jpg l-spike 1123 399 56 142 standing 1029 352 51 104 digging 978 436 91 133 standing 821 448 65 147 standing 668 254 49 210 blocking 531 469 81 149 standing 564 376 67 140 standing 562 208 58 172 spiking 459 375 58 118 digging 329 451 49 158 standing 265 368 37 128 standing
68145.jpg l-spike 1161 457 54 146 standing 1103 377 60 122 standing 983 355 86 122 standing 797 383 48 195 blocking 777 345 73 214 blocking 623 407 58 167 spiking 643 420 71 129 standing 602 329 56 146 standing 534 439 71 133 standing 355 410 58 146 standing 47 345 52 143 standing
13810.jpg l-pass 1140 481 52 153 standing 800 425 83 153 standing 770 409 54 156 standing 649 459 71 136 standing 422 486 79 159 standing 315 345 40 145 standing 230 495 55 137 standing 182 465 54 116 digging 0 489 55 172 standing
74920.jpg r_spike 1077 375 68 145 standing 954 343 66 133 standing 791 431 102 133 standing 847 393 48 133 standing 705 422 85 172 spiking 739 370 71 142 standing 599 391 38 206 blocking 610 366 40 216 blocking 503 396 88 128 standing 345 337 75 119 standing 152 430 71 161 standing 92 350 72 122 standing
14785.jpg l-pass 1218 436 44 154 standing 866 402 86 154 standing 833 381 58 160 standing 870 376 42 146 standing 730 433 58 133 standing 521 455 70 158 standing 283 512 84 88 digging 383 330 48 130 standing 282 428 55 119 standing 90 459 63 160 standing
20590.jpg l-pass 1025 391 63 133 standing 911 441 85 137 moving 822 351 60 110 standing 575 442 103 131 standing 542 279 34 170 blocking 564 306 57 137 standing 446 342 60 141 standing 395 486 68 120 digging 366 451 82 91 digging 363 307 69 120 standing 329 384 58 131 standing 209 381 57 122 standing
46515.jpg l-spike 1139 456 70 132 standing 1158 308 61 149 standing 726 273 63 209 blocking 726 260 43 202 blocking 564 383 97 153 standing 473 418 57 153 standing 444 325 52 132 standing 495 280 49 150 spiking 538 289 43 132 standing 160 468 67 139 standing
68065.jpg l-pass 1155 408 57 169 standing 1123 281 39 111 standing 905 425 81 142 standing 952 359 50 118 standing 923 329 53 111 standing 820 326 64 131 standing 741 298 39 180 blocking 708 294 71 186 blocking 512 446 107 133 standing 308 467 61 118 digging 217 462 75 89 falling 281 359 54 107 standing
67975.jpg r-pass 963 416 60 127 standing 759 468 92 107 digging 838 442 101 117 standing 533 303 80 143 jumping 519 252 58 166 blocking 391 461 82 160 standing 335 375 62 117 standing 440 377 70 123 standing 138 367 41 123 standing 135 460 58 156 standing 446 296 62 123 jumping 904 351 54 107 standing
67940.jpg l_set 1177 361 46 120 standing 917 442 52 134 standing 903 345 43 145 standing 663 359 46 189 setting 629 389 54 153 standing 511 496 123 153 moving 414 417 85 126 moving 591 310 74 117 standing 885 405 49 139 standing 330 373 49 128 standing 1242 440 35 137 standing
18360.jpg r-pass 871 425 52 127 standing 773 373 70 120 digging 596 447 74 148 standing 644 402 57 131 standing 567 353 102 124 standing 524 378 52 156 standing 434 395 52 142 standing 269 380 58 125 standing 42 466 55 147 standing 57 397 38 139 standing 351 477 66 170 standing 398 416 46 164 standing
32215.jpg l-pass 1047 442 43 138 standing 958 340 36 134 standing 642 469 74 166 standing 640 416 53 172 standing 703 411 49 138 standing 486 438 96 128 standing 387 423 58 166 setting 254 450 96 151 standing 370 373 71 151 standing 355 335 58 134 standing 75 409 64 156 standing
74780.jpg l_set 1107 399 77 126 waiting 953 450 79 137 waiting 1026 347 54 131 standing 733 404 60 154 standing 763 346 48 118 standing 735 359 52 114 standing 346 399 48 139 standing 286 386 79 112 moving 468 294 109 129 moving 659 297 43 180 setting 621 328 52 137 standing 109 455 161 148 moving
57225.jpg r_spike 1078 409 47 137 standing 972 345 40 127 standing 872 370 92 132 standing 822 483 47 150 standing 770 392 49 125 standing 691 271 35 187 spiking 230 469 137 145 standing 193 353 54 130 standing 16 445 62 130 standing 588 352 52 129 standing 611 301 35 164 blocking 503 438 54 125 standing
99690.jpg r-pass 1001 394 69 136 standing 979 492 65 131 standing 891 389 71 125 standing 776 392 106 128 standing 787 379 75 100 standing 642 496 61 165 standing 521 500 99 141 standing 429 467 52 141 standing 488 415 77 144 standing 554 372 35 154 standing 535 345 55 125 standing 365 415 65 131 standing
13850.jpg l-spike 1111 441 48 137 standing 988 392 50 129 standing 1024 496 58 135 standing 665 417 48 182 blocking 670 366 35 154 blocking 674 374 50 129 standing 551 473 82 109 standing 512 350 50 158 spiking 512 336 84 126 standing 323 431 67 141 standing 230 533 114 150 moving 0 427 50 112 moving
32280.jpg r-pass 938 369 51 114 standing 876 434 72 119 standing 787 333 44 119 digging 551 392 74 126 standing 484 272 48 147 blocking 404 352 53 107 standing 393 280 56 109 jumping 231 430 97 128 standing 269 359 46 118 standing 127 456 79 160 standing 130 380 44 147 standing
99565.jpg l_set 1082 463 51 159 standing 1105 399 61 133 standing 1022 352 79 130 standing 765 446 55 131 standing 794 351 46 130 standing 732 383 58 139 standing 636 358 48 150 standing 493 319 83 116 moving 447 369 68 136 standing 402 394 44 184 setting 511 488 83 170 standing 289 405 49 139 standing
68160.jpg l-pass 1238 356 60 121 standing 966 457 67 149 standing 932 387 77 93 standing 859 336 70 137 standing 623 436 53 163 standing 629 405 112 181 blocking 240 442 69 133 standing 432 446 51 142 standing 428 354 98 139 standing 482 414 70 139 standing 559 438 42 161 standing
20565.jpg l_set 1203 374 60 138 standing 1132 430 85 147 standing 1046 321 61 136 standing 767 398 44 156 standing 748 359 57 151 standing 774 309 57 145 standing 617 345 52 181 setting 639 327 47 129 standing 404 482 82 145 standing 283 387 72 132 standing 430 331 90 120 standing 417 277 95 121 moving
46385.jpg r_set 950 391 48 136 standing 860 291 122 114 moving 854 350 80 120 moving 610 259 41 175 setting 770 475 103 136 moving 389 398 46 156 standing 141 416 52 136 standing 164 324 51 108 standing 18 365 49 148 standing 420 348 43 141 standing 392 339 48 130 standing 513 401 77 128 standing
46415.jpg r_spike 1047 372 51 127 standing 824 279 64 135 standing 752 309 40 128 standing 758 366 57 141 moving 671 353 62 169 spiking 642 387 48 138 standing 560 317 64 216 blocking 548 320 48 197 blocking 423 326 71 113 moving 236 340 75 107 waiting 136 454 85 130 moving 42 362 55 134 standing
74810.jpg r-pass 907 404 49 126 standing 785 457 100 112 digging 810 331 53 121 standing 486 242 65 182 blocking 339 401 91 156 standing 274 356 60 130 standing 176 457 81 160 standing 57 384 62 133 standing 433 328 37 144 standing 395 267 62 109 jumping 581 424 98 130 standing
14850.jpg l-spike 1011 502 82 128 standing 1093 390 74 125 standing 843 375 89 116 waiting 660 389 49 123 standing 583 361 54 235 blocking 582 357 38 216 blocking 489 355 54 127 standing 461 310 71 123 standing 363 421 72 117 moving 303 416 80 144 spiking 219 401 54 148 standing 151 383 88 136 standing
46475.jpg l_set 414 434 72 168 setting 406 344 60 134 standing 541 307 58 134 standing 575 259 58 102 moving 639 486 75 167 moving 861 386 49 165 standing 980 383 51 154 standing 993 343 29 158 standing 999 308 37 150 standing
99520.jpg l-spike 847 493 67 138 standing 809 388 67 107 digging 710 373 84 117 standing 617 375 68 106 standing 463 376 80 185 blocking 499 337 42 139 standing 438 349 42 144 standing 393 323 68 136 standing 376 397 67 179 spiking 303 408 85 146 standing 309 401 78 128 standing 52 418 55 129 standing
14970.jpg r_spike 1048 431 62 139 standing 916 376 70 151 standing 766 405 70 175 spiking 808 317 51 132 jumping 740 414 44 133 standing 752 368 48 112 standing 673 375 58 186 blocking 538 356 42 121 standing 410 385 90 105 standing 312 462 56 123 standing 225 405 91 114 standing
13890.jpg l-pass 1039 422 50 145 standing 898 365 63 130 standing 944 477 55 132 standing 701 380 57 144 standing 654 445 72 143 standing 666 403 54 141 standing 560 384 57 132 standing 509 480 54 125 digging 498 358 48 133 standing 247 417 43 127 standing 351 408 52 144 standing 381 499 63 124 digging
99515.jpg l-spike 855 485 64 128 standing 846 388 68 126 standing 756 361 114 111 standing 599 372 77 102 standing 533 378 55 195 blocking 535 344 46 138 standing 469 352 46 126 standing 433 325 72 128 standing 374 411 71 158 jumping 375 405 42 151 standing 336 407 85 117 standing 90 419 48 123 standing
46285.jpg l-pass 1184 426 45 156 standing 1158 314 44 160 standing 818 351 53 171 blocking 821 335 78 171 blocking 862 330 38 150 standing 702 407 58 134 standing 600 315 86 125 standing 443 335 82 127 digging 358 454 73 169 standing 269 423 86 134 standing 325 351 53 128 standing
46590.jpg l_winpoint 758 339 78 148 standing 718 277 66 149 standing 506 389 66 149 standing 346 395 58 151 standing 320 357 55 159 standing 357 337 47 133 standing 139 360 78 157 standing 61 385 68 158 standing 0 350 54 122 standing 51 362 66 147 standing
31140.jpg r_winpoint 272 375 59 138 standing 432 452 73 164 standing 497 392 51 158 standing 598 388 41 136 standing 622 386 59 158 standing 682 321 58 139 standing 834 344 53 127 standing 829 390 64 161 standing 874 438 96 161 standing 967 387 88 80 falling 1025 414 54 150 standing 1171 373 107 172 standing
34920.jpg l_winpoint 130 380 79 150 standing 224 343 88 134 standing 334 387 65 159 standing 368 329 44 153 standing 397 330 62 137 standing 655 438 77 166 standing 578 384 85 154 standing 634 346 59 137 standing 676 307 62 140 standing 825 416 56 160 standing 823 363 55 135 standing
47265.jpg l_winpoint 742 427 60 144 standing 322 513 46 164 standing 379 494 66 121 standing 509 369 60 147 standing 855 337 47 143 standing 726 321 49 148 standing 116 495 108 169 standing 1 502 60 156 standing 43 398 91 148 standing 25 441 50 145 standing 0 393 39 125 standing
43200.jpg r_winpoint 839 383 62 150 standing 727 373 113 145 standing 679 434 66 144 standing 702 387 48 148 standing 647 412 65 159 standing 645 393 36 155 standing 351 483 58 163 standing 312 463 49 168 standing 299 457 48 155 standing 223 351 70 151 standing 145 436 53 143 standing
44625.jpg r_winpoint 699 357 71 163 standing 596 438 69 136 standing 575 334 71 153 standing 434 374 69 143 standing 282 446 63 175 standing 171 469 71 162 standing 38 434 106 150 standing 55 388 71 155 standing 21 376 52 151 standing 210 570 76 97 standing
51540.jpg l_winpoint 427 411 57 158 standing 506 419 60 164 standing 479 404 61 133 standing 459 349 49 138 standing 550 369 88 151 standing 520 340 45 128 standing 694 433 60 155 standing 765 458 48 181 standing 863 323 63 139 standing 1116 286 85 157 standing 1177 418 44 165 standing 1203 362 63 159 standing
32355.jpg l_winpoint 778 367 44 128 standing 702 340 61 137 standing 707 261 48 122 standing 656 276 42 134 standing 664 253 50 126 standing 412 407 66 158 standing 153 350 51 171 standing 125 392 43 134 standing 77 390 70 152 standing 7 401 125 157 standing 20 279 45 112 standing 11 312 60 122 standing
38910.jpg l_winpoint 147 494 72 145 standing 257 443 52 142 standing 493 471 64 174 standing 446 491 47 139 standing 535 442 50 155 standing 442 430 79 151 standing 928 362 41 137 standing 806 533 49 172 standing 731 508 50 164 standing 843 401 58 152 standing 829 368 99 71 falling 1110 421 47 135 standing
30465.jpg r_winpoint 894 413 45 142 standing 866 319 46 154 standing 793 366 47 151 standing 761 431 54 159 standing 719 387 56 165 standing 648 489 69 168 standing 551 445 53 151 standing 520 356 58 141 standing 391 466 65 178 standing 268 459 69 165 standing 292 361 38 136 standing 44 381 57 151 standing
40950.jpg r_winpoint 1063 428 64 165 standing 1009 431 107 128 moving 970 347 99 173 standing 814 337 46 148 standing 782 460 65 162 standing 779 388 52 172 standing 622 341 42 155 standing 497 547 122 142 moving 549 457 42 160 standing 415 441 55 89 falling 367 470 62 84 falling 337 377 39 130 standing
38160.jpg l_winpoint 1202 388 76 114 standing 1103 587 115 84 falling 1037 508 52 154 standing 1058 448 58 170 standing 785 399 57 153 standing 759 376 50 131 standing 712 433 76 150 standing 636 440 102 150 standing 675 415 57 134 standing 414 430 77 148 standing
32010.jpg r-pass 855 381 90 139 moving 668 409 100 77 falling 561 436 89 138 standing 308 369 75 122 moving 366 319 82 114 moving 304 316 57 148 standing 168 418 57 139 standing 192 377 49 147 standing 226 333 43 143 standing 47 351 57 138 standing
