23615.jpg r_set 312 387 52 109 standing 400 333 36 102 standing 427 406 61 129 standing 604 407 42 136 standing 642 371 33 124 standing 635 329 28 118 standing 845 496 65 139 standing 768 372 56 134 setting 895 412 46 118 standing 868 367 57 82 falling 899 291 52 92 moving 1069 374 64 115 standing
23525.jpg l_set 221 482 74 137 standing 343 396 46 114 standing 286 381 64 94 moving 402 303 58 88 moving 478 383 44 160 setting 510 369 45 136 standing 672 437 44 115 standing 673 391 48 122 standing 687 311 50 108 standing 898 356 41 97 standing 980 446 62 121 standing 1057 398 56 109 standing
22110.jpg l-spike 1007 412 62 108 standing 888 475 86 114 standing 828 350 53 94 standing 616 461 99 119 standing 594 356 34 113 standing 605 295 35 129 blocking 490 293 79 103 spiking 506 399 41 117 standing 440 453 59 138 standing 391 363 68 104 standing 327 486 71 141 standing 353 499 61 81 waiting
28920.jpg l-spike 910 447 51 118 standing 919 349 41 91 waiting 713 335 73 87 waiting 563 391 68 108 standing 518 376 46 156 blocking 493 358 67 140 blocking 419 455 86 101 waiting 408 387 88 114 standing 373 401 59 155 spiking 362 340 42 104 moving 208 418 46 123 standing 195 365 47 117 standing
12550.jpg l-pass 481 395 39 126 standing 538 471 90 103 falling 611 376 63 91 standing 752 364 76 86 waiting 814 440 50 132 standing 754 452 76 135 digging 889 497 46 137 standing 892 443 59 137 standing 913 325 42 116 standing 972 351 57 112 standing 1007 408 55 120 standing 1091 459 68 125 standing
28815.jpg r_spike 1019 363 51 114 standing 999 267 45 92 standing 879 433 50 122 moving 923 353 32 103 standing 926 273 38 147 spiking 796 376 60 92 waiting 757 291 26 145 blocking 749 278 36 147 blocking 677 385 51 109 standing 477 422 48 120 waiting 485 315 54 94 standing 336 404 87 113 standing
28835.jpg l-pass 1062 365 45 113 standing 1057 282 38 99 standing 950 377 40 101 standing 930 331 61 113 standing 869 409 37 121 standing 859 352 34 125 standing 790 335 42 109 standing 775 322 45 96 moving 670 386 83 106 standing 563 324 51 99 standing 510 393 43 126 digging 467 379 60 122 standing
28725.jpg r-pass 939 407 52 101 digging 947 465 55 100 digging 897 355 58 102 waiting 749 436 72 125 waiting 818 298 32 109 standing 622 379 59 103 standing 482 363 35 128 standing 452 368 48 119 standing 473 411 39 139 standing 348 406 36 134 standing 279 390 39 131 standing 76 418 53 128 moving
43225.jpg l-spike 168 376 55 103 standing 309 388 40 108 moving 252 441 53 154 spiking 262 478 59 98 standing 355 444 51 120 standing 393 415 83 111 standing 505 375 36 159 blocking 482 390 56 165 blocking 497 412 46 170 blocking 686 366 74 98 waiting 916 393 53 95 waiting 902 475 53 116 standing
25365.jpg l-spike 967 388 51 111 standing 794 450 68 110 waiting 726 328 55 96 moving 636 438 99 110 standing 523 261 34 149 blocking 426 360 69 88 waiting 360 419 50 132 standing 389 235 41 134 spiking 262 480 56 150 moving 212 399 56 107 standing 214 366 50 101 standing
23550.jpg l-spike 275 399 44 118 waiting 343 378 66 99 standing 293 405 70 153 spiking 323 506 65 154 standing 446 413 55 112 standing 422 299 47 108 standing 562 321 47 96 standing 540 365 53 163 blocking 540 388 38 171 blocking 768 345 72 93 waiting 932 381 56 102 waiting 897 457 54 118 waiting
43180.jpg l_set 1038 413 51 108 standing 905 456 40 125 standing 872 348 43 107 standing 672 442 45 125 standing 677 393 41 126 standing 686 379 41 107 standing 603 433 44 124 standing 506 429 35 125 standing 414 331 40 78 moving 354 350 52 119 setting 256 409 69 56 falling 163 454 63 129 moving
22085.jpg l_set 430 507 113 75 falling 301 465 94 121 moving 328 375 79 104 moving 512 321 57 85 moving 598 364 49 161 setting 641 372 32 116 standing 735 432 43 121 standing 731 371 50 136 blocking 743 360 58 107 standing 910 350 44 112 standing 1086 391 53 111 standing 1049 456 61 123 standing
23655.jpg r_spike 1017 336 57 107 standing 972 388 56 117 standing 959 444 43 133 standing 907 245 51 112 spiking 844 329 62 99 waiting 838 359 58 126 moving 565 403 71 125 standing 502 315 56 98 standing 341 422 69 104 waiting 753 269 33 150 blocking 753 247 35 156 blocking
30995.jpg l-spike 84 390 56 102 standing 169 444 65 141 standing 243 414 78 134 standing 277 333 50 116 standing 322 231 56 120 spiking 367 352 45 127 standing 441 376 42 113 standing 422 352 33 122 standing 414 244 44 127 blocking 628 423 71 108 waiting 769 363 48 108 standing 682 309 56 95 digging
25225.jpg r_set 204 387 76 102 standing 325 421 37 125 standing 403 362 62 79 waiting 608 432 39 133 standing 614 396 36 116 standing 606 360 38 91 standing 783 399 43 146 setting 854 403 70 111 moving 843 302 47 90 standing 959 378 34 109 standing 1072 450 64 68 falling 874 528 110 144 moving
29025.jpg r_set 915 498 78 132 standing 858 327 43 134 setting 862 310 50 108 standing 782 263 48 84 standing 632 370 55 130 standing 591 244 40 88 moving 505 407 45 127 standing 509 356 35 119 standing 510 326 41 107 standing 344 409 67 126 standing 232 327 41 114 standing 163 379 40 122 standing
12625.jpg l-spike 228 423 41 127 standing 275 404 68 109 standing 381 409 38 105 moving 426 414 61 179 spiking 484 465 59 112 waiting 459 354 42 94 moving 585 425 42 145 blocking 589 401 41 166 blocking 665 362 47 98 standing 802 371 75 88 digging 982 403 52 100 waiting 946 495 50 121 standing
29060.jpg r_spike 182 421 65 129 standing 350 320 91 98 moving 515 396 54 127 standing 674 250 35 161 blocking 673 256 38 175 blocking 722 354 68 91 waiting 782 250 51 103 spiking 823 270 41 103 moving 876 328 67 105 standing 816 435 50 121 standing 970 372 55 111 standing
21810.jpg r_set 366 438 51 121 waiting 362 364 34 101 standing 250 392 41 123 standing 566 446 43 116 standing 602 416 38 119 standing 587 370 31 120 standing 708 371 49 147 setting 762 401 46 116 standing 860 520 72 120 moving 943 405 70 97 moving 935 371 37 102 standing 963 325 83 91 moving
12470.jpg r-pass 79 479 80 146 standing 381 433 47 126 standing 362 406 36 113 standing 522 429 55 127 standing 581 422 31 132 standing 551 389 34 117 standing 663 384 45 109 standing 845 326 45 97 standing 848 372 41 112 standing 932 378 51 109 standing 994 442 75 107 standing 990 481 62 133 digging
43090.jpg r_set 262 446 39 133 standing 227 440 46 99 digging 281 369 37 108 standing 489 451 55 110 moving 525 415 36 112 standing 526 373 28 98 standing 623 367 79 144 spiking 696 330 33 121 jumping 855 431 86 91 moving 849 331 69 87 moving 852 509 58 124 standing 855 384 35 98 standing
43130.jpg l-pass 1054 432 59 125 standing 922 445 48 135 standing 996 345 59 96 standing 969 331 41 99 standing 833 402 43 135 standing 816 494 47 121 standing 759 466 47 140 standing 733 462 74 131 standing 670 384 47 98 standing 558 445 73 116 standing 513 343 71 104 standing 419 393 80 96 digging
30940.jpg l-pass 1077 401 50 120 standing 1015 405 42 121 standing 945 301 33 118 standing 790 342 41 117 standing 758 391 29 125 standing 750 341 44 130 standing 649 381 52 119 standing 510 319 44 118 standing 402 305 50 104 standing 350 377 57 122 digging 339 358 44 115 standing 149 419 54 133 standing
21775.jpg r-pass 954 459 39 130 standing 886 422 77 88 digging 1033 343 55 101 moving 913 380 41 101 standing 813 434 53 134 standing 574 369 45 111 standing 461 395 40 127 standing 495 422 34 137 standing 498 400 30 108 standing 338 403 34 129 standing 235 393 42 121 standing 83 410 60 132 standing
22045.jpg l-pass 412 402 85 101 moving 582 428 114 109 standing 568 360 39 79 digging 798 363 63 96 standing 806 336 37 108 standing 832 322 31 122 standing 875 401 58 120 standing 904 368 33 113 standing 901 334 42 98 standing 1025 427 63 115 standing 1047 404 32 116 standing 1104 381 43 109 standing
22025.jpg r_spike 311 419 48 120 standing 467 337 43 86 waiting 543 434 68 126 waiting 762 305 34 140 blocking 754 291 44 126 blocking 821 321 37 100 standing 820 391 56 112 standing 936 393 45 108 standing 924 264 37 149 spiking 1004 444 44 129 standing 1039 389 39 104 waiting
21895.jpg l_set 337 377 49 103 standing 391 356 58 90 standing 398 463 67 113 standing 550 373 46 156 setting 533 313 67 79 moving 744 410 34 127 standing 824 453 40 125 standing 833 399 43 118 standing 847 357 42 107 standing 1048 351 50 112 standing 1153 462 50 123 standing 1208 404 43 118 standing
23485.jpg l-pass 62 427 75 135 moving 334 432 45 116 digging 339 360 45 112 standing 437 317 40 115 standing 503 330 49 115 standing 644 426 70 125 standing 747 388 40 132 standing 801 420 34 125 standing 766 350 36 120 standing 998 430 37 122 standing 1040 418 40 131 standing 1126 403 51 127 standing
28880.jpg l_set 275 384 35 129 standing 370 347 48 116 standing 339 444 64 134 standing 422 406 74 116 moving 481 299 36 90 standing 558 327 51 153 setting 684 334 34 110 standing 673 360 38 128 standing 678 421 44 128 standing 878 322 33 107 standing 992 365 49 118 standing 941 430 69 117 standing
12515.jpg r_set 281 420 50 119 standing 376 457 48 129 standing 430 393 64 76 waiting 635 370 57 104 standing 659 403 40 129 standing 631 454 48 124 standing 763 330 36 129 setting 785 434 47 130 standing 860 329 53 84 moving 956 416 95 88 moving 962 517 61 125 moving 1036 448 43 123 standing
25285.jpg l-pass 357 452 96 111 moving 551 405 51 115 digging 564 351 51 79 standing 646 371 47 103 standing 700 308 45 102 standing 686 287 59 98 standing 768 292 45 96 standing 775 354 36 122 standing 813 423 48 125 standing 878 354 43 77 moving 1057 390 46 113 standing 1151 504 62 155 moving
28775.jpg r_set 915 489 84 117 moving 947 373 59 107 standing 848 342 30 104 standing 825 303 56 96 moving 694 273 43 110 setting 656 364 43 126 standing 530 400 36 129 standing 530 361 38 115 standing 535 323 30 106 standing 273 426 39 130 standing 270 334 40 107 standing 181 391 37 117 standing
12530.jpg r_spike 401 409 47 119 waiting 511 381 77 76 waiting 438 475 63 115 waiting 739 466 44 131 standing 742 352 27 84 waiting 759 359 55 146 blocking 1070 444 42 124 standing 969 394 44 116 standing 890 500 55 129 standing 869 322 45 86 moving 830 369 52 152 spiking 850 357 54 90 setting
21925.jpg l-spike 1045 415 60 111 standing 855 339 49 98 waiting 824 467 72 111 waiting 703 455 65 108 waiting 563 287 37 141 blocking 562 269 46 136 blocking 487 384 47 93 waiting 472 248 34 131 spiking 390 359 48 91 standing 300 436 46 124 standing 255 384 46 114 standing 118 455 84 121 moving
30970.jpg l_set 982 372 62 110 standing 914 430 53 117 standing 865 318 40 102 standing 664 327 55 107 standing 644 388 41 110 blocking 643 358 37 111 standing 394 302 58 88 moving 484 312 81 129 spiking 545 319 48 156 setting 300 356 70 110 moving 202 455 70 128 moving 168 407 65 109 moving
25185.jpg r-pass 455 407 38 129 standing 470 375 27 117 standing 495 384 28 131 standing 288 395 39 105 standing 606 336 53 99 standing 705 441 80 130 standing 772 320 36 109 standing 868 386 56 95 standing 900 486 55 144 standing 90 403 57 118 standing 198 398 45 126 standing 926 452 53 66 digging
23575.jpg r-pass 349 494 52 160 moving 274 406 54 115 waiting 354 370 58 109 standing 439 421 65 118 standing 478 314 45 111 standing 469 392 62 122 standing 595 351 88 71 waiting 724 394 102 62 falling 866 433 53 119 standing 913 383 48 104 standing 557 447 43 129 standing 554 446 64 109 standing
21980.jpg r_set 237 388 48 124 standing 332 353 43 105 standing 298 429 59 130 standing 503 408 45 118 standing 566 381 33 120 standing 552 349 37 104 standing 636 330 34 96 standing 691 314 52 90 standing 724 394 44 101 digging 873 333 42 94 standing 1013 399 42 104 standing 859 482 55 132 standing
43115.jpg r_spike 1004 418 49 111 standing 936 348 62 96 standing 911 332 52 95 standing 897 444 47 111 standing 810 403 76 163 spiking 772 421 54 122 standing 726 403 34 157 blocking 721 391 38 148 blocking 670 370 47 89 moving 456 434 63 114 standing 457 346 54 105 standing 377 415 61 79 waiting
21830.jpg r_spike 1041 395 48 103 waiting 978 327 58 93 moving 932 393 45 103 standing 893 436 76 121 standing 833 428 76 138 jumping 825 373 53 127 spiking 738 401 40 175 blocking 745 386 32 158 blocking 690 352 48 105 standing 507 347 43 91 waiting 436 442 80 112 moving 381 391 60 103 waiting
12595.jpg l_set 763 351 43 112 standing 748 414 41 69 standing 745 460 49 128 standing 946 353 50 111 standing 1028 406 78 108 standing 1065 471 42 122 standing 647 414 43 127 standing 431 484 89 131 moving 344 398 66 120 standing 510 326 34 72 moving 481 354 40 146 setting 494 361 27 93 standing
31080.jpg l_set 891 433 61 117 standing 936 291 49 112 standing 536 344 60 162 setting 560 433 68 145 standing 1033 369 38 111 standing 438 382 37 107 standing 403 302 38 114 standing 471 298 38 90 standing 656 410 40 125 standing 656 373 40 114 standing 672 342 43 109 standing 263 412 60 129 standing
21855.jpg l-pass 423 323 68 156 jumping 516 351 75 94 moving 663 330 63 109 standing 556 452 89 111 moving 794 485 70 137 moving 804 466 51 134 standing 877 465 30 131 standing 889 387 38 127 standing 1001 431 63 124 standing 1040 403 51 113 standing 1071 334 41 108 standing 1192 430 52 130 standing
25330.jpg l_set 311 428 41 128 moving 443 524 47 154 standing 568 355 37 116 standing 386 447 70 131 moving 977 435 47 120 standing 1074 385 42 114 standing 939 364 32 119 standing 703 422 32 119 standing 682 334 27 90 standing 676 346 46 133 blocking 402 288 50 79 moving 372 351 44 125 setting
43045.jpg r-pass 887 323 33 104 standing 823 389 57 91 standing 868 429 38 108 standing 882 465 62 123 digging 679 464 65 135 standing 485 440 45 112 standing 406 415 29 132 standing 394 412 26 116 standing 343 423 39 119 standing 215 439 26 114 standing 188 388 35 122 standing 21 476 91 137 moving
43290.jpg r_winpoint 269 388 55 114 standing 350 473 59 126 standing 439 407 64 107 standing 442 514 52 131 standing 502 432 58 123 standing 542 407 71 119 standing 795 400 109 101 standing 793 460 73 117 standing 760 437 61 132 standing 771 427 35 126 standing 907 420 38 105 standing 920 442 50 121 standing
46755.jpg l_winpoint 358 340 51 119 standing 461 374 48 125 standing 506 379 34 120 standing 565 299 47 90 standing 532 338 99 117 standing 543 423 59 154 standing 695 460 44 132 standing 743 455 40 134 standing 798 314 51 114 standing 961 303 51 110 standing 1014 352 52 118 standing 1019 421 64 117 standing
33555.jpg l_winpoint 506 341 40 123 standing 481 335 35 135 standing 456 372 60 140 standing 413 401 50 119 standing 346 372 51 120 standing 332 437 38 137 standing 602 333 32 105 standing 622 317 30 104 standing 710 439 34 123 standing 847 339 37 107 standing 986 452 47 129 standing 875 463 79 124 standing
31185.jpg l_winpoint 258 378 44 126 standing 339 352 49 113 standing 471 357 44 119 standing 458 309 44 100 standing 494 320 41 101 standing 507 329 62 110 standing 609 299 43 112 standing 688 278 38 97 standing 684 366 70 66 falling 860 411 56 119 standing 871 293 42 105 standing 982 351 37 121 standing
34755.jpg l_winpoint 1001 387 54 138 standing 948 373 62 109 standing 872 340 35 110 standing 669 426 41 127 standing 627 399 46 125 standing 629 342 36 114 standing 303 400 57 114 standing 313 363 36 129 standing 280 352 48 113 standing 233 373 50 126 standing 170 390 50 151 standing 78 360 66 108 standing
35445.jpg r_winpoint 771 475 44 154 standing 795 468 65 137 standing 837 430 30 118 standing 798 389 97 137 standing 771 427 55 113 standing 747 419 41 128 standing 517 439 45 133 standing 466 447 43 131 standing 411 352 68 109 standing 347 374 79 104 standing 338 455 54 141 standing 209 389 60 123 standing
39555.jpg l_winpoint 1040 346 48 105 standing 937 434 50 132 standing 852 322 54 107 standing 775 319 33 111 standing 654 415 39 135 standing 676 480 46 144 standing 481 370 70 117 standing 462 342 62 110 standing 380 391 60 100 standing 338 364 54 124 standing 360 320 45 98 standing 242 513 79 143 standing
42630.jpg l_winpoint 28 456 52 139 standing 273 419 54 111 standing 303 392 34 119 standing 332 409 37 114 standing 385 408 40 115 standing 398 415 47 121 standing 683 417 42 118 standing 856 435 44 131 standing 851 464 45 139 standing 985 416 50 111 standing 976 334 35 106 standing 996 374 45 104 standing
38070.jpg l_winpoint 1019 344 45 115 standing 914 388 54 118 standing 821 389 43 134 standing 804 301 54 111 standing 676 284 44 112 standing 667 308 36 121 standing 525 304 40 105 standing 510 303 44 120 standing 446 331 61 123 standing 441 279 45 107 standing 429 381 66 154 standing 351 311 33 121 standing
45675.jpg l_winpoint 983 382 38 115 standing 1001 366 37 114 standing 978 329 46 113 standing 831 392 65 119 standing 790 375 47 131 standing 706 317 42 108 standing 488 399 60 124 standing 445 419 64 128 standing 422 405 74 136 standing 425 392 94 135 standing 435 352 53 134 standing
30465.jpg r_winpoint 280 444 58 136 standing 295 405 64 105 standing 279 348 50 109 standing 479 400 45 130 standing 538 366 61 123 standing 517 346 48 116 standing 754 361 60 103 standing 835 372 76 129 standing 868 367 51 86 standing 906 385 64 118 standing 920 363 66 117 standing 969 319 46 105 standing
36090.jpg l_winpoint 923 399 31 112 standing 801 346 35 102 standing 686 341 50 110 standing 618 333 54 101 standing 795 456 41 117 standing 627 456 56 123 standing 475 368 39 122 standing 465 334 79 101 standing 400 360 53 108 standing 400 390 71 112 standing 418 417 46 134 standing 355 387 61 103 standing
38685.jpg r_winpoint 238 355 51 123 standing 354 379 46 133 standing 442 376 43 71 falling 416 464 96 58 falling 557 281 33 105 standing 605 290 39 114 standing 696 330 39 125 standing 752 344 58 111 standing 763 324 30 115 standing 802 351 71 102 standing 811 327 74 100 standing 883 321 54 110 standing
40740.jpg r_winpoint 407 350 44 107 standing 516 409 38 134 standing 556 423 52 134 standing 588 337 40 106 standing 618 374 67 121 standing 740 425 51 126 standing 779 358 40 111 standing 777 410 90 140 standing 801 370 70 122 standing 833 345 50 105 standing 916 403 69 129 standing 240 400 58 110 standing
44700.jpg r_winpoint 203 408 55 126 standing 277 370 67 114 standing 366 395 83 129 standing 456 391 45 128 standing 501 301 42 103 standing 608 316 36 111 standing 818 360 23 112 standing 773 361 47 110 standing 758 346 58 117 standing 597 532 52 141 standing
36660.jpg r_winpoint 803 399 45 97 standing 767 387 41 134 standing 703 391 80 153 standing 676 386 49 125 standing 723 376 90 115 standing 744 349 46 90 standing 560 346 49 114 standing 517 412 43 136 standing 498 347 58 114 standing 327 441 43 127 standing 296 354 42 108 standing 229 372 51 104 standing
34155.jpg r_winpoint 278 407 66 111 standing 330 427 33 136 standing 364 395 40 112 standing 504 366 40 110 standing 591 431 42 131 standing 622 428 28 123 standing 749 443 54 129 standing 786 430 43 119 standing 800 415 38 112 standing 741 424 59 137 standing 750 403 45 108 standing 778 390 65 107 standing
