43655.jpg l-pass 1080 404 54 128 standing 945 354 58 133 standing 796 365 77 141 standing 782 413 47 161 standing 768 381 26 144 standing 775 340 35 133 standing 667 333 47 131 standing 656 322 82 129 standing 510 391 54 124 falling 379 411 84 75 falling 226 413 90 161 standing 194 393 54 139 standing
80790.jpg r_spike 1007 442 76 129 standing 843 381 42 123 standing 731 345 50 140 standing 744 425 56 140 standing 768 451 64 165 setting 670 463 52 72 falling 496 364 44 125 standing 401 447 77 144 moving 495 465 57 147 standing 529 428 74 111 standing 256 416 88 118 standing 140 434 60 148 standing
68380.jpg r-pass 835 427 58 165 setting 951 356 77 133 standing 1088 459 65 139 standing 829 399 65 119 standing 763 389 40 127 standing 776 485 63 136 standing 686 471 49 97 standing 622 482 60 145 moving 541 417 96 125 moving 476 395 57 119 standing 459 461 71 131 standing 220 413 65 128 standing
43810.jpg l_set 1099 392 55 139 standing 1019 373 48 137 standing 1056 450 46 144 standing 691 437 51 147 standing 676 414 41 130 standing 677 372 49 109 standing 561 361 49 112 standing 560 380 67 135 standing 446 424 62 140 standing 262 411 72 132 digging 171 418 70 149 standing
80680.jpg l_set 1001 426 65 117 standing 912 475 65 132 standing 838 384 38 113 standing 621 467 62 125 standing 631 421 33 112 standing 637 351 34 113 standing 510 435 66 142 setting 401 360 40 79 moving 414 503 47 55 falling 368 445 63 107 standing 260 509 82 115 moving 300 410 45 123 standing
77550.jpg r_spike 929 429 57 144 standing 969 399 35 131 standing 886 380 58 114 standing 807 448 57 171 standing 725 379 53 135 standing 784 278 64 151 spiking 640 284 19 203 blocking 641 280 43 194 blocking 478 434 84 143 standing 221 438 74 145 digging 290 367 75 102 standing 72 401 57 131 standing
43855.jpg l-spike 1102 406 65 126 standing 979 361 58 129 digging 1016 482 67 141 digging 714 383 84 120 standing 615 350 28 210 blocking 498 376 82 116 standing 471 409 75 120 standing 424 416 47 139 standing 299 357 69 207 spiking 246 431 56 139 digging 237 401 60 135 standing
77450.jpg r_spike 1058 396 39 124 standing 989 421 65 143 moving 896 368 56 112 standing 777 427 50 129 standing 754 386 54 116 standing 732 309 58 143 spiking 668 293 52 143 blocking 501 423 92 109 standing 383 367 48 94 waiting 256 452 65 128 digging 120 401 45 122 standing
77585.jpg r-pass 146 385 56 135 standing 302 421 52 143 standing 335 362 43 105 standing 569 411 54 148 standing 609 355 54 120 standing 632 338 41 124 standing 768 344 54 146 digging 857 451 50 152 standing 1013 384 73 126 standing 889 366 39 135 standing 885 312 65 154 standing
22480.jpg r-pass 926 420 60 60 falling 988 410 99 96 standing 925 429 58 130 standing 652 368 69 127 standing 641 450 89 147 standing 590 431 66 154 standing 499 357 46 122 standing 471 382 51 133 standing 336 378 37 123 standing 323 437 127 170 standing 262 424 65 141 standing 179 372 51 127 moving
76710.jpg l-pass 260 481 119 106 falling 433 405 69 113 standing 564 354 55 130 standing 532 444 75 158 standing 767 454 41 127 standing 694 481 68 164 moving 1068 338 54 144 standing 1082 468 63 153 standing 875 381 40 134 standing 849 407 43 147 standing 865 448 44 168 standing
77355.jpg r-pass 902 441 61 134 standing 890 363 65 125 setting 720 361 69 97 standing 570 342 63 125 standing 491 449 30 141 standing 512 444 51 123 standing 212 407 61 119 standing 212 449 41 117 standing 334 432 58 134 standing 426 437 51 150 standing 426 387 51 120 standing 405 359 40 110 standing
76565.jpg r_set 47 447 85 154 standing 39 401 65 134 standing 248 385 57 102 standing 634 348 55 153 setting 696 375 82 137 moving 914 384 69 125 standing 1001 378 108 158 moving 1138 442 96 141 standing 970 513 102 158 moving 483 444 57 134 blocking 508 389 41 139 blocking 514 361 40 144 blocking
22150.jpg r_set 612 348 55 151 setting 808 356 71 119 moving 911 340 60 110 standing 1007 385 97 119 moving 952 454 111 141 moving 556 350 46 117 standing 536 386 52 139 standing 528 412 55 168 standing 313 363 44 110 standing 296 424 52 133 standing 191 401 52 120 standing 1008 427 82 120 standing
71220.jpg r-pass 881 424 64 86 digging 938 495 43 133 standing 722 390 85 112 digging 654 399 65 96 standing 547 400 41 105 blocking 542 457 40 97 standing 466 444 62 110 standing 453 475 86 162 standing 413 365 58 117 standing 361 484 62 116 standing 311 430 56 119 standing 171 433 50 108 standing
24945.jpg r_set 611 351 34 133 setting 884 392 38 105 standing 641 423 46 120 standing 976 419 46 99 moving 1012 445 85 139 moving 973 499 106 156 moving 541 391 40 136 standing 520 447 49 168 standing 283 387 44 108 standing 301 445 49 136 standing 153 440 46 142 standing
71155.jpg l-pass 193 445 32 99 standing 281 476 48 103 standing 344 447 50 69 digging 378 415 41 82 standing 420 469 47 101 standing 584 454 47 99 standing 667 464 28 107 standing 657 426 33 105 standing 697 433 26 97 standing 802 407 35 99 standing 871 480 39 90 standing 1066 481 58 99 moving
29860.jpg r_spike 782 270 35 152 spiking 771 363 57 135 standing 860 361 46 116 standing 930 344 45 112 standing 911 396 79 112 standing 848 440 52 133 standing 668 265 41 170 blocking 568 400 50 112 standing 401 422 72 157 standing 324 355 41 102 standing 158 433 70 128 standing
68425.jpg r_set 880 515 105 158 moving 986 350 76 127 standing 957 412 40 136 standing 888 430 42 137 standing 735 362 48 163 setting 648 414 56 150 standing 162 402 62 130 standing 308 389 45 102 standing 211 458 79 132 standing 547 461 45 138 standing 557 425 36 151 standing 553 386 38 127 standing
22420.jpg l_set 1015 457 58 117 standing 904 351 44 120 standing 689 413 49 148 standing 695 359 28 137 standing 681 325 36 123 standing 589 364 51 134 standing 421 347 44 124 standing 404 325 47 89 moving 365 320 58 141 setting 196 449 96 168 moving 121 377 82 124 standing
80715.jpg l-spike 401 286 63 163 spiking 488 294 35 172 blocking 483 296 69 177 blocking 774 385 59 96 digging 914 412 53 119 standing 812 474 55 126 standing 620 487 123 116 standing 400 426 68 122 standing 360 453 72 134 standing 355 480 71 136 standing 282 426 74 129 standing 204 409 51 131 standing
43755.jpg l-pass 459 429 70 114 digging 688 406 86 103 standing 555 340 55 228 blocking 428 389 69 80 standing 407 434 57 150 standing 288 384 44 125 standing 238 446 52 133 standing 272 458 98 161 standing 984 393 86 107 digging 1032 489 73 135 digging 1120 426 66 133 digging
25070.jpg r_set 1002 523 115 184 moving 1057 420 107 126 moving 1065 395 58 115 standing 905 365 78 129 standing 715 396 54 129 standing 632 308 49 176 setting 521 440 52 190 standing 171 398 60 125 standing 276 430 60 139 standing 332 363 60 123 standing 560 360 29 166 blocking
22375.jpg l-pass 253 393 60 114 standing 310 400 66 133 standing 388 431 94 136 standing 378 363 34 102 standing 452 370 60 120 digging 487 351 46 102 standing 886 428 69 120 standing 766 356 54 89 standing 663 404 97 131 standing 594 337 40 105 standing 557 307 32 136 blocking 979 387 53 113 standing
29740.jpg l-spike 188 404 35 123 standing 225 437 54 151 standing 282 390 51 113 standing 353 317 35 120 spiking 387 385 43 121 standing 432 412 48 111 standing 530 322 32 165 blocking 790 374 54 114 standing 837 464 72 113 digging 966 413 64 117 standing 535 319 42 145 blocking
43745.jpg l-spike 255 398 80 191 spiking 278 444 81 143 waiting 349 378 48 137 standing 454 371 79 111 standing 396 417 67 149 moving 512 427 75 121 standing 629 345 42 246 blocking 751 380 72 127 standing 1184 426 68 145 standing 1024 357 47 134 standing 1090 489 68 144 standing
71190.jpg l_set 1062 448 70 117 standing 966 496 45 116 standing 841 389 70 105 standing 679 455 59 154 blocking 683 426 44 95 blocking 697 400 30 103 standing 623 395 44 143 setting 428 481 76 113 moving 386 375 52 86 moving 256 471 54 142 standing 233 437 86 95 moving 213 424 60 87 moving
43565.jpg r-pass 1037 492 60 112 waiting 784 510 75 130 standing 752 412 47 93 standing 638 432 43 134 standing 674 404 75 149 jumping 798 439 68 102 digging 524 478 65 138 standing 413 421 47 116 standing 335 465 72 163 standing 215 454 56 135 standing 588 432 33 134 standing 578 409 36 114 standing
29655.jpg l-pass 25 477 44 139 standing 204 467 44 91 standing 335 408 34 84 standing 258 466 56 76 digging 440 429 56 88 standing 559 436 28 102 standing 633 452 30 100 standing 748 440 35 109 standing 860 459 49 88 standing 613 416 28 128 standing 627 413 25 90 standing 1116 468 58 109 moving
43630.jpg r_spike 739 261 57 170 spiking 982 411 61 130 standing 793 390 79 97 waiting 756 449 77 159 standing 700 387 63 158 standing 636 261 51 192 blocking 499 415 63 136 standing 279 429 86 162 standing 263 351 49 106 standing 116 415 68 144 standing
71325.jpg r_spike 117 434 39 109 standing 138 484 86 101 standing 287 414 50 101 standing 482 441 60 133 standing 481 400 60 97 standing 563 421 33 94 standing 792 348 48 152 setting 650 393 33 101 standing 649 453 67 126 standing 634 449 50 109 standing 758 444 58 128 standing 1057 508 37 133 standing
76605.jpg r-pass 805 435 118 163 digging 1050 526 126 84 falling 991 367 62 163 standing 886 372 67 118 standing 830 383 79 129 standing 758 333 80 129 standing 523 447 92 148 standing 636 354 56 139 standing 651 340 47 139 standing 366 352 45 116 standing 304 440 67 148 standing 199 385 54 146 standing
76650.jpg r_set 58 385 35 153 standing 264 452 85 141 standing 277 370 68 110 standing 557 436 57 130 standing 562 395 54 134 standing 586 356 43 105 standing 650 353 49 145 standing 767 335 69 162 setting 1013 334 105 137 moving 936 390 44 123 standing 1019 457 83 150 standing 934 461 91 164 moving
68360.jpg r_spike 137 415 70 123 standing 370 381 72 114 standing 513 388 69 100 standing 613 392 58 174 blocking 599 361 70 163 blocking 687 364 44 118 standing 732 381 70 200 spiking 772 383 55 121 standing 799 421 53 140 standing 884 322 53 137 standing 1031 400 44 128 standing 291 473 76 128 moving
24975.jpg r_spike 1040 404 76 115 standing 892 441 52 142 standing 862 393 76 128 standing 762 383 75 177 spiking 771 324 70 120 standing 722 392 50 137 standing 644 356 65 225 blocking 598 398 51 124 standing 647 361 46 169 blocking 404 366 48 107 standing 261 456 67 145 standing 152 428 70 124 digging
77340.jpg l-spike 935 475 62 124 standing 910 410 88 88 standing 752 377 79 101 standing 593 354 62 120 standing 527 383 45 171 blocking 530 373 43 144 blocking 474 386 45 116 standing 406 399 67 158 spiking 376 455 60 122 digging 414 348 43 112 standing 232 459 65 116 standing 250 402 52 116 standing
76535.jpg r-pass 130 395 60 134 standing 289 391 38 103 standing 493 429 41 138 standing 510 399 29 135 standing 518 379 35 128 standing 593 376 40 116 standing 813 409 60 130 standing 998 406 41 83 standing 980 454 70 76 digging 991 461 45 141 standing 1129 370 48 142 standing
43700.jpg l_set 1216 391 62 139 standing 1114 449 54 154 standing 998 341 42 135 standing 746 400 34 150 standing 749 381 39 152 standing 735 347 56 133 standing 601 355 56 142 standing 474 351 31 133 digging 418 349 62 113 standing 458 317 48 98 standing 113 404 84 141 standing 1 432 82 183 standing
71355.jpg l-pass 391 483 75 92 falling 611 447 55 139 standing 703 385 35 154 standing 688 440 49 130 standing 403 371 69 114 standing 476 426 65 110 moving 827 382 44 133 standing 988 477 44 123 standing 938 424 44 133 standing 184 419 41 131 standing
43870.jpg r-pass 911 420 72 72 falling 989 420 80 105 standing 630 394 92 100 standing 910 473 58 144 standing 528 407 55 175 standing 448 369 49 122 standing 405 403 79 123 standing 357 412 34 134 standing 295 434 87 141 standing 221 394 37 131 standing 224 433 63 141 standing
76585.jpg r_spike 1141 432 49 156 standing 896 387 82 159 digging 814 474 77 179 standing 850 383 46 119 standing 789 392 72 134 standing 679 329 74 119 spiking 586 304 69 178 blocking 580 292 49 165 blocking 480 441 82 142 standing 278 371 60 99 digging 216 462 79 137 standing 130 413 48 123 standing
22460.jpg l-spike 197 352 50 100 standing 288 416 62 138 standing 317 377 110 200 spiking 402 340 53 124 moving 452 402 51 137 standing 567 349 60 175 blocking 586 397 50 144 blocking 687 361 50 124 standing 911 353 69 110 digging 977 463 81 138 standing 1105 392 64 128 standing 350 386 28 135 standing
22180.jpg r_spike 979 410 67 128 standing 905 338 60 133 standing 844 300 73 152 spiking 773 449 73 163 standing 777 411 84 165 standing 736 292 54 118 jumping 649 304 52 173 blocking 662 301 37 158 blocking 537 399 79 167 standing 282 341 67 105 standing 225 392 65 124 standing 207 414 86 135 standing
22265.jpg l-spike 444 231 45 162 spiking 465 350 60 139 standing 879 396 76 139 standing 1066 345 64 127 standing 839 310 37 121 standing 698 392 88 135 standing 557 237 60 172 blocking 354 337 37 101 standing 373 357 52 129 standing 356 421 84 180 standing 207 340 66 121 standing
80750.jpg r-pass 1007 416 69 133 standing 809 463 41 117 standing 696 421 97 79 falling 671 500 97 53 falling 576 415 57 89 digging 606 351 63 119 standing 466 454 47 145 standing 484 402 38 135 standing 467 379 49 122 standing 291 446 60 148 standing 320 395 41 125 standing 157 403 60 138 standing
77405.jpg r_set 804 317 64 107 moving 999 365 53 131 standing 920 427 65 142 standing 778 495 73 170 standing 816 380 63 169 setting 549 402 45 149 standing 461 347 50 97 standing 462 390 53 120 standing 451 428 41 154 standing 206 372 37 112 standing 178 431 67 157 standing
22200.jpg l-pass 183 373 60 141 standing 304 394 92 141 moving 333 352 52 84 standing 519 320 97 214 setting 678 357 56 135 standing 764 317 39 126 standing 767 358 60 129 standing 765 423 58 175 moving 904 423 73 158 moving 956 331 67 139 standing 988 386 45 124 standing
22235.jpg l_set 462 316 54 176 setting 476 298 52 103 moving 614 357 39 152 standing 751 335 56 133 standing 686 348 43 143 standing 679 392 71 137 standing 354 331 39 146 standing 339 417 75 148 moving 129 359 65 131 standing 857 319 69 135 standing 1148 350 45 143 standing 1023 417 69 148 standing
80650.jpg l-pass 368 442 55 87 digging 328 423 48 108 standing 508 376 49 91 standing 480 453 91 123 standing 446 430 43 102 standing 397 481 91 125 standing 667 421 43 112 standing 774 365 43 102 standing 749 402 48 108 standing 792 485 58 139 moving 911 396 41 98 standing 901 437 43 107 standing
76580.jpg r_spike 91 402 48 133 standing 172 450 64 118 digging 238 372 62 107 digging 483 448 74 146 standing 559 296 39 212 blocking 667 302 68 134 spiking 728 394 88 131 standing 925 390 69 151 standing 844 495 95 169 moving 847 382 78 127 moving 1118 438 101 160 moving
43765.jpg l-pass 406 393 85 83 falling 426 412 69 128 standing 375 434 55 153 standing 533 440 49 150 standing 643 410 91 97 standing 244 403 51 108 standing 204 436 57 148 standing 220 448 63 181 standing 961 428 94 79 falling 1077 399 89 144 standing 1005 476 54 144 standing 564 447 48 134 standing
22355.jpg l-spike 1062 379 50 120 standing 953 439 67 123 standing 832 335 60 112 standing 718 405 56 134 standing 614 293 42 166 blocking 608 261 31 169 blocking 496 362 75 128 standing 482 267 49 134 spiking 435 415 62 181 standing 391 420 54 137 standing 412 350 40 113 standing 321 373 52 132 standing
71450.jpg r_spike 906 358 77 127 standing 797 459 60 145 standing 823 424 52 117 standing 688 409 44 136 standing 709 391 41 96 standing 553 342 55 120 spiking 428 460 41 148 standing 407 432 61 119 standing 446 347 27 164 blocking 251 466 51 99 standing 136 461 68 141 standing 45 421 58 120 standing
71210.jpg l-spike 967 513 59 122 standing 966 428 42 104 standing 786 385 60 118 standing 624 398 87 97 standing 608 392 30 142 blocking 599 407 45 165 blocking 534 430 49 125 standing 454 414 97 163 spiking 431 353 52 115 standing 344 428 57 112 standing 343 472 59 126 standing 217 421 45 105 standing
68260.jpg l-pass 268 452 49 79 falling 317 463 74 112 digging 374 383 46 101 standing 577 437 82 150 standing 648 354 46 156 blocking 665 339 24 159 blocking 721 373 38 128 standing 790 478 107 153 standing 790 479 101 156 standing 800 395 46 139 standing 905 405 63 134 standing 913 391 43 117 standing 
43520.jpg r-pass 983 498 48 107 digging 942 494 48 112 digging 869 438 37 96 standing 791 443 53 107 standing 711 415 48 96 moving 626 440 48 107 standing 548 447 32 118 standing 536 435 26 107 standing 487 468 37 107 standing 344 437 26 91 standing 228 457 43 107 standing 92 479 69 139 standing
68330.jpg r_set 187 422 57 110 standing 281 455 50 123 standing 313 384 36 103 standing 515 447 46 120 standing 544 419 35 120 standing 544 374 40 118 standing 653 341 38 145 setting 695 380 33 107 standing 828 518 81 143 moving 961 420 94 111 moving 1006 394 50 104 standing 920 341 69 117 moving
77475.jpg r_set 753 376 66 145 setting 806 329 75 147 moving 1075 392 52 125 standing 909 371 80 120 standing 921 385 68 136 moving 800 426 83 128 standing 692 339 29 123 standing 663 355 35 117 standing 619 406 55 139 standing 425 380 52 103 standing 331 429 57 141 standing 174 385 51 141 standing
77625.jpg r_set 1 373 49 148 standing 282 371 47 117 standing 219 442 88 160 standing 527 429 45 174 standing 539 394 29 141 standing 548 335 58 147 standing 626 350 54 139 standing 770 320 50 184 setting 977 512 119 166 moving 872 297 88 141 moving 952 352 54 127 standing 949 396 58 148 standing
22515.jpg r_set 102 438 100 144 standing 165 399 51 146 standing 314 365 49 112 standing 520 426 53 142 standing 546 396 35 118 standing 561 383 28 132 standing 710 343 51 163 setting 784 393 65 137 moving 920 510 100 165 standing 943 426 42 128 standing 1034 393 88 123 standing 938 376 75 116 moving
24910.jpg r-pass 1144 462 51 127 standing 965 482 55 117 digging 981 446 34 110 standing 934 427 37 96 standing 775 477 72 128 standing 616 419 49 110 standing 519 440 43 131 standing 542 435 52 127 standing 543 418 37 119 standing 360 474 37 125 standing 340 429 38 94 standing 139 462 41 103 standing
68235.jpg r_set 79 430 62 127 standing 240 464 56 137 standing 281 413 37 101 standing 497 468 45 133 standing 527 405 47 158 standing 517 397 31 86 standing 608 367 58 160 setting 886 498 68 152 standing 965 441 103 117 moving 679 407 72 127 moving 864 404 72 115 standing 952 345 74 125 moving
24995.jpg l-pass 1131 415 47 131 standing 891 422 43 152 standing 911 386 52 131 standing 920 322 43 124 standing 750 435 41 161 standing 765 385 41 143 standing 689 426 41 156 standing 631 450 60 154 standing 592 421 80 107 standing 533 372 124 84 falling 276 458 80 141 standing 202 403 71 129 standing
77445.jpg r_spike 1032 386 37 131 standing 976 435 52 139 standing 915 366 35 114 standing 781 429 47 133 standing 735 384 56 120 standing 738 279 45 146 spiking 633 286 39 158 blocking 486 412 67 118 standing 340 359 65 97 digging 233 439 65 143 digging 77 397 50 124 standing
22120.jpg r-pass 1135 390 35 116 standing 1037 439 50 105 digging 959 447 84 114 digging 965 363 43 105 standing 838 364 58 101 standing 661 383 47 114 standing 574 388 39 146 standing 586 376 48 129 standing 548 377 33 107 standing 366 373 33 103 standing 274 385 41 114 standing 209 429 64 120 moving
76780.jpg l-spike 937 413 70 107 standing 679 331 62 131 standing 602 448 99 127 standing 497 279 39 188 blocking 495 279 43 156 blocking 348 279 90 125 spiking 406 396 47 143 standing 297 388 82 137 standing 313 463 74 141 standing 209 373 39 131 standing 239 372 64 109 standing 824 460 49 145 standing
71425.jpg l-pass 987 439 55 128 standing 940 413 55 102 standing 936 355 51 123 standing 785 459 70 123 standing 739 423 70 121 standing 717 378 55 107 standing 519 450 51 150 standing 483 379 42 122 standing 357 467 83 137 standing 344 517 47 60 falling 231 409 52 120 digging
77280.jpg l-pass 1184 420 45 131 standing 1068 375 52 111 standing 1015 457 47 127 standing 763 427 43 133 standing 720 410 52 135 standing 749 377 33 137 standing 582 450 60 137 standing 504 367 56 105 standing 434 396 62 115 standing 295 383 62 113 standing 286 496 82 105 digging 253 467 54 103 digging
77310.jpg l_set 585 378 64 180 setting 486 393 79 120 standing 413 352 61 91 moving 206 491 112 156 moving 230 413 50 116 moving 187 452 79 116 moving 677 350 53 128 standing 673 414 50 134 standing 671 449 68 144 standing 916 378 46 119 standing 1048 432 64 98 standing 1008 471 56 137 standing
29820.jpg r_set 839 343 45 135 digging 876 363 45 120 digging 926 325 54 111 standing 917 421 52 160 standing 890 509 65 171 moving 717 427 96 148 standing 577 355 60 167 standing 563 429 48 146 standing 265 352 33 107 standing 261 436 65 176 standing 122 417 54 141 standing
71275.jpg r-pass 988 484 58 162 digging 697 356 41 103 standing 551 500 53 139 standing 501 410 51 107 standing 480 443 46 136 standing 702 438 55 57 falling 355 394 35 115 standing 342 436 37 121 standing 304 447 44 134 standing 110 415 36 107 standing 30 438 42 123 standing 1 476 31 132 standing
77515.jpg r_set 922 489 95 140 moving 895 411 42 140 standing 944 374 65 133 standing 863 317 63 123 moving 754 351 62 161 setting 587 369 56 144 standing 498 447 42 167 standing 530 380 51 154 blocking 537 345 46 132 standing 269 371 44 111 standing 224 443 65 163 standing 0 382 42 149 standing
22285.jpg l-pass 991 363 50 126 standing 826 410 84 118 standing 733 361 92 94 moving 686 395 84 109 waiting 545 323 71 118 moving 540 280 37 146 standing 399 412 73 160 standing 447 362 60 131 standing 456 331 41 116 standing 351 351 58 112 digging 333 387 43 126 standing 173 368 58 107 waiting
76750.jpg l_set 511 331 59 150 setting 495 424 87 144 jumping 662 344 60 182 standing 646 408 68 171 standing 879 334 61 131 standing 1017 469 60 131 standing 324 326 45 95 standing 322 377 41 129 standing 222 399 56 145 standing 1131 386 71 139 standing
25085.jpg l-pass 197 412 59 118 standing 311 455 110 103 falling 380 421 57 72 falling 532 449 95 148 standing 599 357 43 162 standing 700 330 86 145 jumping 675 345 70 156 standing 845 351 70 116 standing 931 489 67 182 standing 976 406 92 138 moving 1079 395 75 124 standing 618 363 32 137 standing
25040.jpg r-pass 159 394 54 125 standing 256 420 48 161 standing 432 405 71 144 moving 458 339 35 125 standing 504 425 58 185 standing 531 358 40 139 standing 640 339 54 139 standing 760 382 71 145 standing 861 332 41 137 setting 998 406 63 161 standing 957 393 49 131 standing 859 453 99 175 moving
22325.jpg l_set 1040 456 79 139 standing 866 354 85 124 standing 683 399 49 153 standing 690 369 38 107 standing 688 323 35 125 standing 606 346 50 137 standing 519 340 55 169 setting 426 349 42 130 standing 394 324 60 85 moving 284 434 128 167 moving 143 383 111 113 moving 1210 386 60 147 standing
71375.jpg l-pass 417 457 89 83 digging 391 517 51 82 falling 701 382 34 114 standing 679 440 58 123 standing 871 368 68 130 moving 591 466 44 134 standing 352 361 51 97 standing 152 437 60 111 standing 1012 414 61 137 standing 975 465 44 133 standing 373 497 38 70 falling
29775.jpg r-pass 692 400 68 114 digging 852 415 68 124 standing 784 444 107 114 standing 605 362 51 102 standing 643 368 49 109 standing 547 409 40 114 moving 471 395 43 140 standing 439 366 37 120 standing 380 413 35 134 standing 144 382 63 123 standing 214 399 47 137 standing 247 423 74 162 standing
68245.jpg r_spike 924 340 84 126 moving 901 440 75 122 moving 858 404 71 122 standing 829 505 111 144 moving 650 421 65 126 standing 685 341 60 139 spiking 537 486 50 107 standing 574 401 37 150 blocking 560 334 41 167 blocking 264 467 75 131 standing 316 397 47 88 standing 153 429 48 122 standing
22550.jpg r_spike 911 392 55 146 standing 864 439 70 126 standing 813 384 79 133 standing 817 356 62 118 standing 699 367 79 175 spiking 697 318 67 119 standing 533 357 44 116 standing 361 337 42 107 standing 303 436 60 137 standing 76 401 74 132 standing 574 335 74 226 blocking 585 333 49 182 blocking
43600.jpg r_set 1009 459 50 141 standing 820 365 90 114 moving 772 428 59 75 falling 714 360 44 185 setting 649 435 59 153 standing 538 458 76 163 standing 578 415 37 145 standing 578 378 47 96 standing 316 379 45 120 standing 287 456 68 172 standing 130 430 63 137 standing 851 526 102 171 digging
31665.jpg r_winpoint 1032 365 74 152 standing 938 394 73 184 standing 899 339 76 164 standing 797 315 59 153 standing 744 359 100 147 standing 767 429 70 175 standing 642 349 77 167 standing 586 312 57 140 standing 547 411 62 184 standing 300 405 81 204 standing 236 402 51 145 waiting 192 410 110 115 falling
32835.jpg r_winpoint 733 376 40 146 standing 1125 414 58 169 standing 989 419 74 163 standing 1036 398 61 166 standing 1165 355 54 147 standing 1215 357 62 141 standing 168 483 107 115 falling 515 422 65 198 standing 565 356 85 132 standing 802 467 56 177 standing 849 440 63 137 standing
51330.jpg r_winpoint 290 428 66 68 falling 575 408 67 140 standing 402 384 60 161 standing 402 345 74 108 standing 726 354 52 131 standing 733 317 52 112 standing 1142 420 78 150 standing 1037 383 57 141 standing 1080 342 49 154 standing 857 411 62 140 standing 895 362 71 129 standing 890 331 36 92 standing
34065.jpg r_winpoint 204 357 31 121 standing 249 397 77 157 standing 337 390 44 118 standing 411 399 46 133 standing 442 341 51 116 standing 592 367 38 119 standing 650 371 69 112 standing 720 416 42 142 standing 818 372 57 115 standing 793 424 105 121 standing 899 393 78 130 standing
43035.jpg l_winpoint 944 392 62 156 standing 834 356 51 153 standing 698 435 65 167 standing 603 417 58 161 standing 625 499 82 62 falling 623 375 42 140 standing 428 409 58 157 standing 395 397 65 152 standing 343 427 64 178 standing 305 383 97 144 standing 263 434 79 158 standing 118 414 77 142 standing
43890.jpg l_winpoint 1012 384 45 136 standing 921 440 62 61 falling 898 473 46 137 standing 614 380 62 114 standing 542 445 50 154 standing 517 432 39 140 standing 377 396 76 147 standing 382 351 46 148 standing 323 419 70 131 standing 198 431 58 158 standing 214 391 42 124 standing 163 428 59 131 standing
38220.jpg l_winpoint 824 513 114 87 falling 863 369 44 150 standing 766 351 60 139 standing 509 348 59 140 standing 474 448 46 165 standing 441 477 51 186 standing 211 427 83 160 standing 102 428 93 168 standing 147 416 57 155 standing 61 397 69 158 standing 266 355 47 170 standing 253 412 59 163 standing
33510.jpg r_winpoint 117 398 79 227 standing 113 430 184 108 falling 244 390 127 57 falling 505 330 62 152 standing 643 432 63 195 standing 787 409 64 195 standing 917 352 83 175 standing 1007 355 86 156 standing 959 489 102 202 standing 1151 398 97 182 standing
40845.jpg l_winpoint 1005 454 45 147 standing 978 373 52 139 standing 850 359 60 140 standing 668 359 42 133 standing 611 467 70 177 standing 590 431 62 160 standing 447 407 79 170 standing 432 354 82 148 standing 380 410 52 149 standing 323 389 52 137 standing 248 434 74 152 standing
42195.jpg r_winpoint 1223 409 55 130 standing 1082 412 123 148 standing 981 362 95 139 standing 955 404 64 151 standing 909 372 70 147 standing 908 368 75 143 standing 741 367 62 146 standing 703 377 58 148 standing 660 388 68 185 standing 361 370 52 139 standing 310 386 62 141 standing 317 445 45 152 standing
36525.jpg l_winpoint 1050 358 49 156 standing 1011 471 59 124 digging 893 336 64 134 standing 657 360 52 145 standing 566 438 69 180 standing 561 415 95 158 standing 377 382 64 153 standing 371 370 73 139 standing 294 409 46 152 standing 238 411 64 158 standing 196 412 87 189 standing 164 383 94 151 standing
37140.jpg l_winpoint 1024 436 42 186 standing 1067 387 120 164 standing 1021 341 54 145 standing 1016 318 60 133 standing 1164 353 58 149 standing 1219 435 59 157 standing 749 334 55 139 standing 627 332 102 142 standing 547 392 74 187 standing 341 357 82 192 standing 466 384 69 189 standing 456 362 41 165 standing
