53865.jpg l_set 1076 432 45 111 standing 1057 400 50 103 digging 936 353 49 89 standing 736 421 35 116 standing 727 370 36 110 standing 724 340 34 103 standing 630 365 46 146 setting 592 350 51 92 standing 484 311 70 87 moving 360 381 41 105 standing 322 496 89 58 falling 241 459 83 128 standing
26055.jpg l_set 341 307 34 130 setting 334 404 42 111 standing 429 456 49 132 standing 593 308 44 96 standing 675 422 58 128 standing 693 385 51 124 standing 812 354 29 107 standing 879 424 49 127 standing 1125 370 33 100 standing 1093 445 76 113 moving 1074 341 36 103 standing 826 370 35 116 standing
37870.jpg r-pass 919 377 50 102 digging 811 361 34 103 standing 743 385 47 109 standing 497 385 50 121 standing 531 459 51 127 standing 524 338 36 94 standing 6 428 45 121 standing 145 418 38 112 standing 398 436 55 126 standing 301 381 48 111 standing 305 356 42 102 standing
29485.jpg r-pass 804 444 61 115 waiting 819 413 61 106 digging 762 367 50 92 waiting 526 350 39 152 blocking 519 338 52 139 blocking 514 334 35 130 blocking 440 386 48 126 jumping 374 419 58 120 standing 357 354 44 126 jumping 391 325 59 96 standing 337 493 79 138 standing 186 446 54 108 standing
53975.jpg l-pass 1007 367 49 141 standing 925 366 51 101 standing 783 477 68 107 standing 707 414 39 127 standing 733 384 25 121 standing 706 355 37 110 standing 646 455 52 118 standing 538 325 43 101 standing 471 408 67 101 standing 447 498 74 67 falling 325 377 44 102 standing 233 461 68 123 standing
22020.jpg r-pass 1126 383 65 80 falling 945 445 36 66 falling 775 395 59 89 standing 765 346 40 92 standing 750 431 42 102 standing 755 495 61 124 standing 699 468 45 133 standing 724 408 27 108 standing 670 337 59 97 standing 487 359 61 101 standing 367 502 80 88 falling 294 426 56 106 digging
26000.jpg r_spike 1074 384 58 104 standing 973 338 39 108 standing 919 414 45 113 standing 767 384 49 117 standing 705 382 63 126 spiking 709 358 46 95 standing 640 379 25 161 blocking 607 378 61 138 setting 458 327 52 97 standing 403 472 76 102 waiting 338 386 61 106 waiting 307 432 55 92 waiting
49705.jpg l_set 1042 365 43 106 standing 1002 451 50 104 waiting 925 331 40 100 standing 679 402 39 109 standing 670 354 42 118 standing 668 337 39 99 standing 551 294 38 136 jumping 496 311 39 154 setting 430 293 53 83 moving 369 325 54 112 standing 331 367 40 108 standing 294 457 76 127 standing
22205.jpg l-spike 1029 351 57 98 waiting 1010 458 58 112 standing 850 339 53 85 waiting 594 371 37 169 blocking 567 344 75 164 blocking 373 369 75 150 spiking 436 404 54 107 standing 454 357 66 115 standing 416 281 48 100 standing 272 403 46 117 standing 203 350 49 112 standing
29360.jpg l-spike 125 418 58 96 standing 319 496 60 147 standing 321 434 81 107 waiting 418 407 37 112 standing 347 373 47 106 standing 381 283 77 102 spiking 508 311 26 149 blocking 511 373 43 125 blocking 514 372 33 151 blocking 771 357 40 79 waiting 835 408 49 111 waiting 785 451 48 120 standing
53910.jpg r-pass 812 450 70 97 digging 855 371 41 106 standing 778 378 41 70 falling 568 413 68 93 digging 551 380 48 91 digging 628 328 41 85 standing 454 414 68 123 standing 517 355 26 141 blocking 484 328 41 98 standing 318 367 36 108 standing 207 424 54 98 standing 272 466 45 136 standing
37775.jpg l-spike 909 455 52 99 digging 926 387 44 94 digging 796 372 42 77 waiting 564 419 49 123 standing 558 316 54 141 blocking 551 279 34 137 blocking 470 266 61 117 spiking 511 354 38 100 standing 431 389 65 96 waiting 369 404 42 114 standing 218 414 55 90 standing 204 469 48 138 standing
49470.jpg r_set 1014 383 37 102 waiting 990 487 71 126 moving 1005 311 71 96 standing 923 301 51 82 moving 819 289 40 103 setting 794 362 40 110 standing 577 407 58 119 standing 608 352 39 119 standing 615 323 33 104 standing 327 434 54 111 waiting 342 324 34 113 standing 262 385 43 107 standing
42955.jpg r-pass 356 383 42 87 standing 548 348 63 92 standing 479 487 73 65 falling 655 450 68 104 moving 733 441 55 137 standing 751 475 42 122 standing 807 406 66 106 digging 844 468 92 83 digging 809 478 44 110 digging 947 337 59 84 standing 979 372 60 82 standing 1103 413 53 104 standing
43095.jpg l_set 293 401 45 107 standing 369 400 64 119 moving 478 316 35 142 setting 472 337 41 100 standing 535 334 35 107 standing 485 301 56 74 moving 704 354 38 106 standing 745 360 32 89 standing 707 413 40 108 standing 920 328 37 99 standing 1080 377 46 103 standing 1050 444 56 120 standing
42215.jpg l_set 1031 376 43 94 waiting 985 430 33 115 standing 913 337 37 94 waiting 662 414 40 116 standing 660 355 38 110 standing 659 338 31 86 standing 583 332 42 134 setting 548 327 44 101 standing 420 299 47 91 moving 337 373 102 93 moving 342 455 96 115 moving 175 382 69 87 moving
29300.jpg l-pass 1133 415 51 126 standing 1041 451 42 117 standing 951 396 37 111 standing 772 431 42 122 standing 767 412 36 119 standing 766 386 36 104 standing 638 440 52 117 standing 514 374 68 96 standing 347 481 60 134 standing 310 439 52 126 digging 352 402 47 100 standing 368 379 45 96 standing
37820.jpg r-pass 242 469 39 130 standing 271 410 50 111 standing 230 380 52 95 standing 442 411 40 106 standing 475 392 27 117 standing 477 363 31 106 standing 530 357 38 110 standing 629 462 46 136 moving 591 325 41 85 moving 759 370 44 63 standing 779 421 46 88 waiting 797 384 41 112 digging
54020.jpg l-spike 954 389 52 102 waiting 888 465 40 99 waiting 864 369 43 84 waiting 640 425 65 113 standing 619 326 50 131 blocking 529 312 69 127 spiking 497 319 62 99 standing 367 384 29 113 standing 293 457 60 137 standing 427 554 47 116 falling 516 447 72 118 standing
53835.jpg l-pass 1151 385 41 109 standing 1076 415 42 109 standing 1022 357 60 90 moving 788 400 37 113 standing 794 370 24 113 standing 783 354 35 96 standing 711 405 41 119 standing 543 334 65 95 standing 524 310 53 91 standing 402 369 40 100 standing 414 465 57 83 digging 229 424 35 122 standing
22115.jpg l-pass 300 420 38 125 standing 429 434 50 116 standing 522 345 59 104 standing 605 420 75 109 waiting 720 319 38 103 standing 724 321 45 104 digging 786 366 57 110 standing 786 423 57 141 standing 896 416 63 107 standing 874 378 47 91 digging 914 329 48 99 standing 1042 393 46 109 standing
21960.jpg r-pass 891 394 44 73 digging 865 444 57 106 standing 702 360 69 89 standing 543 387 45 94 standing 625 313 40 100 standing 459 439 51 129 standing 481 401 37 84 standing 453 385 58 114 standing 127 463 68 125 standing 148 416 36 89 standing 130 380 42 96 standing 887 416 34 95 standing
22090.jpg r_spike 289 435 76 107 waiting 415 457 80 127 standing 477 342 45 100 standing 620 426 60 100 waiting 736 288 49 133 blocking 737 281 46 121 blocking 808 374 33 105 standing 845 273 56 114 spiking 892 370 57 90 standing 802 472 55 137 standing 965 437 36 116 standing 989 419 49 104 standing
22160.jpg l_set 1057 444 64 116 standing 931 369 65 105 standing 862 383 43 105 standing 688 417 41 119 standing 695 370 31 117 standing 686 358 33 112 standing 572 343 41 108 standing 504 281 38 111 setting 469 365 41 108 standing 434 323 42 101 standing 250 410 41 116 standing 127 480 72 127 standing
53880.jpg l-spike 673 366 36 150 blocking 638 303 43 134 blocking 553 280 67 131 spiking 529 321 55 89 standing 536 416 64 112 standing 345 377 51 112 standing 272 458 56 97 falling 312 463 43 131 standing 889 358 39 82 waiting 971 453 53 96 standing 973 382 46 101 standing
54115.jpg r_spike 353 451 53 127 standing 340 405 43 93 standing 469 342 64 97 standing 597 354 87 89 standing 711 379 32 146 blocking 718 405 44 151 blocking 758 378 48 106 standing 789 329 41 103 moving 816 447 59 120 standing 789 426 68 135 spiking 877 383 50 111 standing 956 457 41 118 standing
29425.jpg l-pass 1048 451 59 119 standing 1071 401 41 101 standing 994 352 58 98 standing 751 426 33 125 standing 778 362 39 107 standing 738 345 41 98 standing 493 316 60 100 moving 453 412 78 100 standing 376 372 55 108 standing 320 453 39 128 setting 374 471 68 134 standing 681 430 48 127 standing
25960.jpg l-pass 1093 406 42 121 standing 1058 372 64 90 standing 1001 419 52 86 waiting 791 388 48 112 standing 750 402 43 118 standing 726 366 51 136 blocking 493 375 61 103 standing 482 333 51 93 standing 432 454 94 117 standing 311 452 70 97 digging 305 411 51 82 waiting 327 371 48 66 digging
42100.jpg r-pass 1013 475 69 110 standing 955 423 52 106 standing 896 326 39 99 standing 695 377 49 102 standing 594 517 65 123 standing 551 581 78 136 digging 561 441 38 125 standing 559 395 33 119 standing 556 361 36 109 standing 383 451 28 125 standing 338 365 43 106 standing 323 358 57 85 standing
54155.jpg l-pass 259 449 49 111 standing 440 549 57 146 digging 507 338 38 104 standing 660 318 43 107 standing 729 422 49 116 standing 761 483 41 136 standing 855 346 39 114 standing 874 394 55 122 standing 926 420 61 111 standing 858 504 55 146 standing 1024 463 57 119 standing 1001 379 68 118 standing
38110.jpg l_set 1109 385 47 107 standing 998 445 53 127 standing 965 352 49 89 standing 724 398 42 123 standing 724 369 46 118 standing 727 326 32 108 standing 585 318 42 133 setting 591 346 66 103 standing 549 296 60 78 moving 438 340 43 106 standing 391 402 35 115 standing 228 463 89 118 moving
38045.jpg r_spike 969 381 48 111 standing 901 358 38 100 standing 880 444 55 134 standing 898 279 38 112 spiking 754 439 44 132 standing 733 362 38 106 standing 688 365 34 90 standing 688 300 30 141 blocking 388 454 75 117 standing 378 341 52 86 waiting 263 422 61 96 waiting
49620.jpg l-spike 25 458 57 112 waiting 266 358 41 103 standing 296 324 43 113 standing 375 258 64 126 spiking 423 384 59 120 standing 361 441 58 136 standing 484 265 54 132 blocking 485 268 49 138 blocking 763 319 45 96 standing 903 455 54 106 waiting 942 361 51 109 standing
21995.jpg r_set 1006 386 71 71 falling 859 401 53 105 standing 828 501 59 132 moving 692 388 43 139 standing 676 318 60 90 moving 620 335 50 126 setting 575 367 39 107 standing 567 431 49 95 standing 566 475 50 125 standing 288 356 56 103 standing 228 501 94 99 waiting 161 425 58 114 waiting
37760.jpg l_set 1021 406 55 95 waiting 978 461 53 110 waiting 880 362 40 84 waiting 646 417 42 120 standing 645 374 38 118 standing 649 348 31 81 standing 545 332 38 143 setting 486 329 72 84 moving 548 303 55 98 jumping 319 411 92 109 moving 282 435 40 108 standing 190 458 60 129 standing
49575.jpg l_set 1083 416 65 108 standing 1099 349 35 112 standing 920 313 37 103 standing 704 405 37 115 standing 688 370 48 116 standing 686 348 43 99 standing 534 314 41 108 standing 391 280 48 90 standing 374 380 54 65 falling 333 411 47 143 setting 339 378 40 107 standing 284 500 68 146 standing
22005.jpg r_spike 1041 396 62 61 falling 882 399 31 106 standing 741 503 69 125 standing 697 350 69 129 spiking 669 372 50 112 standing 695 340 34 95 standing 612 492 46 105 waiting 632 355 30 140 blocking 614 355 40 98 standing 376 361 36 104 standing 274 486 85 107 waiting 208 428 46 105 waiting
42905.jpg r_set 238 426 49 92 waiting 305 344 44 108 standing 289 458 68 106 waiting 574 352 35 104 standing 572 361 39 136 blocking 537 421 58 116 standing 740 309 43 114 setting 848 313 42 77 moving 730 386 61 98 standing 903 385 67 98 moving 868 484 91 126 moving 1034 420 52 53 falling
22050.jpg r_set 999 361 59 98 standing 815 424 48 101 digging 812 520 111 52 falling 736 515 66 147 standing 683 411 37 126 standing 759 322 37 81 moving 593 346 35 109 standing 584 398 34 125 standing 596 456 42 129 standing 376 358 58 109 standing 316 455 54 112 standing 266 407 40 117 standing
49430.jpg r-pass 156 366 51 124 standing 335 364 33 114 standing 415 384 42 124 standing 604 330 25 116 standing 602 334 25 131 standing 593 387 37 122 standing 676 356 43 96 waiting 842 313 41 104 standing 954 339 63 97 digging 1073 298 39 92 standing 1007 380 45 99 waiting 1052 426 47 109 standing
42995.jpg r_set 304 392 33 99 standing 370 331 46 103 standing 378 443 51 113 standing 584 369 33 99 standing 614 425 41 120 standing 588 470 55 116 standing 685 397 40 127 standing 756 411 37 118 setting 792 456 58 122 standing 803 534 69 140 moving 951 406 34 109 standing 903 307 46 84 moving
54045.jpg r-pass 324 451 41 136 standing 415 378 41 109 standing 407 502 42 120 standing 536 427 41 127 standing 575 372 28 118 standing 545 325 46 102 standing 618 358 49 106 standing 706 330 38 96 standing 692 419 77 87 digging 788 379 47 96 standing 840 417 32 101 standing 946 344 43 148 standing
42000.jpg l_set 306 402 27 104 standing 280 384 83 104 moving 366 317 63 88 moving 518 361 50 121 standing 465 381 44 147 setting 305 487 103 120 moving 652 372 36 95 standing 651 392 46 115 standing 651 442 57 124 standing 924 344 35 95 waiting 1040 388 41 102 waiting 994 442 58 98 standing
43125.jpg l-spike 275 383 47 84 waiting 348 431 55 133 standing 383 395 42 99 waiting 410 342 51 100 standing 487 354 56 105 standing 520 263 72 101 spiking 642 306 29 112 blocking 624 260 33 111 blocking 920 326 38 94 standing 994 448 61 106 waiting 1152 414 69 100 moving
38065.jpg l-pass 421 376 42 137 setting 452 347 73 86 waiting 454 426 63 114 standing 771 315 32 123 blocking 755 331 51 108 standing 757 369 34 110 standing 816 362 51 99 standing 820 414 43 121 standing 926 358 57 96 standing 958 331 53 103 moving 943 435 64 122 standing 1089 387 59 116 standing
42135.jpg r-pass 995 459 47 112 standing 914 414 46 110 digging 782 339 43 100 standing 631 377 43 97 standing 598 452 49 127 moving 438 593 69 125 moving 413 453 46 119 standing 413 436 43 108 standing 430 392 42 114 standing 432 360 46 110 standing 268 392 45 99 standing 202 392 41 104 standing
29470.jpg l-spike 277 502 87 126 standing 153 460 67 117 moving 320 386 73 109 moving 366 323 69 90 moving 445 348 65 120 spiking 488 364 46 155 setting 598 364 40 109 standing 598 395 42 115 standing 604 434 44 111 standing 834 363 40 92 waiting 911 391 47 114 waiting 881 458 57 117 waiting
38000.jpg r_set 895 390 57 97 standing 743 435 57 152 setting 679 384 59 93 moving 682 302 35 90 standing 606 461 47 135 standing 563 383 30 128 standing 483 408 39 119 standing 494 376 40 123 standing 499 329 29 120 standing 327 347 61 105 standing 225 457 39 128 standing 176 415 40 104 standing
53950.jpg r_spike 954 347 39 158 standing 896 361 47 106 standing 772 444 50 136 setting 695 403 42 121 standing 714 373 40 113 standing 705 335 41 99 standing 623 455 41 115 standing 574 392 47 116 standing 589 342 47 98 standing 355 378 49 90 waiting 357 432 39 107 standing 296 468 88 116 standing
54090.jpg r_set 942 389 78 95 moving 893 444 50 108 moving 846 464 70 125 moving 714 371 39 139 setting 749 324 47 77 moving 652 364 43 114 standing 593 453 38 133 standing 585 398 31 124 standing 581 342 28 105 standing 325 355 39 96 standing 271 425 51 103 standing 246 447 51 129 standing
42175.jpg l-pass 1112 390 32 110 standing 1053 443 33 110 standing 922 350 35 99 standing 720 455 46 121 standing 695 386 53 115 standing 708 365 30 93 standing 634 419 47 122 standing 450 347 41 102 standing 386 326 44 95 standing 341 453 68 125 standing 269 379 38 135 setting 235 388 45 109 standing
26015.jpg l-pass 274 449 60 86 standing 318 396 64 102 waiting 366 476 98 92 digging 449 346 70 103 waiting 639 409 38 109 standing 623 409 53 129 standing 678 432 58 107 standing 712 362 73 102 standing 806 378 53 118 standing 870 419 43 119 standing 956 338 45 102 standing 1013 385 75 109 standing
43050.jpg l-pass 1035 417 47 114 standing 922 355 41 91 standing 843 446 45 132 standing 798 479 60 124 standing 778 365 61 105 standing 768 338 63 96 standing 720 327 39 92 standing 696 325 38 92 standing 620 397 36 92 digging 497 414 51 111 waiting 494 356 41 75 standing 370 407 65 86 standing
43030.jpg r_spike 286 417 63 92 standing 399 334 49 89 waiting 415 431 63 112 waiting 582 419 70 112 standing 689 272 29 125 blocking 668 295 48 130 blocking 741 368 57 100 waiting 746 484 53 129 standing 808 467 44 135 standing 892 371 38 87 standing 923 422 51 122 standing 794 271 41 120 spiking
29475.jpg l-spike 176 450 50 114 standing 284 498 89 125 moving 352 388 51 110 standing 367 325 73 96 moving 445 342 63 112 spiking 452 409 60 133 standing 571 371 41 110 standing 576 383 38 129 blocking 573 380 45 157 blocking 813 365 42 91 standing 887 398 47 112 waiting 850 457 63 118 waiting
54005.jpg l_set 1020 400 45 101 waiting 905 373 34 86 waiting 894 464 56 105 waiting 685 427 35 116 standing 671 386 42 110 standing 671 348 32 103 standing 591 403 51 147 setting 553 372 44 106 standing 453 320 63 86 moving 310 390 45 103 standing 233 468 72 125 standing 477 553 66 78 falling
29370.jpg r-pass 741 411 54 105 digging 693 356 36 85 digging 697 438 52 103 digging 435 397 48 108 standing 427 337 37 120 blocking 426 328 27 108 blocking 358 304 49 98 jumping 371 407 38 116 standing 292 379 42 111 standing 286 487 63 142 standing 248 438 61 98 waiting 88 414 60 99 standing
26105.jpg l-spike 284 409 58 101 standing 334 415 66 147 spiking 455 430 48 112 standing 518 386 46 122 standing 507 326 41 94 standing 631 427 49 120 standing 644 345 61 129 standing 713 466 65 121 standing 965 437 56 104 waiting 907 363 54 93 waiting 878 345 42 93 digging 96 290 37 93 standing
42025.jpg l-spike 182 440 64 88 waiting 291 391 42 106 standing 344 322 50 98 standing 435 388 44 100 standing 251 486 58 115 waiting 344 427 77 129 spiking 493 385 40 142 blocking 499 402 31 162 blocking 554 383 81 69 standing 735 356 65 81 waiting 882 378 59 83 waiting 881 483 47 98 waiting
43140.jpg r-pass 1075 415 50 95 digging 971 440 67 103 waiting 863 325 42 100 standing 595 322 34 102 standing 568 294 52 118 blocking 539 324 33 95 standing 447 360 57 109 standing 369 357 38 108 standing 330 398 42 103 waiting 302 435 44 127 standing 220 384 33 96 standing
37915.jpg l-pass 1143 408 46 115 standing 1024 431 60 131 standing 967 355 34 95 standing 701 410 32 119 standing 693 363 36 138 blocking 694 358 33 97 standing 639 428 46 129 standing 478 424 51 90 digging 447 366 51 111 standing 412 306 41 97 standing 242 390 42 112 standing 184 427 33 121 standing
37950.jpg l-spike 1043 412 42 107 waiting 951 452 81 115 standing 809 364 48 83 waiting 662 391 31 127 standing 657 365 36 130 standing 657 339 37 99 standing 614 333 38 155 spiking 538 338 54 146 setting 434 302 76 90 moving 336 377 96 104 moving 387 435 37 111 standing 229 447 67 123 standing
49415.jpg l-spike 296 296 55 150 spiking 531 350 31 115 standing 615 356 46 120 standing 769 333 37 106 standing 794 328 31 127 standing 790 376 39 124 standing 870 357 53 94 standing 1027 319 47 95 waiting 1183 340 51 100 digging 1231 394 44 96 waiting
49495.jpg r_spike 1141 384 54 105 standing 1031 362 71 78 standing 1061 311 47 96 waiting 895 233 45 123 spiking 928 452 63 134 standing 815 363 62 118 standing 751 269 37 142 blocking 755 251 48 119 blocking 661 410 75 122 standing 442 421 72 107 waiting 471 307 55 98 waiting 356 389 53 98 digging
42935.jpg r_spike 328 414 48 73 waiting 393 478 56 101 digging 500 378 61 85 waiting 678 405 52 106 moving 722 376 44 151 blocking 719 386 45 161 blocking 783 408 64 100 standing 806 409 62 162 spiking 856 451 52 104 standing 873 334 51 97 standing 944 362 41 92 standing 1134 420 54 86 standing
41960.jpg l-pass 1187 401 46 119 standing 1057 424 52 88 waiting 1062 352 41 107 standing 825 399 33 117 standing 831 374 50 105 standing 800 362 44 135 blocking 671 423 57 114 standing 565 350 53 113 standing 547 312 44 97 standing 419 427 48 125 standing 400 381 46 102 standing 426 331 43 91 digging
53890.jpg r-pass 870 463 51 93 waiting 878 376 51 101 waiting 817 362 40 80 falling 596 392 47 110 standing 591 337 48 96 standing 573 350 41 122 blocking 468 414 59 125 standing 532 360 44 96 jumping 497 312 47 99 standing 297 482 73 126 standing 214 433 43 111 standing 316 374 42 109 standing
29340.jpg l_set 216 429 75 92 moving 359 501 69 126 standing 409 376 86 106 moving 461 340 63 89 moving 554 337 47 142 jumping 569 352 37 150 setting 713 374 35 108 standing 709 396 42 102 blocking 718 443 42 113 standing 964 372 41 93 waiting 1056 422 52 110 waiting 986 480 63 113 waiting
42035.jpg r-pass 138 441 49 99 waiting 196 490 53 116 waiting 250 419 67 95 waiting 335 324 49 101 standing 389 378 44 110 standing 340 446 80 115 jumping 445 409 45 151 blocking 444 411 43 157 blocking 525 389 70 65 waiting 689 357 75 82 digging 846 389 65 80 digging 827 487 43 96 digging
38145.jpg l-spike 302 409 55 108 standing 301 338 37 105 standing 378 369 61 153 spiking 426 334 51 88 waiting 489 314 40 116 standing 489 283 53 108 standing 545 339 59 145 blocking 546 347 49 172 blocking 607 348 60 101 standing 813 337 64 83 digging 918 446 67 114 waiting 981 368 52 99 waiting
49655.jpg l-pass 1115 364 38 117 standing 1033 438 45 110 waiting 917 327 37 102 standing 695 325 34 106 standing 671 348 42 101 moving 671 323 31 98 standing 575 331 55 100 moving 480 366 55 105 moving 390 433 90 127 standing 389 330 59 109 standing 264 423 85 119 moving 266 383 49 113 digging
49785.jpg l_winpoint 506 394 62 120 standing 466 391 49 102 standing 437 369 44 101 standing 466 339 50 110 standing 525 342 33 92 standing 548 358 33 118 standing 646 323 37 97 standing 766 287 43 97 standing 934 290 32 92 standing 871 436 42 117 standing 814 389 37 118 standing 1008 374 38 104 waiting
42270.jpg l_winpoint 390 362 39 118 standing 485 415 53 122 standing 500 365 27 102 standing 521 329 42 102 standing 539 355 44 105 standing 535 372 37 111 standing 636 325 51 102 standing 660 337 43 117 standing 709 397 60 122 standing 916 393 31 110 standing 896 337 41 100 standing 932 352 52 107 standing
45945.jpg r_winpoint 847 511 52 125 moving 487 424 45 119 standing 367 419 40 104 standing 424 348 44 101 standing 419 420 39 116 standing 120 357 37 103 standing 992 492 37 115 standing 865 378 32 116 standing 866 395 59 102 standing 899 385 28 104 standing 1222 353 41 103 standing
43230.jpg l_winpoint 409 379 47 115 standing 466 370 45 111 standing 521 365 43 107 standing 567 315 25 112 standing 548 325 35 92 standing 985 390 32 110 standing 929 339 33 102 standing 871 328 44 104 standing 749 332 33 110 standing 722 324 36 91 standing 561 322 38 97 standing 561 323 32 96 standing
32865.jpg r_winpoint 214 395 47 123 standing 214 365 44 102 standing 257 355 48 110 standing 509 388 57 124 standing 469 378 55 117 standing 443 326 63 115 standing 902 368 55 122 standing 870 374 30 112 standing 822 356 40 115 standing 862 362 35 110 standing 855 350 29 102 standing 1105 399 37 117 standing
31365.jpg l_winpoint 1064 356 52 116 standing 965 407 39 113 standing 970 365 34 111 standing 794 443 52 120 standing 764 431 48 123 standing 769 391 55 108 standing 538 485 38 101 standing 328 392 37 117 standing 412 394 45 112 standing 382 394 68 120 standing 383 395 36 119 standing 375 371 56 115 standing
34590.jpg l_winpoint 942 389 50 112 standing 895 430 44 105 standing 767 295 37 89 standing 729 340 29 105 standing 652 331 29 96 standing 631 361 48 105 standing 439 415 61 116 standing 435 385 43 114 standing 398 387 54 109 standing 339 435 69 124 standing 339 398 51 118 standing 327 395 46 113 standing
30150.jpg r_winpoint 267 433 46 112 standing 263 366 45 112 standing 307 433 41 123 standing 489 350 50 103 standing 528 355 41 110 standing 531 434 60 124 standing 722 375 47 118 standing 765 370 32 114 standing 776 369 35 139 standing 742 405 66 113 standing 820 396 69 106 standing 816 387 64 97 standing
32235.jpg l_winpoint 301 372 46 105 standing 300 368 41 112 standing 346 359 57 118 standing 362 369 44 117 standing 323 373 67 120 standing 301 373 68 126 standing 755 384 42 122 standing 848 417 56 124 standing 884 367 64 106 standing 942 326 48 104 standing 1144 449 63 133 standing 1033 428 46 115 standing
51735.jpg r_winpoint 987 410 40 107 standing 884 348 44 107 standing 795 408 49 129 standing 800 387 48 125 standing 751 418 50 129 standing 744 384 56 134 standing 645 458 44 132 standing 572 464 67 134 standing 477 377 38 121 standing 489 351 39 109 standing 382 476 52 92 falling 257 407 53 113 standing
