133335.jpg l-pass 1005 500 49 128 standing 1091 461 46 127 standing 1043 458 96 103 moving 822 467 32 128 standing 821 442 26 136 standing 815 427 51 120 standing 705 495 55 117 standing 564 433 58 120 standing 389 470 49 111 standing 409 445 55 97 digging 308 460 43 119 standing 125 503 54 144 standing
94540.jpg r_spike 969 446 44 125 standing 804 443 74 127 moving 715 399 83 167 spiking 798 364 44 136 standing 725 312 41 110 standing 712 366 51 133 standing 646 389 38 173 blocking 622 388 66 164 blocking 526 383 77 113 standing 319 396 52 102 standing 261 485 71 139 standing 202 419 54 133 standing
133475.jpg r_set 917 420 60 112 standing 902 557 81 126 moving 775 496 51 119 digging 759 359 44 100 standing 876 362 37 74 moving 609 417 53 126 standing 146 504 49 137 standing 48 473 44 123 standing 145 423 39 111 standing 493 500 39 119 standing 496 467 48 118 standing 503 406 28 98 standing
130505.jpg r-pass 790 521 69 110 digging 782 572 59 141 standing 705 417 86 97 moving 692 515 49 62 falling 578 571 97 60 falling 401 467 35 107 standing 79 523 39 139 standing 32 461 52 117 standing 305 534 41 122 standing 317 486 32 121 standing 328 472 30 102 standing
49115.jpg l_set 998 471 54 124 standing 950 441 47 95 standing 906 521 43 123 standing 683 494 42 128 standing 700 454 38 128 standing 714 423 31 114 standing 590 487 63 139 standing 500 443 43 148 setting 467 410 61 74 moving 363 482 38 117 standing 283 469 52 100 standing 206 548 97 131 moving
94510.jpg r_set 614 292 37 152 setting 648 342 61 122 standing 708 326 50 107 standing 873 431 48 128 standing 949 415 89 118 standing 825 470 88 137 moving 497 357 55 135 standing 482 405 44 144 standing 466 453 40 125 standing 202 443 44 144 standing 252 364 57 120 standing 253 400 41 127 standing
106135.jpg r_set 57 483 46 135 standing 105 437 46 114 standing 100 533 46 140 standing 383 526 37 123 standing 409 468 41 133 standing 419 447 32 130 standing 621 399 44 135 setting 636 463 65 114 standing 672 391 79 105 moving 726 514 69 114 standing 722 604 72 107 moving 810 481 72 104 moving
133675.jpg r_set 918 450 67 105 moving 705 589 145 44 falling 680 418 57 98 moving 634 462 75 92 digging 561 556 60 147 standing 510 508 42 151 standing 406 481 43 123 standing 415 438 36 112 standing 336 506 37 124 standing 147 532 70 147 standing 105 483 67 126 moving 30 455 46 123 standing
105970.jpg r-pass 852 487 54 116 standing 601 525 74 105 standing 626 459 42 77 moving 467 539 71 105 standing 399 412 47 119 standing 419 414 52 116 standing 362 420 34 112 standing 305 462 45 119 standing 260 528 69 116 standing 173 443 34 130 standing 98 523 42 146 standing 71 488 42 140 standing
25000.jpg l-pass 903 437 59 110 standing 819 414 41 112 standing 770 470 33 108 standing 734 495 50 118 standing 663 443 61 102 standing 641 426 40 90 standing 561 436 44 118 standing 555 438 37 104 standing 400 477 110 49 falling 367 461 35 100 standing 295 506 65 112 standing 292 486 48 106 standing
48960.jpg l-spike 986 499 57 90 waiting 886 439 52 82 standing 836 535 59 107 standing 672 500 72 111 standing 575 376 44 153 blocking 576 334 36 150 blocking 455 350 65 110 spiking 496 430 53 111 standing 388 470 49 116 standing 241 450 65 102 standing 352 508 72 113 standing 288 530 63 134 standing
89180.jpg r-pass 130 457 53 139 standing 229 453 51 136 standing 366 477 50 147 standing 400 444 43 153 standing 523 430 51 122 standing 685 503 65 132 standing 1062 397 54 139 standing 832 442 46 116 digging 944 462 62 122 standing 918 504 43 135 standing
105950.jpg l-spike 982 482 55 126 standing 794 531 86 100 standing 805 441 49 98 standing 571 520 79 126 standing 560 385 46 172 blocking 563 367 37 151 blocking 480 343 58 149 spiking 490 454 44 123 standing 456 510 53 119 standing 264 543 58 137 standing 249 450 72 114 moving 216 471 49 142 standing
105805.jpg l-pass 306 392 82 119 digging 532 397 51 125 standing 405 534 57 137 standing 764 454 47 106 standing 830 506 44 149 standing 738 553 50 130 standing 934 511 43 134 standing 1183 484 63 124 standing 1212 445 40 116 standing 931 442 46 114 standing 928 473 47 138 standing
115365.jpg r_set 744 534 109 54 falling 811 436 54 116 standing 655 379 74 88 moving 580 422 44 156 setting 572 587 72 124 standing 446 507 54 126 standing 318 488 46 128 standing 345 459 39 130 standing 326 437 32 126 standing 104 495 40 153 standing 5 434 55 128 standing 1 493 33 127 standing
133390.jpg l-spike 273 520 70 155 moving 254 490 40 115 standing 488 422 52 117 standing 477 336 62 119 spiking 586 367 37 165 blocking 593 338 40 147 blocking 641 470 52 115 standing 863 504 78 103 standing 876 424 55 100 standing 992 495 74 100 waiting 357 446 52 100 standing 402 467 70 122 standing
94375.jpg l-pass 1025 435 84 135 standing 936 372 50 124 standing 933 450 54 122 standing 910 459 56 150 standing 914 534 67 131 standing 819 478 58 169 jumping 808 497 90 160 jumping 693 452 97 69 digging 598 422 77 101 standing 486 532 56 124 falling 485 447 64 126 standing
105735.jpg r_spike 998 416 56 92 standing 981 494 51 104 moving 721 433 42 107 standing 669 502 56 116 standing 747 519 95 132 spiking 578 466 47 188 blocking 418 441 70 96 standing 171 546 63 130 standing 39 530 79 106 waiting
91590.jpg l_set 1025 445 73 139 standing 910 451 45 157 standing 915 431 54 133 standing 928 378 44 111 standing 815 400 49 147 standing 743 441 53 147 standing 597 418 49 157 setting 611 382 67 83 moving 482 428 42 131 standing 251 418 62 80 falling
64490.jpg r_set 912 392 46 108 standing 711 421 49 115 digging 687 363 35 82 moving 651 475 58 139 standing 601 538 74 130 standing 384 408 43 127 standing 225 492 37 128 standing 234 463 13 137 standing 250 421 27 137 standing
31055.jpg r-pass 169 436 56 107 standing 209 476 56 119 standing 236 508 74 116 standing 356 455 34 128 standing 359 431 32 114 standing 444 406 32 116 standing 517 389 48 102 standing 856 415 76 100 moving 783 361 30 121 setting 717 504 63 121 standing 749 488 60 118 standing
106095.jpg r-pass 894 535 68 72 falling 916 465 49 104 standing 713 575 76 118 standing 692 467 60 134 digging 702 405 52 117 standing 624 458 60 106 standing 509 513 35 127 standing 536 465 33 142 standing 476 446 44 122 standing 224 458 49 122 standing 168 531 44 144 standing 124 491 67 133 standing
115330.jpg r-pass 162 468 67 138 standing 235 479 54 126 standing 360 489 43 119 standing 281 477 81 133 standing 265 426 64 112 standing 632 504 60 129 standing 950 429 74 107 standing 730 464 36 60 digging 589 397 52 128 standing 424 520 56 124 standing 421 482 54 104 standing
64410.jpg l_set 940 430 54 99 standing 1017 507 48 138 standing 1025 486 50 108 standing 694 488 51 125 standing 699 442 54 124 standing 720 435 37 110 standing 536 441 48 107 standing 514 403 57 152 setting 389 418 61 91 moving 297 443 61 106 moving 241 508 79 107 moving 149 536 93 137 moving
106145.jpg r_spike 700 603 82 108 moving 733 521 36 119 standing 765 489 69 106 standing 610 414 94 131 spiking 679 448 61 113 setting 670 403 88 94 moving 118 540 55 133 standing 84 489 48 128 standing 124 459 66 102 standing 425 542 46 106 standing 448 480 39 127 standing 451 452 45 99 jumping
94340.jpg r_set 606 382 49 159 setting 826 527 92 139 moving 663 445 74 168 setting 783 352 72 102 moving 933 451 85 111 moving 1013 419 60 119 standing 517 505 37 116 standing 554 455 27 134 blocking 541 416 52 137 standing 378 436 66 97 waiting 207 497 48 134 standing 243 471 54 120 standing
24695.jpg l-spike 854 526 60 110 moving 874 470 62 86 waiting 810 432 42 97 waiting 641 434 41 80 standing 525 418 55 147 blocking 374 470 52 144 spiking 406 467 43 98 standing 462 416 37 100 standing 480 422 49 114 standing 336 440 40 112 standing 211 507 48 98 standing
105930.jpg l_set 1008 459 43 117 standing 892 525 54 113 standing 832 442 60 103 standing 611 513 41 135 standing 599 464 47 137 standing 607 420 45 121 standing 533 431 41 148 standing 519 437 54 145 setting 403 431 72 94 moving 177 547 99 139 moving 150 482 78 117 standing 217 471 49 127 standing
105890.jpg l-pass 814 515 51 123 standing 698 435 40 110 standing 64 505 55 144 standing 5 431 44 125 standing 302 505 58 123 standing 416 485 51 113 digging 363 509 44 100 standing 323 462 68 85 standing 928 456 48 116 standing 501 506 49 130 standing 486 485 29 142 standing 493 467 49 133 standing
64570.jpg r-pass 921 477 64 131 standing 988 418 74 122 standing 1043 462 63 121 standing 729 531 59 110 standing 773 444 61 150 setting 770 430 43 112 standing 667 510 46 139 standing 666 495 43 127 standing 630 470 37 158 standing 470 431 48 105 standing 383 483 37 141 standing 171 437 35 123 standing
105755.jpg l-pass 1180 430 47 115 standing 1067 521 51 111 standing 863 581 55 118 standing 870 542 52 128 standing 805 510 84 115 standing 831 438 57 128 standing 736 571 44 115 standing 748 519 31 134 blocking 725 544 36 97 standing 546 451 87 90 standing 319 553 75 137 digging 169 548 63 85 waiting
115305.jpg l-spike 463 424 43 191 spiking 396 514 83 117 standing 441 409 42 126 standing 423 462 41 114 standing 201 439 46 130 standing 330 484 70 112 standing 573 424 53 195 blocking 700 420 85 119 standing 877 522 67 125 standing 823 426 61 91 standing 1084 435 61 102 standing
133740.jpg l-pass 62 519 46 113 standing 291 463 63 187 setting 336 440 43 108 standing 592 527 34 125 standing 554 511 49 133 standing 584 508 43 128 standing 646 509 38 131 standing 670 456 40 130 standing 701 427 57 117 standing 731 487 51 111 standing 766 514 50 130 standing 1028 456 52 133 standing
24885.jpg r_spike 877 419 41 98 standing 941 488 41 112 standing 976 467 66 84 moving 776 443 74 107 moving 758 482 43 110 jumping 735 542 73 72 waiting 648 438 42 169 blocking 572 457 41 102 standing 383 437 53 95 waiting 326 535 51 122 standing 231 491 85 97 standing
31010.jpg l-spike 948 493 55 90 waiting 873 519 68 105 standing 847 439 52 84 standing 666 502 45 114 standing 585 414 45 122 standing 591 355 42 143 blocking 496 427 75 121 jumping 471 355 81 110 spiking 393 459 39 92 standing 383 529 70 122 moving 373 528 75 98 standing 218 467 42 105 standing
91655.jpg r-pass 998 427 74 117 standing 635 433 98 164 setting 643 388 52 119 standing 520 345 50 123 standing 521 372 62 109 moving 483 381 50 115 standing 297 452 86 135 moving 382 414 39 154 standing 317 373 62 101 moving 194 408 58 121 standing 85 486 43 129 standing 53 438 41 127 standing
89340.jpg l-spike 1156 505 86 128 moving 1090 437 82 89 standing 888 397 84 116 standing 774 410 52 103 digging 640 431 42 197 blocking 626 414 63 192 blocking 546 448 58 132 standing 487 481 58 161 spiking 438 465 60 117 standing 356 481 65 119 standing 242 444 62 106 standing 211 468 46 127 standing
94470.jpg r-pass 935 430 55 121 standing 753 442 43 112 standing 722 380 52 101 moving 652 471 74 102 falling 464 352 64 127 standing 229 430 77 131 standing 307 469 84 108 standing 319 404 81 123 standing 80 479 68 153 standing 361 360 47 106 standing
64610.jpg r_set 42 456 44 127 standing 157 437 55 103 standing 193 474 54 142 standing 457 505 35 119 standing 449 486 40 111 standing 447 424 41 111 standing 626 363 43 133 setting 583 466 63 119 moving 689 541 82 123 moving 870 456 65 137 standing 819 440 52 105 standing 817 378 85 94 moving
91710.jpg r_spike 855 510 54 112 standing 844 453 120 118 spiking 726 414 65 117 standing 724 350 90 148 standing 773 341 35 129 standing 651 424 41 203 blocking 602 379 77 114 standing 670 377 35 134 standing 393 428 65 107 standing 304 449 43 123 digging 343 516 57 117 waiting 921 427 70 142 standing
133595.jpg l_set 216 551 98 125 moving 190 481 107 114 moving 445 448 34 122 standing 517 448 47 158 setting 496 438 44 103 standing 604 465 54 136 standing 876 521 41 121 standing 954 467 58 118 standing 895 442 33 110 standing 718 423 36 116 standing 680 505 52 115 standing 697 464 39 130 standing
115220.jpg l-pass 275 485 79 92 standing 408 496 86 116 digging 479 429 79 116 standing 722 524 56 139 standing 761 512 45 160 blocking 1088 472 52 118 standing 941 533 54 129 standing 899 539 50 131 standing 847 439 52 129 standing 872 487 39 137 standing
24715.jpg l-pass 987 448 65 105 moving 852 410 59 110 standing 918 516 77 104 moving 702 431 66 84 standing 592 494 47 120 standing 583 508 34 107 standing 523 473 44 110 standing 445 455 47 110 standing 445 419 47 102 standing 489 421 37 120 standing 379 384 60 140 jumping 274 489 37 115 standing
24855.jpg r_set 891 449 53 112 standing 774 503 63 119 moving 757 549 86 121 moving 724 391 35 112 setting 829 384 69 88 moving 475 499 49 111 standing 478 454 41 116 standing 472 421 32 79 standing 640 400 63 95 moving 178 504 58 130 standing 227 434 51 100 standing 158 473 35 114 standing
31095.jpg r_set 894 553 73 122 moving 756 407 41 127 setting 768 375 59 94 moving 956 429 47 116 standing 979 409 51 94 moving 594 422 35 123 standing 512 502 39 113 standing 510 468 51 112 standing 518 440 35 106 standing 197 503 56 139 standing 242 436 31 105 standing 52 479 44 120 standing
138185.jpg l_set 1007 487 47 117 standing 923 438 47 105 standing 918 514 54 133 standing 697 519 50 109 moving 688 451 39 115 standing 701 431 43 103 standing 604 416 54 141 setting 538 393 58 103 moving 583 400 41 160 standing 487 469 37 127 standing 420 437 31 119 standing 399 577 76 133 moving
48890.jpg l-pass 1216 485 65 83 standing 1083 470 69 127 standing 1034 480 36 119 standing 881 481 38 116 standing 888 443 57 123 standing 853 451 35 134 standing 744 505 58 125 standing 594 438 73 108 standing 435 507 65 116 standing 372 469 41 111 digging 436 422 48 117 standing 219 489 49 142 standing
89315.jpg l_set 198 550 68 132 moving 440 567 76 143 moving 398 412 51 112 standing 481 446 47 137 setting 667 463 45 150 standing 762 455 55 86 standing 770 425 51 110 standing 1087 387 56 130 standing 1154 432 62 137 standing 1152 494 50 141 standing 776 510 45 141 standing 361 442 68 121 moving
130405.jpg r_set 205 479 69 106 standing 254 515 41 139 standing 488 536 43 122 standing 497 488 43 108 standing 570 385 40 128 setting 635 463 68 107 standing 875 413 69 105 moving 798 576 97 130 moving 935 477 77 107 moving 1071 513 56 81 falling 494 466 45 69 standing
24805.jpg r-pass 818 524 72 68 falling 700 498 54 110 standing 755 418 37 99 standing 457 384 88 137 jumping 378 439 58 106 standing 328 413 44 94 standing 307 436 29 100 standing 260 486 61 91 standing 38 470 32 102 standing 131 506 72 120 standing 919 456 40 88 standing
91620.jpg l-spike 1099 452 99 122 moving 983 393 54 109 standing 964 524 62 120 standing 660 341 37 180 blocking 660 323 52 171 blocking 558 418 58 146 standing 490 448 94 129 standing 267 504 69 126 moving 278 438 43 116 standing 132 391 99 116 moving 532 314 56 97 spiking
31130.jpg r_spike 1019 451 52 120 standing 939 437 38 88 standing 902 510 45 110 standing 810 461 55 104 standing 738 455 66 122 standing 806 360 45 105 spiking 669 361 68 138 blocking 685 354 27 139 blocking 511 515 56 100 moving 397 512 76 114 standing 338 442 48 83 moving 166 496 58 110 standing
130545.jpg r_set 877 519 88 111 moving 800 472 75 102 standing 768 405 58 91 moving 681 584 79 65 falling 653 596 86 116 moving 502 420 40 141 setting 400 560 44 105 standing 400 513 48 100 standing 406 473 34 92 standing 151 528 51 141 standing 141 461 51 110 standing 53 477 41 137 standing
30985.jpg l_set 1089 470 38 114 standing 965 445 42 95 standing 968 543 59 109 standing 750 499 35 109 standing 752 460 37 122 standing 758 437 36 100 standing 562 461 44 154 setting 539 440 77 117 moving 463 467 49 112 standing 458 397 70 84 moving 316 511 53 82 waiting 278 566 85 125 moving
133370.jpg l_set 1051 480 58 108 standing 912 526 57 116 standing 904 423 43 100 standing 707 477 39 125 standing 701 446 49 116 standing 719 423 34 117 standing 548 400 46 155 setting 418 422 57 89 standing 357 481 49 126 standing 303 468 105 108 moving 166 555 105 140 moving
94365.jpg r_spike 843 438 77 165 spiking 962 423 56 133 standing 873 362 52 142 standing 822 442 42 165 standing 756 413 54 187 blocking 658 413 83 106 standing 395 529 65 133 standing 512 435 86 94 standing 402 446 64 125 standing
49080.jpg l-pass 1120 444 48 99 standing 939 470 50 129 standing 770 529 56 118 standing 744 443 69 120 standing 678 471 47 118 standing 655 438 71 139 blocking 587 446 43 173 setting 534 524 67 131 standing 549 449 50 111 standing 337 520 77 126 standing 278 483 37 114 standing 220 438 48 107 standing
105860.jpg l-spike 1008 468 68 109 standing 952 541 51 117 standing 849 442 51 95 standing 584 427 37 183 blocking 567 411 63 156 blocking 473 470 92 109 standing 410 502 51 100 standing 420 462 72 110 standing 351 429 51 175 spiking 239 457 57 127 standing 69 399 43 114 standing
91545.jpg l-pass 518 420 54 106 digging 579 504 62 126 standing 916 427 46 136 standing 921 397 36 134 standing 909 387 34 127 standing 962 476 50 97 standing 995 407 48 139 standing 1021 478 64 164 standing 1043 363 52 116 standing 1110 394 60 126 standing 1216 444 53 120 standing 551 450 53 126 standing
130430.jpg r_spike 904 461 32 137 standing 736 567 86 110 standing 754 448 40 102 standing 707 432 35 118 standing 548 526 84 118 standing 652 377 26 205 blocking 822 368 59 132 spiking 312 456 48 102 standing 338 518 79 130 standing 187 512 75 127 standing 1170 485 68 115 standing
133805.jpg l-spike 1080 474 69 105 standing 954 534 57 111 standing 897 440 60 94 standing 610 385 40 193 blocking 615 376 43 164 blocking 538 448 38 119 standing 489 494 49 128 standing 427 499 66 131 standing 366 448 72 102 standing 336 399 57 134 spiking 240 494 48 134 standing
89220.jpg r_set 62 469 65 144 standing 180 524 51 130 standing 279 431 52 100 waiting 468 491 42 147 standing 476 461 47 138 standing 480 431 52 116 standing 733 367 38 167 setting 678 491 61 137 standing 834 418 46 116 standing 838 457 117 120 moving 847 568 53 145 standing 923 364 79 103 moving
91520.jpg r_spike 960 403 35 123 standing 853 434 88 141 standing 810 530 95 154 moving 745 380 89 103 standing 675 396 81 117 standing 693 341 85 142 spiking 575 463 46 147 standing 605 342 29 176 blocking 591 342 37 149 blocking 296 517 58 120 standing 238 455 47 128 standing 318 414 82 98 waiting
115270.jpg l_set 1006 406 51 112 standing 1132 466 51 128 standing 1087 506 45 126 standing 723 509 54 124 standing 716 468 51 128 standing 719 423 43 107 standing 592 413 50 101 moving 547 435 44 111 standing 477 428 46 161 setting 359 412 46 132 standing 383 489 59 137 standing 387 579 75 131 standing
64375.jpg l-pass 1190 523 60 145 standing 1091 469 41 127 standing 1020 437 47 120 standing 816 492 30 127 standing 808 463 32 131 standing 807 449 32 122 standing 708 508 52 117 standing 489 491 57 136 standing 428 453 57 111 digging 384 487 43 117 standing 261 501 34 125 standing 143 519 44 141 standing
130585.jpg l-pass 1098 450 32 130 standing 967 492 60 137 standing 947 488 42 117 standing 982 470 23 121 standing 863 563 89 123 standing 844 439 84 84 standing 785 442 40 120 standing 793 407 32 110 standing 616 538 78 106 standing 448 531 61 106 digging 449 502 67 103 standing 448 447 58 81 waiting
48980.jpg r-pass 807 497 84 97 digging 701 434 74 79 standing 679 508 72 116 standing 543 495 58 116 standing 393 384 30 125 blocking 382 407 39 111 standing 283 439 60 112 standing 307 399 53 105 standing 207 509 74 112 standing 218 466 69 121 standing 93 504 67 140 standing 35 470 69 97 standing
133555.jpg r_spike 175 482 35 125 standing 278 501 59 144 standing 595 537 49 136 standing 615 452 37 145 blocking 603 457 37 88 standing 697 430 42 130 spiking 698 532 44 134 standing 817 609 58 98 falling 853 412 54 95 moving 884 456 44 107 standing 954 465 37 128 standing 422 479 45 110 standing
130670.jpg r_set 956 481 68 120 standing 783 470 60 108 moving 790 398 57 92 standing 708 593 69 117 standing 579 464 71 137 moving 529 418 54 139 setting 428 544 43 134 standing 433 469 55 117 blocking 437 459 72 111 blocking 185 515 61 142 standing 144 473 71 108 standing 99 480 46 137 standing
94420.jpg l_set 1073 422 94 127 standing 1159 457 65 132 standing 937 402 67 126 standing 726 483 45 135 standing 714 406 54 129 standing 613 478 46 130 standing 586 380 56 130 setting 498 496 55 148 standing 445 374 55 118 standing 163 522 76 150 moving 426 383 74 124 standing 714 374 39 126 standing
24975.jpg r_spike 147 495 38 93 standing 218 515 49 127 standing 252 463 34 102 standing 387 429 60 95 standing 448 458 37 125 blocking 445 418 27 131 blocking 540 397 46 136 spiking 650 501 47 115 standing 744 488 52 103 standing 787 417 49 105 standing 879 442 41 99 moving
64635.jpg r_spike 877 412 46 117 standing 696 314 37 112 spiking 714 425 53 130 standing 699 425 37 81 standing 602 435 53 133 standing 648 534 75 109 standing 405 490 88 131 standing 481 441 53 126 standing 529 322 29 165 blocking 195 472 93 120 standing 151 431 43 112 standing 167 419 40 81 standing
89245.jpg r_spike 781 490 58 131 standing 940 383 60 117 standing 958 470 42 102 standing 859 434 85 206 spiking 1069 448 79 122 standing 706 419 52 212 blocking 669 461 57 120 standing 330 555 75 110 waiting 407 440 70 100 waiting 245 485 72 110 waiting
24745.jpg l-pass 1137 450 47 117 standing 1051 422 27 114 standing 997 504 45 115 standing 850 535 37 130 standing 774 463 42 125 standing 819 433 38 96 standing 652 478 45 129 standing 378 455 41 99 setting 587 424 50 111 standing 520 469 50 104 standing 515 398 45 86 standing 544 415 40 90 standing
133655.jpg r-pass 805 572 161 67 falling 1008 451 63 112 moving 742 462 100 74 standing 622 446 84 102 standing 499 550 53 121 standing 507 519 39 121 standing 358 479 65 142 standing 378 427 46 114 standing 286 540 58 151 standing 303 493 37 116 standing 228 475 55 123 standing 30 478 53 116 standing
64420.jpg l-spike 211 533 82 142 moving 342 498 43 116 standing 309 442 78 107 moving 443 441 43 137 standing 439 409 68 100 standing 521 375 102 124 spiking 662 493 49 116 standing 664 412 23 133 blocking 670 431 49 93 moving 918 422 46 107 standing 987 510 51 133 standing 1002 491 53 102 standing
48930.jpg l_set 938 529 59 119 standing 1009 432 35 105 standing 1094 472 67 129 standing 739 498 49 113 standing 430 502 56 122 standing 282 487 79 105 moving 429 391 75 76 moving 539 429 66 110 standing 495 417 42 122 setting 202 566 94 150 moving 757 430 39 147 standing
91685.jpg r_set 1046 494 105 134 moving 709 499 68 114 standing 744 379 51 131 standing 715 383 55 100 standing 632 361 43 148 setting 705 350 63 102 standing 513 455 49 145 standing 501 400 43 122 standing 520 410 49 125 standing 302 405 49 116 standing 236 496 43 128 standing 186 442 57 128 standing
133765.jpg l_set 1009 458 65 125 standing 816 517 45 131 standing 795 457 30 107 standing 640 485 37 120 standing 655 450 37 130 standing 662 437 33 121 standing 528 506 40 111 standing 507 482 39 120 digging 388 510 79 130 standing 343 448 47 110 standing 307 520 67 129 moving 79 501 90 117 moving
24900.jpg l-pass 953 494 47 118 standing 980 472 55 90 standing 903 429 48 110 standing 853 473 72 99 standing 798 523 42 91 standing 764 532 45 100 standing 233 516 58 69 falling 428 445 65 80 standing 390 516 51 110 standing 561 476 55 100 standing 653 530 61 116 standing 685 470 32 124 standing
24790.jpg l-spike 1057 467 55 88 waiting 947 510 49 100 standing 911 422 48 99 standing 854 502 49 114 standing 601 357 52 145 blocking 503 431 48 110 standing 448 427 49 99 standing 415 476 61 94 standing 292 503 69 114 standing 119 461 79 85 moving 438 356 65 99 spiking
105655.jpg r-pass 726 450 51 99 digging 861 440 48 116 standing 771 512 43 125 standing 619 406 37 115 standing 658 390 62 110 standing 440 450 56 119 standing 352 456 62 124 standing 368 511 39 121 standing 86 519 70 141 standing 19 436 48 133 standing 56 486 37 132 standing 356 488 6 48 standing
91510.jpg r_set 818 537 95 149 moving 911 455 105 112 moving 910 402 37 118 standing 784 383 70 105 moving 660 407 67 121 standing 611 360 65 140 setting 511 467 39 142 standing 519 416 39 118 standing 524 397 42 128 standing 286 415 60 98 standing 243 492 42 133 standing 167 453 44 126 standing
24690.jpg l-spike 900 479 68 77 waiting 863 527 44 88 standing 819 434 48 91 standing 628 434 81 78 standing 569 446 36 164 blocking 525 424 39 115 standing 487 414 43 101 standing 432 464 48 100 standing 364 439 46 106 standing 343 486 58 133 spiking 227 504 57 102 standing
89265.jpg l-pass 266 468 58 122 moving 457 453 52 99 standing 484 546 60 101 standing 639 526 45 129 digging 765 537 43 135 standing 723 529 75 135 standing 843 553 96 140 standing 846 508 61 140 standing 887 512 77 131 standing 1107 445 64 134 standing 987 463 66 134 standing 962 408 72 127 standing
24665.jpg l_set 1062 467 34 114 standing 946 437 40 96 waiting 884 520 52 103 standing 707 486 48 106 digging 710 442 38 88 standing 735 432 37 97 standing 579 418 38 133 setting 597 429 44 113 standing 482 407 55 80 moving 424 419 44 105 standing 355 486 52 105 standing 211 537 96 119 moving
94450.jpg l-spike 1051 431 55 125 standing 925 467 45 127 standing 880 379 50 104 digging 684 447 62 127 moving 590 337 47 189 blocking 578 309 42 168 blocking 434 454 62 117 standing 342 437 71 127 standing 434 401 80 125 standing 369 386 57 117 standing 433 301 89 127 spiking 180 503 82 152 moving
133525.jpg r-pass 137 488 43 122 standing 299 520 63 137 standing 351 459 77 100 standing 565 479 74 103 standing 625 518 58 156 spiking 625 510 41 144 standing 995 455 61 119 standing 993 440 79 102 standing 821 413 65 125 standing 799 541 57 102 digging 700 543 72 128 standing 715 488 57 117 standing
115155.jpg r_set 731 520 46 115 setting 782 537 83 64 falling 753 577 58 135 standing 459 447 47 130 standing 691 473 47 129 moving 616 375 54 112 standing 240 454 55 148 standing 233 511 41 130 standing
24940.jpg l_set 1038 467 32 124 standing 960 422 62 114 standing 918 510 55 112 standing 774 442 35 101 standing 734 503 33 114 standing 731 464 43 104 standing 237 510 57 81 falling 252 542 79 130 moving 520 413 37 82 moving 507 514 61 136 standing 488 442 48 110 standing 540 495 47 110 digging
115200.jpg r_spike 917 487 54 116 standing 728 475 82 179 spiking 690 520 72 127 digging 651 508 54 135 standing 687 435 43 120 standing 514 474 43 177 blocking 498 456 70 164 blocking 240 440 65 110 standing 135 534 49 112 standing
106040.jpg l-pass 406 533 55 129 digging 358 502 56 112 standing 472 470 52 109 standing 644 442 40 110 standing 755 527 74 117 standing 1098 577 101 69 falling 1069 456 43 118 standing 865 515 57 132 standing 868 448 60 140 standing 898 416 39 126 standing 982 530 50 106 falling 736 451 35 131 standing
24635.jpg l-pass 472 414 49 94 standing 575 411 72 105 standing 488 411 44 123 setting 698 472 40 113 standing 407 488 60 100 standing 187 524 34 133 standing 798 437 27 94 standing 787 473 26 116 standing 770 423 30 127 blocking 1136 512 61 119 standing 998 427 27 117 standing 975 492 27 119 standing
91480.jpg r-pass 726 444 87 67 falling 793 424 62 124 standing 883 451 58 124 standing 632 499 47 152 standing 521 394 82 112 standing 641 440 82 122 standing 352 401 52 170 standing 329 455 42 155 standing 108 445 44 127 standing 115 483 30 135 standing
130630.jpg r-pass 899 452 65 100 standing 830 466 67 105 digging 825 556 59 127 standing 731 487 42 145 standing 768 388 49 111 standing 517 456 28 109 standing 393 522 45 123 standing 417 461 50 127 standing 430 442 43 127 standing 171 452 59 110 standing 100 521 91 135 standing 126 481 57 138 standing
105865.jpg l-spike 987 468 55 110 standing 913 539 41 111 standing 802 441 48 102 standing 544 433 40 168 blocking 543 417 51 151 blocking 438 477 83 102 standing 379 501 51 92 standing 386 462 69 103 standing 350 462 80 144 jumping 191 456 43 134 standing 39 407 49 114 standing
49140.jpg l-spike 899 486 73 89 waiting 868 552 64 102 standing 802 450 71 88 standing 614 430 44 105 standing 421 494 73 130 standing 417 394 53 101 standing 226 529 48 104 standing 298 491 89 136 spiking 351 458 62 86 standing 541 462 44 158 blocking 347 497 50 108 standing
115100.jpg r-pass 634 451 59 114 standing 797 429 45 115 standing 727 383 44 121 standing 1007 453 49 105 standing 986 536 66 112 standing 340 480 40 123 standing 87 539 45 145 standing 96 487 44 89 standing 539 489 26 146 standing 551 434 30 142 blocking 506 452 43 130 standing 984 510 46 103 digging
37245.jpg l_winpoint 398 431 35 108 standing 705 372 50 131 standing 726 423 36 124 standing 669 446 68 115 standing 634 423 35 110 standing 1141 480 41 130 standing 1077 437 44 137 standing 1035 405 40 120 standing 644 438 59 117 standing
43005.jpg l_winpoint 1182 448 33 119 standing 993 425 82 119 standing 1051 483 61 132 standing 991 451 60 132 standing 696 445 53 132 standing 791 452 47 117 standing 627 564 46 131 standing 522 457 67 124 standing 575 434 55 119 standing 599 415 37 106 standing
39330.jpg l_winpoint 86 450 44 110 standing 180 459 63 113 standing 249 442 41 117 standing 293 495 56 143 standing 281 396 53 107 standing 320 417 41 118 standing 403 398 57 126 standing 642 408 49 97 standing 728 435 46 113 standing 659 487 56 125 standing 509 497 72 134 standing
41445.jpg r_winpoint 207 506 49 130 standing 120 471 53 132 standing 175 460 43 115 standing 384 423 48 112 standing 480 470 43 123 standing 488 567 42 137 standing 883 453 52 116 standing 688 485 35 120 standing 642 487 51 125 standing 622 479 32 135 standing 643 440 46 96 standing 608 465 35 120 standing
35580.jpg r_winpoint 256 511 54 82 standing 527 503 50 122 standing 602 403 30 120 standing 510 422 36 100 standing 670 506 60 124 standing 708 477 47 131 standing 1094 477 46 117 standing 992 509 57 116 standing 925 431 56 121 standing 891 467 39 147 standing 875 467 33 124 standing 849 442 57 120 standing
31170.jpg l_winpoint 910 457 67 119 standing 854 485 41 118 standing 845 428 65 104 standing 884 431 53 69 standing 764 442 50 114 standing 690 460 56 116 standing 635 380 38 126 standing 554 402 70 112 standing 448 467 81 122 standing 385 427 44 104 standing 291 499 63 131 standing 204 469 46 115 standing
43635.jpg r_winpoint 231 515 39 124 standing 196 464 46 128 standing 320 428 42 119 standing 465 454 68 111 standing 519 553 72 134 standing 532 487 48 133 standing 701 499 36 133 standing 819 533 77 116 standing 908 485 77 114 moving 722 452 68 121 standing 756 445 46 106 standing 718 427 36 107 standing
37920.jpg l_winpoint 836 505 69 68 falling 668 488 42 123 standing 580 425 43 104 standing 420 406 34 112 standing 404 369 32 115 standing 356 381 43 120 standing 203 464 99 123 standing 240 433 40 122 standing 142 398 42 80 standing 120 435 41 119 standing 60 419 37 104 standing
34395.jpg r_winpoint 1160 466 40 102 standing 1104 471 60 146 standing 1086 517 43 133 standing 1031 455 47 121 standing 1013 448 50 114 standing 917 422 70 115 standing 949 421 34 102 standing 882 510 48 127 standing 734 439 54 94 standing 673 513 58 119 standing 507 510 77 67 falling
44805.jpg l_winpoint 401 484 55 120 standing 405 455 49 122 standing 421 445 60 114 standing 507 424 48 130 standing 444 520 54 149 standing 573 470 52 120 standing 755 450 42 129 standing 818 433 56 102 moving 838 485 55 129 standing 1043 479 71 126 standing 1129 419 40 127 standing 1125 467 56 125 standing
33825.jpg l_winpoint 975 440 43 117 standing 827 443 40 109 standing 783 499 79 112 standing 762 389 40 109 standing 682 444 42 127 standing 664 498 49 126 standing 583 475 58 166 standing 533 505 65 135 standing 518 415 38 109 standing 434 427 46 110 standing 295 481 52 151 standing 264 446 63 94 standing
31920.jpg l_winpoint 843 445 40 115 standing 832 433 34 104 standing 752 480 39 126 standing 683 461 41 123 standing 634 434 51 122 standing 631 405 61 99 standing 522 448 75 134 standing 501 447 35 118 standing 486 421 69 109 standing 403 451 62 110 standing 374 481 68 119 standing 252 452 67 106 standing
44265.jpg r_winpoint 384 385 40 115 standing 453 473 39 118 standing 517 433 45 119 standing 622 390 40 114 standing 621 447 37 122 standing 596 468 48 129 standing 758 429 57 121 standing 810 427 48 110 standing 790 450 65 126 standing 921 411 47 123 standing 887 438 67 116 standing 896 473 55 127 standing
