1985.jpg r-pass 1278 588 73 164 standing 971 645 73 172 standing 807 691 73 203 standing 936 526 63 146 standing 838 410 52 133 standing 1270 797 81 165 digging 544 610 54 192 standing 535 532 42 174 standing 531 445 59 134 standing 256 561 49 162 standing 200 497 64 163 standing 46 619 63 179 standing
9185.jpg l-pass 448 525 70 178 standing 696 615 124 155 falling 658 534 58 153 standing 886 518 76 142 waiting 961 626 56 189 standing 973 592 101 176 digging 1106 594 66 185 digging 1233 674 86 203 standing 1230 579 80 144 standing 1403 516 64 140 moving 1391 439 72 149 standing
1130.jpg l-spike 1383 679 91 144 waiting 1452 601 65 136 waiting 1219 505 82 131 standing 944 624 111 156 standing 930 502 41 192 jumping 925 426 44 164 blocking 863 581 61 173 standing 799 693 76 188 standing 687 638 100 163 standing 665 558 50 170 standing 349 583 80 141 standing 766 418 84 142 spiking
5400.jpg l-spike 320 693 101 171 moving 383 588 67 146 standing 205 560 68 136 standing 449 519 80 163 standing 513 395 86 178 spiking 535 531 108 160 standing 691 399 63 181 blocking 702 415 58 212 blocking 734 571 68 170 moving 1131 500 59 109 digging 1173 657 69 150 digging 1317 556 61 144 waiting
1070.jpg l-pass 601 657 63 168 standing 549 614 70 121 digging 602 576 84 127 digging 638 510 56 128 standing 812 504 96 117 standing 1005 600 59 144 standing 1136 531 51 151 standing 1132 547 52 153 standing 1135 593 53 164 standing 1394 525 62 134 standing 1611 530 77 122 moving 1662 682 80 133 waiting
19780.jpg r_set 1346 494 71 178 setting 1301 597 90 189 standing 1143 596 73 196 standing 1066 533 70 95 falling 992 450 55 160 standing 1150 390 55 123 standing 888 504 42 184 standing 832 588 55 180 standing 855 413 50 126 standing 503 532 50 165 standing 432 621 121 178 standing 418 513 60 150 standing
2945.jpg r-pass 196 616 64 167 standing 495 635 65 145 waiting 543 547 59 170 standing 635 462 72 149 standing 667 532 60 176 standing 683 654 63 191 moving 784 562 60 151 standing 760 676 70 170 standing 909 493 51 151 moving 989 515 81 135 digging 1137 528 71 132 waiting 1152 673 102 143 standing
6820.jpg l_set 1462 672 76 173 standing 1446 560 43 155 standing 1343 518 56 125 standing 956 626 63 173 standing 954 575 65 164 standing 952 510 50 150 standing 740 549 59 208 digging 703 501 58 205 setting 606 443 67 117 moving 457 566 138 139 moving 355 727 94 189 moving 163 504 69 99 moving
6910.jpg r_set 446 509 58 148 standing 542 523 100 150 standing 492 620 99 180 standing 834 603 64 188 standing 793 619 59 186 standing 823 504 46 154 standing 922 610 50 187 standing 970 691 102 180 digging 1118 761 93 205 moving 1350 596 48 158 standing 1317 476 61 135 standing 1158 430 44 138 standing
9055.jpg r_set 1417 503 52 151 standing 1295 528 115 156 moving 1259 428 107 132 moving 1278 707 96 201 standing 1076 531 87 246 standing 1040 415 62 200 setting 849 608 100 189 standing 879 529 66 217 standing 850 479 64 176 standing 481 645 127 185 standing 482 497 67 150 standing 291 612 97 168 digging
2910.jpg l_set 1423 575 70 130 waiting 1360 657 65 145 waiting 1242 514 70 123 waiting 917 628 60 143 standing 903 535 43 161 blocking 898 511 55 155 standing 792 528 59 204 setting 702 446 95 191 jumping 565 462 58 110 standing 420 526 137 177 moving 570 696 146 185 moving 300 600 53 152 standing
2930.jpg l-spike 198 623 56 153 standing 511 539 76 174 standing 583 593 63 172 standing 635 558 78 238 spiking 678 529 73 151 standing 599 444 70 155 standing 761 543 40 156 standing 762 562 66 224 blocking 841 527 69 125 digging 992 533 78 106 waiting 1212 538 66 117 digging 1231 695 62 139 digging
2860.jpg l-pass 1694 632 80 136 waiting 1676 480 72 138 moving 1451 474 77 144 standing 1188 549 44 173 standing 1185 504 47 160 standing 1177 486 49 160 standing 1006 567 91 160 standing 843 434 79 143 standing 629 456 57 135 digging 574 494 66 162 standing 569 610 84 188 standing 510 549 62 141 digging
19820.jpg r_spike 264 608 136 156 standing 648 494 49 145 standing 653 634 135 174 standing 968 531 86 148 standing 1079 357 48 205 blocking 1076 359 55 220 blocking 1188 379 86 134 spiking 1171 499 71 165 standing 1300 514 53 153 standing 1171 609 63 193 moving 1515 580 73 183 standing 1606 553 91 168 standing
2050.jpg r_spike 503 550 78 151 digging 628 533 88 129 waiting 523 667 91 134 waiting 977 605 77 163 standing 1040 422 62 216 blocking 1058 444 45 245 blocking 1164 442 54 151 standing 1240 410 82 207 spiking 1109 571 45 147 standing 1118 567 104 186 standing 1542 678 73 195 standing 1174 677 76 189 moving
3115.jpg l_set 1670 654 79 161 standing 1692 558 55 160 standing 1462 503 60 130 standing 1089 576 48 168 standing 1080 538 58 166 standing 1073 491 51 156 standing 863 529 51 174 standing 640 432 81 111 moving 554 478 72 145 standing 565 441 48 124 standing 519 519 56 193 setting 506 707 113 178 standing
3220.jpg l_set 421 538 64 144 standing 534 472 87 143 moving 758 423 73 117 moving 854 433 56 190 jumping 687 467 79 205 setting 551 688 114 187 moving 969 458 46 179 standing 971 508 59 183 standing 972 584 75 185 standing 1355 478 51 132 standing 1553 559 61 144 waiting 1378 640 90 150 waiting
9250.jpg l-spike 326 586 84 177 waiting 516 511 75 160 standing 600 462 60 152 standing 694 462 61 175 standing 648 361 85 188 spiking 666 582 61 183 standing 799 374 62 160 jumping 806 411 67 160 jumping 873 517 60 147 standing 1201 460 88 135 standing 1172 606 85 177 standing 1395 533 73 149 standing
6735.jpg r_spike 1596 570 61 149 standing 1424 497 81 122 standing 1273 604 97 158 standing 1175 590 111 226 spiking 1138 614 72 145 standing 1201 482 57 141 standing 1070 557 78 234 blocking 1077 539 47 228 blocking 934 504 70 123 waiting 668 516 70 130 waiting 608 673 95 167 waiting 542 592 77 142 waiting
19740.jpg r-pass 286 658 123 189 standing 370 626 68 189 standing 199 561 60 146 waiting 467 539 101 115 waiting 595 513 53 185 standing 554 432 55 150 standing 671 481 54 158 standing 661 471 84 137 standing 813 559 96 124 digging 877 545 134 96 falling 954 591 84 162 standing 1125 570 67 162 standing
6765.jpg l-pass 388 657 95 191 standing 373 576 102 155 standing 490 469 51 154 digging 689 488 83 157 standing 794 684 58 210 standing 854 720 147 195 standing 1052 700 64 207 standing 1061 584 61 192 standing 1056 513 51 156 standing 1233 635 62 176 standing 1437 524 67 152 standing 1471 610 51 166 standing
3175.jpg l-pass 211 543 101 131 moving 381 606 117 145 waiting 497 613 99 166 standing 576 491 83 162 standing 518 422 64 200 setting 705 493 49 133 standing 751 459 64 150 standing 764 444 52 170 standing 775 483 62 150 standing 1118 489 52 124 standing 1246 631 90 163 standing 1473 537 90 152 standing
1870.jpg l-pass 521 609 70 127 standing 572 579 94 111 digging 617 551 78 106 digging 577 652 68 175 standing 806 473 86 135 standing 932 596 97 157 standing 1136 520 56 159 standing 1139 534 56 169 standing 1151 576 56 180 standing 1398 501 80 147 standing 1614 667 79 137 waiting 1729 511 68 145 moving
1190.jpg r_set 1460 601 66 161 standing 1247 583 142 147 moving 1018 478 48 176 setting 1039 485 57 141 moving 991 457 59 134 standing 814 649 84 172 standing 807 576 61 184 standing 801 478 53 148 standing 489 498 71 144 standing 407 661 67 158 waiting 281 588 90 149 standing 1225 752 127 193 moving
1935.jpg l-spike 1229 687 58 120 digging 1232 556 86 127 waiting 1078 540 77 117 digging 766 548 106 131 standing 730 573 45 244 blocking 722 567 81 184 blocking 615 529 74 152 standing 552 479 58 143 standing 534 557 67 256 spiking 377 671 69 147 standing 303 594 92 154 moving 328 541 76 158 standing
19825.jpg r_spike 311 603 87 153 digging 691 491 49 144 standing 712 620 112 155 waiting 951 544 104 142 waiting 1094 367 87 205 blocking 1207 395 52 149 spiking 1204 512 74 137 standing 1195 591 63 180 standing 1339 514 43 152 standing 1545 576 68 180 standing 1684 548 54 173 standing
6965.jpg l-pass 494 613 68 166 standing 669 531 73 121 standing 798 607 72 192 setting 902 502 75 157 standing 1020 590 96 185 moving 1041 643 77 169 standing 1106 577 64 146 standing 1153 559 96 178 standing 1145 504 62 143 standing 1386 536 65 146 standing 1406 610 73 163 standing 1285 759 91 203 moving
9110.jpg r-pass 1267 435 120 146 digging 1132 500 97 163 moving 951 553 90 183 moving 873 681 114 192 moving 884 499 73 162 standing 869 447 105 154 standing 730 445 54 156 standing 661 436 56 148 standing 495 593 99 183 standing 245 603 115 196 standing 220 448 52 160 standing 150 547 77 202 standing
22685.jpg r_spike 1467 564 54 156 standing 1402 458 78 128 standing 1210 565 67 161 standing 1135 559 120 162 spiking 1070 522 126 159 moving 963 532 61 179 standing 944 478 56 123 standing 878 588 69 164 moving 625 537 66 143 waiting 488 671 119 168 standing 421 599 63 173 standing 1231 748 103 192 standing
3045.jpg l-pass 323 537 74 162 digging 587 479 87 138 standing 732 494 71 108 digging 658 641 74 162 waiting 1043 583 67 214 standing 1060 584 53 209 standing 1156 499 84 145 standing 1141 584 123 173 standing 1193 639 82 154 standing 1333 564 93 139 waiting 1429 642 93 154 waiting 1569 567 79 165 standing
9210.jpg l_set 529 643 87 160 standing 435 526 89 185 standing 568 529 53 170 standing 705 477 87 146 standing 820 538 71 224 setting 911 577 73 202 standing 1004 561 93 184 standing 1101 509 54 162 standing 1069 590 83 260 standing 1273 593 103 179 standing 1393 445 55 153 standing 1645 502 54 153 standing
3155.jpg l-spike 1480 551 63 145 standing 1289 653 60 167 standing 1159 475 68 120 standing 758 426 42 194 blocking 734 377 61 196 blocking 566 508 99 147 digging 586 389 81 163 spiking 491 494 62 150 digging 549 639 82 159 standing 350 587 61 161 standing 249 512 48 150 standing
5490.jpg r_spike 532 580 82 154 digging 731 642 105 160 waiting 778 469 76 135 standing 1039 565 129 133 waiting 1127 405 48 208 blocking 1204 539 47 157 standing 1199 492 51 166 standing 1139 385 51 178 blocking 1238 370 55 173 spiking 1319 465 52 162 standing 1408 556 81 164 standing 1626 592 72 183 standing
6710.jpg r_set 434 594 63 181 standing 551 526 59 125 waiting 495 658 102 168 waiting 842 509 73 147 standing 851 624 61 154 standing 862 583 60 166 standing 1063 587 78 189 standing 1143 449 51 161 setting 1073 447 84 130 moving 1359 569 97 132 moving 1327 520 57 137 standing 1291 734 129 202 moving
9075.jpg r_spike 1518 485 70 159 standing 1261 317 55 184 spiking 1276 511 83 171 standing 1223 484 49 165 standing 1116 661 132 192 standing 1116 565 66 190 standing 897 578 87 172 standing 1043 378 57 249 blocking 595 435 64 128 waiting 503 542 87 172 digging 562 590 147 157 waiting
5370.jpg l_set 1344 508 55 145 standing 1523 638 72 192 standing 1532 546 49 144 standing 1001 613 71 179 standing 996 552 68 99 standing 996 502 48 157 standing 823 512 77 141 standing 616 538 65 173 setting 468 527 84 143 moving 514 454 87 112 moving 291 570 62 142 standing 307 703 134 194 moving
6950.jpg r_spike 431 576 85 148 standing 1402 601 57 153 standing 1371 519 64 151 standing 1101 752 109 217 standing 1093 538 102 216 spiking 1089 569 88 154 standing 1151 502 43 146 standing 911 521 99 133 waiting 989 552 79 216 blocking 1008 545 51 198 blocking 701 606 80 173 standing 647 509 72 129 waiting
1110.jpg l_set 637 713 146 173 moving 503 566 131 155 moving 343 608 63 149 standing 673 482 52 101 standing 807 526 66 219 setting 850 532 49 169 standing 985 518 55 161 standing 985 544 61 170 blocking 1007 632 57 163 standing 1296 535 81 133 waiting 1483 585 76 146 waiting 1470 660 65 153 waiting
1210.jpg r_spike 212 590 85 145 waiting 503 526 78 136 waiting 409 694 95 141 waiting 878 646 65 169 standing 864 517 52 111 standing 901 522 46 222 blocking 1035 567 82 130 standing 1007 511 68 152 standing 1002 463 49 152 standing 1110 513 56 188 spiking 1074 723 96 177 standing 1446 614 82 155 standing
2995.jpg r_set 328 557 94 143 waiting 456 647 66 161 waiting 571 478 63 147 standing 907 601 69 179 standing 881 452 50 142 standing 901 551 54 174 standing 1043 544 59 177 standing 1183 637 101 167 digging 1308 536 66 153 standing 1206 421 52 124 moving 1291 497 59 140 moving 1270 763 86 219 moving
1910.jpg l_set 1416 654 76 140 waiting 1459 559 64 139 waiting 1302 525 71 127 standing 952 640 71 182 standing 947 546 63 135 blocking 946 509 52 161 standing 748 499 80 154 standing 677 524 62 205 setting 504 535 81 136 moving 413 615 63 152 waiting 494 720 72 185 standing 384 548 85 150 moving
7010.jpg l_set 1468 664 83 170 standing 1368 565 58 147 standing 1292 524 72 129 standing 978 574 65 182 blocking 975 525 60 158 standing 979 492 48 161 standing 910 509 58 239 setting 861 514 58 142 moving 631 454 90 124 moving 438 725 100 187 standing 460 584 76 139 moving 309 572 77 149 standing
9160.jpg r_spike 374 556 124 162 digging 613 609 82 155 digging 687 482 67 139 digging 948 501 81 150 standing 983 477 101 244 blocking 1014 465 67 259 blocking 1113 459 93 227 spiking 1390 509 62 182 standing 1311 413 74 158 standing 1422 459 70 152 standing 1321 700 86 233 standing
6845.jpg l-spike 1362 702 98 153 waiting 1342 586 72 118 waiting 1145 528 79 104 digging 929 530 93 123 standing 822 567 53 232 blocking 806 542 56 223 blocking 675 597 93 168 digging 621 577 91 143 standing 659 534 57 134 standing 660 456 75 149 standing 559 549 71 255 spiking 135 562 62 144 standing
1145.jpg r-pass 307 576 54 140 waiting 565 644 110 158 standing 696 659 98 160 standing 754 582 62 192 standing 727 502 86 144 standing 623 542 70 154 standing 806 486 49 145 standing 855 486 52 151 standing 958 629 108 153 waiting 1182 513 71 115 moving 1328 602 78 145 waiting 1241 634 78 162 standing
6855.jpg r-pass 155 587 76 157 standing 612 679 112 179 standing 617 594 71 146 standing 588 580 87 147 standing 666 538 79 137 standing 621 467 81 159 standing 754 545 108 257 blocking 759 560 80 248 blocking 889 522 99 133 standing 1096 549 84 87 falling 1308 592 74 127 waiting 1300 685 103 172 standing
5465.jpg r_set 1461 586 97 174 moving 1442 581 94 124 moving 1197 439 57 120 moving 1150 449 60 146 standing 1118 443 52 176 setting 1054 466 45 145 standing 948 576 48 161 standing 962 518 46 172 standing 940 462 63 149 standing 719 462 66 139 standing 563 615 102 160 waiting 485 552 50 146 standing
19705.jpg l-spike 429 703 105 190 moving 322 573 57 167 standing 585 581 72 156 standing 589 546 79 150 standing 667 461 83 128 standing 741 408 73 202 spiking 874 421 45 231 blocking 883 577 61 182 standing 1231 488 63 123 digging 1415 552 66 145 waiting 1331 643 87 171 waiting
3240.jpg l-spike 368 606 68 146 standing 478 497 84 143 standing 573 532 60 153 standing 600 588 121 203 spiking 723 485 73 152 standing 688 434 71 128 standing 847 557 53 154 standing 835 573 66 232 blocking 935 487 58 129 standing 1167 510 91 131 digging 1367 536 86 146 digging 1260 659 64 131 waiting
9140.jpg r_set 1235 737 97 226 moving 1124 576 72 168 standing 1391 515 106 151 standing 1191 413 73 117 moving 1104 482 85 155 setting 800 585 59 183 standing 818 499 72 176 standing 846 472 61 156 standing 440 608 90 186 standing 299 555 64 192 standing 421 453 96 159 standing 1689 507 145 88 falling
19720.jpg l-spike 1077 627 83 170 standing 1188 578 62 147 standing 1042 482 56 126 standing 711 529 73 199 setting 666 440 42 236 blocking 631 369 73 205 blocking 591 544 64 151 waiting 525 365 72 202 spiking 433 532 67 159 digging 361 709 104 172 waiting 296 634 75 190 standing 150 557 50 171 standing
5425.jpg r-pass 1299 536 75 151 standing 1103 600 70 176 standing 1081 503 63 128 standing 820 525 101 129 digging 769 480 78 143 standing 799 468 50 142 standing 706 494 45 141 standing 644 525 68 153 standing 575 504 65 141 standing 515 592 118 153 standing 309 612 66 179 standing 291 558 50 139 standing
2030.jpg r_set 1263 571 130 140 moving 1053 446 64 119 standing 969 506 58 207 setting 1026 609 73 196 standing 1159 777 78 199 standing 847 642 81 166 standing 857 590 62 195 standing 842 521 62 132 standing 563 521 77 127 waiting 320 558 62 156 standing 363 683 72 134 waiting 1449 812 69 189 standing
37140.jpg r_winpoint 490 514 43 184 standing 747 410 72 137 standing 614 539 90 186 standing 688 571 88 176 standing 1010 385 45 166 standing 1053 428 48 150 standing 1433 471 25 150 standing 1400 466 43 159 standing 1610 541 51 162 standing 1161 565 81 176 standing 1322 569 63 166 standing 1231 522 88 177 standing
43605.jpg l_winpoint 229 622 88 154 standing 486 614 93 160 standing 577 612 76 150 standing 545 549 64 168 standing 604 522 62 109 standing 589 576 76 169 standing 1514 544 65 155 standing 1381 609 78 154 standing 1359 553 57 155 standing 1031 615 57 160 standing 1112 552 54 147 standing 1042 560 77 172 standing
36480.jpg l_winpoint 537 441 71 177 standing 498 502 50 180 standing 603 527 103 175 standing 701 547 94 180 standing 781 464 60 151 standing 753 485 82 176 standing 1457 462 51 146 standing 1259 435 88 149 standing 1196 486 56 153 standing 1110 536 72 172 standing 994 498 94 179 standing 1028 614 83 189 standing
33900.jpg l_winpoint 225 547 100 162 standing 514 599 63 195 standing 550 532 54 171 standing 613 557 86 167 standing 605 518 90 170 standing 586 445 59 122 standing 1017 410 53 147 standing 1185 473 64 160 standing 1306 479 78 138 standing 1390 621 63 191 standing 891 707 107 218 standing 823 634 68 196 standing
32445.jpg l_winpoint 457 517 51 135 standing 507 553 57 152 standing 583 537 59 170 standing 516 614 65 116 standing 553 575 66 169 standing 618 576 54 162 standing 1031 502 46 147 standing 1035 575 68 163 standing 1063 527 69 157 standing 1353 519 42 140 standing 1491 505 46 145 standing 1452 591 50 154 standing
48030.jpg r_winpoint 202 729 105 191 standing 159 711 75 180 standing 383 540 65 167 standing 514 576 62 165 standing 487 501 60 149 standing 690 475 65 152 standing 726 652 70 171 standing 1152 535 75 170 standing 1248 530 69 136 standing 1252 550 66 160 standing 1301 543 45 157 standing 1336 568 60 155 standing
35835.jpg l_winpoint 1475 517 62 169 standing 1484 497 78 157 standing 1340 531 52 162 standing 1085 587 58 177 standing 978 535 82 180 standing 1033 475 53 170 standing 582 625 63 189 standing 585 531 62 173 standing 512 551 75 203 standing 515 553 53 151 standing 491 552 84 168 standing 479 502 71 163 standing
49800.jpg l_winpoint 441 646 96 172 standing 476 632 71 162 standing 558 637 92 164 standing 650 643 118 154 standing 710 584 82 166 standing 721 563 63 144 standing 1074 551 87 146 standing 1255 573 59 185 standing 1426 528 60 149 standing 1510 576 44 148 standing 1414 641 76 183 standing 1556 677 78 167 standing
48525.jpg l_winpoint 1438 551 81 147 standing 1345 482 53 142 standing 1180 592 67 175 standing 1207 572 64 153 standing 1063 489 65 152 standing 1029 493 51 137 standing 852 526 62 167 standing 875 510 60 151 standing 841 522 48 142 standing 762 530 81 150 standing 708 566 71 190 standing 529 564 52 149 standing
45420.jpg r_winpoint 1407 582 65 149 standing 1278 529 66 160 standing 1215 542 92 162 standing 1209 528 75 141 standing 1163 511 52 158 standing 1188 636 46 181 standing 967 481 87 146 standing 934 562 42 144 standing 931 646 56 163 standing 859 527 67 158 standing 718 523 47 132 standing 694 578 48 165 standing
46035.jpg l_winpoint 1568 580 59 176 standing 1497 632 88 176 standing 1432 550 88 159 standing 1183 601 97 166 standing 1136 584 70 190 standing 1195 485 52 140 standing 542 566 75 173 standing 585 562 44 153 standing 502 561 85 172 standing 555 560 39 155 standing 525 545 109 170 standing 399 594 50 159 standing
35850.jpg l_winpoint 529 547 112 186 standing 573 536 60 187 standing 508 516 84 167 standing 526 567 68 183 standing 522 547 60 172 standing 979 551 83 186 standing 1064 486 59 167 standing 1154 583 66 183 standing 1359 511 63 154 standing 1504 522 80 165 standing 1540 482 69 169 standing
46590.jpg l_winpoint 718 511 90 164 standing 801 504 104 170 standing 940 494 62 174 standing 860 571 74 181 standing 1076 684 101 189 standing 1084 717 60 213 standing 1228 621 48 171 standing 1261 584 78 179 standing 1317 533 60 154 standing 1473 529 76 160 standing 1438 626 84 172 standing 1654 607 57 163 standing
42315.jpg r_winpoint 1350 516 58 195 standing 1207 485 110 159 standing 1162 479 52 163 standing 1076 539 74 151 standing 1023 489 103 172 standing 1089 470 70 158 standing 867 596 64 186 standing 743 416 49 151 standing 482 484 65 163 standing 474 593 64 178 standing 353 504 45 150 standing
35010.jpg r_winpoint 1406 519 75 182 standing 1347 472 84 183 standing 1257 530 87 225 standing 1276 451 85 157 standing 1212 473 98 157 standing 1627 542 71 130 falling 790 532 101 188 standing 815 489 70 165 standing 747 580 55 185 standing 485 517 71 151 standing 475 550 61 179 standing 418 564 66 176 standing
