35730.jpg l-spike 1246 501 32 103 standing 954 420 54 132 standing 928 534 62 122 standing 790 439 70 119 standing 711 326 41 155 blocking 630 331 42 132 spiking 610 444 46 91 waiting 576 490 41 133 standing 461 470 67 130 standing 511 425 42 106 standing 252 457 50 107 standing
35805.jpg r_set 205 493 37 125 standing 319 421 40 120 standing 324 514 72 144 standing 613 482 38 139 standing 606 450 35 131 standing 620 439 43 116 standing 682 538 71 114 moving 744 461 51 145 standing 861 356 43 167 setting 986 388 110 108 moving 1052 474 100 103 moving 840 544 86 130 moving
35635.jpg l-spike 1028 503 41 125 standing 1025 455 48 100 standing 931 416 46 116 digging 709 495 72 109 waiting 694 427 56 90 standing 690 366 39 151 blocking 639 408 44 144 standing 591 356 55 147 spiking 575 399 70 88 standing 485 542 60 130 moving 424 437 62 112 moving 217 390 44 93 moving
23155.jpg r_set 750 452 51 173 setting 659 392 55 95 moving 649 571 82 141 moving 844 442 75 120 standing 660 491 49 130 standing 501 448 55 144 standing 95 415 47 119 standing 26 498 43 147 standing 352 429 42 117 standing 376 529 51 135 standing 374 487 37 130 standing
35590.jpg l-pass 1210 503 35 129 standing 1182 444 49 130 standing 1206 389 28 119 standing 973 489 51 128 standing 850 443 49 131 standing 860 422 26 112 standing 701 459 47 129 standing 588 417 45 122 standing 619 384 40 102 moving 475 388 33 113 setting 365 415 65 110 moving
35680.jpg l-pass 340 437 51 111 digging 557 444 47 120 standing 636 387 48 97 moving 587 512 87 137 standing 685 460 49 127 standing 714 430 37 132 standing 835 471 45 131 standing 856 450 27 132 standing 862 422 35 117 standing 1045 403 72 117 standing 1083 489 52 124 standing 1139 440 63 131 standing
71105.jpg r-pass 692 497 137 72 falling 816 485 54 125 standing 614 464 66 136 standing 698 351 57 116 standing 767 412 55 88 standing 417 426 65 116 standing 291 478 46 147 standing 278 449 63 145 standing 315 424 44 119 standing 17 488 65 137 waiting 6 407 24 125 standing
26500.jpg l-spike 241 439 69 121 moving 311 401 42 111 standing 473 394 82 149 spiking 555 445 40 135 standing 625 446 69 118 waiting 629 406 63 109 standing 716 396 50 152 blocking 705 371 67 163 blocking 991 413 64 111 waiting 1117 518 57 121 waiting 1234 425 43 124 standing
94665.jpg r_spike 426 405 80 93 waiting 320 497 76 135 standing 104 428 73 101 standing 675 437 45 185 blocking 766 469 76 100 waiting 824 440 78 146 spiking 680 386 42 180 blocking 878 385 61 117 moving 941 465 63 132 standing 1015 478 45 135 standing 1178 463 48 124 standing
72245.jpg l_set 323 515 75 119 moving 362 565 49 140 standing 411 473 92 110 moving 572 396 52 99 standing 662 410 55 167 jumping 715 412 42 164 setting 799 502 51 123 standing 789 467 47 115 standing 799 422 51 116 standing 1015 431 43 117 standing 1118 520 68 120 standing 1178 483 58 117 standing
41295.jpg l_set 978 426 35 121 standing 953 451 46 137 standing 941 487 46 137 standing 818 442 37 126 standing 725 475 55 130 standing 626 414 46 151 setting 665 382 44 77 moving 470 459 35 123 standing 358 530 79 130 moving
23110.jpg r_spike 1115 411 44 122 standing 1021 430 55 127 standing 910 505 44 137 standing 788 486 79 100 jumping 809 486 47 99 standing 807 399 50 118 standing 716 441 52 153 blocking 716 422 49 142 blocking 538 425 90 105 standing 430 430 90 97 waiting 261 453 74 109 waiting 346 526 49 130 standing
23300.jpg r_spike 853 533 58 131 moving 945 465 54 137 standing 944 431 54 125 standing 766 468 55 134 standing 812 450 44 134 standing 817 314 55 161 spiking 730 383 32 148 blocking 649 479 61 137 moving 711 341 48 164 blocking 403 487 80 130 moving 309 493 102 110 standing 383 428 54 102 waiting
72165.jpg r-pass 1009 389 41 99 moving 880 526 71 116 digging 867 440 41 109 standing 806 339 37 82 standing 740 377 43 114 standing 609 436 52 131 standing 502 484 47 135 standing 334 450 88 126 standing 391 414 47 116 standing 173 493 28 122 standing 170 420 52 116 standing
59505.jpg l_set 1066 458 51 110 waiting 986 407 63 106 standing 1024 500 48 129 standing 713 399 47 102 standing 712 386 32 163 blocking 720 466 49 128 standing 569 434 62 150 setting 563 398 61 162 setting 447 466 50 116 standing 467 379 52 80 moving 281 455 39 115 standing 253 533 75 125 moving
94670.jpg r_spike 137 432 55 100 waiting 397 489 52 141 standing 454 403 61 89 waiting 716 424 49 189 blocking 708 423 48 159 blocking 718 397 54 142 blocking 799 477 75 96 digging 819 433 74 130 spiking 886 390 49 119 standing 975 457 52 142 standing 1050 478 44 145 standing 1214 465 44 130 standing
72270.jpg l-spike 1031 535 66 132 standing 1055 480 62 107 waiting 946 440 60 93 waiting 679 424 59 116 standing 660 436 43 159 blocking 650 443 37 167 blocking 601 457 38 114 standing 534 467 38 117 standing 540 400 52 109 standing 440 447 57 156 spiking 454 458 62 123 standing 206 527 51 137 standing
23105.jpg r_spike 1049 415 63 109 standing 979 431 51 125 standing 882 503 46 119 standing 782 455 72 145 spiking 761 476 67 125 standing 758 395 59 122 standing 672 421 44 184 blocking 685 420 38 157 blocking 543 420 68 106 standing 377 426 66 97 standing 298 521 53 133 standing 237 447 69 115 standing
23075.jpg r_set 908 562 110 123 moving 873 476 50 128 standing 831 424 64 82 waiting 714 416 52 161 jumping 758 379 49 159 setting 763 351 68 103 moving 504 497 65 132 standing 525 446 51 133 standing 499 414 51 127 standing 186 487 50 148 standing 142 472 45 121 waiting 218 435 54 79 waiting
71125.jpg r_set 90 398 39 115 standing 37 477 72 157 standing 5 445 52 147 standing 397 392 34 131 standing 373 429 46 136 standing 363 472 57 148 standing 488 331 66 178 setting 557 466 86 125 moving 653 435 73 123 standing 718 344 82 104 moving 828 397 73 112 standing 772 512 90 131 moving
23240.jpg r-pass 448 427 67 101 moving 1014 432 52 127 standing 823 373 79 129 moving 741 394 48 136 setting 735 436 91 120 standing 735 481 73 134 moving 561 401 40 120 standing 525 394 31 114 moving 308 491 87 140 standing 247 418 46 115 standing 136 474 42 136 standing 865 475 65 121 standing
41405.jpg l_set 1206 497 45 130 standing 1159 407 40 122 standing 874 492 53 132 standing 887 455 47 125 standing 900 421 42 131 standing 675 421 37 127 standing 615 383 61 74 moving 509 382 42 151 setting 488 541 75 147 moving 340 475 67 120 standing 343 423 58 110 standing
23025.jpg r-pass 887 502 52 148 standing 778 452 48 102 standing 808 412 57 111 digging 686 389 65 120 standing 673 350 48 105 standing 485 427 49 122 standing 401 442 44 148 standing 380 426 37 130 standing 368 477 43 131 standing 117 483 35 147 standing 61 428 35 127 standing 7 474 40 134 standing
71230.jpg l-spike 1052 421 70 119 standing 967 371 80 103 moving 1008 487 82 122 standing 387 488 87 135 standing 714 359 58 117 standing 683 346 44 166 blocking 683 323 36 176 blocking 613 342 45 125 standing 589 326 41 127 standing 547 381 49 116 standing 501 348 77 151 spiking 367 396 37 130 standing
71150.jpg r_spike 1108 405 42 127 standing 807 495 68 142 moving 733 424 55 142 standing 778 365 39 135 standing 793 251 64 164 spiking 668 385 39 119 blocking 673 320 30 83 blocking 567 448 67 130 standing 360 399 45 103 moving 272 457 82 128 waiting 303 430 49 118 standing 859 407 61 119 standing
94625.jpg r_set 1009 430 51 119 standing 974 362 58 112 standing 939 477 65 86 falling 902 532 77 140 standing 697 434 51 142 standing 632 500 62 118 digging 453 484 49 147 standing 493 451 46 146 standing 494 432 46 123 standing 206 396 46 119 standing 148 482 42 146 standing 138 432 63 125 standing
41460.jpg r-pass 1079 416 45 119 standing 968 510 54 117 standing 834 457 45 95 digging 794 391 34 122 standing 791 378 42 132 blocking 746 422 35 110 standing 687 439 67 119 standing 558 440 65 95 standing 455 486 80 125 standing 391 475 65 119 standing 431 457 57 110 moving
50070.jpg l-pass 1244 427 35 114 standing 1047 498 48 143 standing 1006 450 65 112 moving 960 400 47 116 moving 929 400 49 100 moving 767 418 57 131 standing 656 500 60 143 moving 553 407 65 102 moving 503 410 55 136 digging 275 534 44 121 moving 106 545 77 121 moving
71400.jpg l-spike 1154 533 82 119 waiting 1155 452 92 127 standing 1038 415 87 104 waiting 790 390 57 120 standing 755 422 45 188 blocking 761 403 42 166 blocking 695 476 42 140 standing 647 364 42 121 standing 537 437 107 163 spiking 574 440 65 130 standing 557 432 60 112 standing 334 437 37 132 standing
94585.jpg r-pass 872 404 57 123 standing 735 411 54 100 standing 712 476 44 128 standing 655 492 146 54 falling 533 447 68 135 standing 338 403 47 128 standing 233 418 32 127 standing 235 441 43 137 standing 193 455 53 142 standing
26395.jpg r_spike 170 490 75 119 standing 371 413 44 102 standing 438 511 94 122 standing 587 435 58 123 standing 655 342 63 153 blocking 732 350 52 123 spiking 741 440 71 113 waiting 812 397 49 108 standing 832 468 52 119 standing 978 497 58 145 standing 1091 425 48 131 standing
41440.jpg l-spike 1033 532 64 121 standing 881 450 47 110 standing 794 332 45 161 blocking 811 326 43 167 blocking 704 328 71 134 spiking 697 435 56 108 waiting 531 431 42 104 standing 496 490 52 127 standing 371 471 51 118 moving 362 439 72 121 moving 1130 421 48 110 standing
35540.jpg r-pass 927 371 48 125 standing 842 518 45 101 digging 834 473 36 100 standing 806 414 44 112 standing 628 436 39 110 standing 460 437 48 119 standing 324 468 35 131 standing 356 460 39 129 standing 365 429 29 127 standing 132 483 46 139 standing 84 471 48 117 standing
26300.jpg r-pass 826 416 44 102 digging 736 525 68 125 standing 1018 493 55 117 waiting 312 527 74 116 standing 495 372 34 120 blocking 496 373 27 117 blocking 389 455 71 96 waiting 253 460 52 117 standing 250 443 34 97 standing 402 410 38 117 standing 30 486 49 102 waiting
71375.jpg l_set 405 509 87 128 moving 426 417 43 112 standing 487 448 57 117 moving 613 367 68 96 moving 731 464 79 142 standing 805 383 43 183 setting 905 477 54 137 standing 910 435 52 137 standing 914 389 60 131 standing 1120 420 60 120 standing
35760.jpg r-pass 1187 502 40 130 standing 1037 400 53 120 standing 757 546 93 68 falling 801 451 46 120 standing 796 419 61 116 standing 703 415 51 95 moving 599 406 43 96 standing 623 442 42 114 standing 617 482 37 134 standing 429 436 70 109 standing 427 474 35 128 standing 251 468 36 114 standing
92370.jpg r_set 450 433 50 146 standing 502 386 52 147 blocking 621 301 35 165 setting 662 342 62 175 jumping 882 344 76 104 moving 879 419 86 107 moving 828 521 82 116 moving 1023 413 59 114 standing 131 438 57 107 waiting 192 451 45 136 standing 207 376 33 102 standing
26190.jpg l-pass 1082 459 58 99 standing 918 472 42 130 standing 753 463 38 122 standing 704 417 27 125 standing 534 482 68 119 standing 228 507 78 104 digging 253 436 41 100 standing 191 524 47 107 standing 38 517 43 134 standing 341 520 92 133 standing 866 422 47 114 standing 685 453 56 139 blocking
35835.jpg r_spike 301 520 58 108 waiting 416 427 48 108 waiting 415 527 52 114 waiting 660 503 91 127 standing 762 366 54 144 blocking 857 464 58 111 standing 858 540 72 139 standing 945 330 52 148 spiking 940 461 69 108 waiting 1021 487 48 131 standing 1106 424 69 127 standing
59510.jpg l-spike 1004 510 62 120 standing 1042 459 48 107 waiting 965 410 60 105 standing 699 441 43 154 blocking 672 365 47 156 blocking 697 401 39 107 standing 567 382 65 150 spiking 527 471 75 114 standing 458 370 86 94 moving 425 454 56 118 standing 266 529 137 122 moving 255 457 41 116 standing
26255.jpg l_set 310 563 84 135 moving 452 474 65 119 standing 480 432 32 97 standing 602 378 36 95 moving 747 475 65 132 standing 925 498 40 126 standing 952 429 38 123 standing 919 464 42 119 standing 544 426 56 137 setting
26575.jpg r_set 670 385 45 152 setting 711 389 82 96 moving 855 435 96 105 moving 1031 433 71 131 standing 810 552 115 114 moving 588 482 64 150 standing 490 412 43 120 standing 503 460 47 129 standing 498 492 48 141 standing 224 479 43 141 standing 194 425 54 101 standing 111 482 60 113 waiting
26600.jpg r_spike 948 437 53 137 standing 885 355 60 156 spiking 865 521 65 125 standing 780 488 45 139 standing 730 366 47 149 blocking 678 482 71 111 standing 430 497 78 115 waiting 345 477 46 107 waiting 395 436 65 92 waiting 1152 428 47 128 standing 814 381 55 119 standing
23320.jpg l-pass 1102 462 55 134 standing 996 416 48 113 standing 937 504 65 142 standing 894 468 51 153 standing 935 461 49 127 standing 894 390 38 113 standing 802 399 63 106 digging 844 389 37 100 standing 714 455 69 117 standing 572 480 66 102 standing 534 458 68 55 falling 379 483 57 123 standing
26335.jpg r-pass 846 418 50 131 standing 594 434 64 98 falling 662 511 54 129 digging 414 431 41 105 standing 361 376 62 86 moving 281 403 43 123 standing 189 425 35 119 standing 199 447 33 135 standing 136 464 49 137 standing 2 508 66 137 standing
23365.jpg l_set 1229 461 49 121 standing 1092 420 72 124 standing 887 400 60 130 standing 877 447 55 137 standing 867 488 57 141 standing 752 405 44 127 standing 639 373 61 83 moving 614 419 51 172 setting 500 404 37 104 standing 432 476 77 109 moving 384 542 82 127 moving
72205.jpg l-pass 529 544 50 115 digging 813 485 37 136 standing 572 461 51 135 standing 524 389 57 104 standing 350 450 62 123 moving 225 494 48 141 standing 892 440 40 137 standing 963 509 44 118 standing 1070 413 51 127 standing 948 389 55 120 moving 1245 499 33 145 standing
26450.jpg l_set 232 435 48 73 falling 468 520 77 131 moving 609 336 30 143 setting 844 447 54 131 standing 875 403 30 126 standing 848 371 37 96 standing 1037 463 39 143 standing 1035 427 37 137 standing 1056 412 54 137 standing
26290.jpg l-spike 419 445 41 123 standing 417 428 44 96 standing 532 329 51 142 spiking 569 445 89 110 waiting 679 350 41 170 blocking 659 340 55 150 blocking 921 544 77 120 standing 1023 412 57 106 standing 1190 494 54 130 standing 227 468 54 110 waiting 435 522 72 123 standing
92380.jpg r_spike 744 322 71 150 spiking 718 335 83 169 setting 889 348 63 110 moving 886 422 81 126 moving 1114 412 62 121 standing 837 516 57 124 standing 628 334 44 192 blocking 567 456 84 135 standing 334 470 66 121 standing 308 385 47 108 standing 263 424 47 118 standing
41505.jpg r_set 977 496 52 130 standing 1006 489 86 114 moving 897 445 51 137 setting 806 532 58 123 moving 782 358 43 103 standing 678 414 48 130 standing 562 491 41 130 standing 584 454 37 147 standing 559 435 38 114 standing 260 487 43 137 standing 251 429 54 105 standing 165 477 37 123 standing
71310.jpg r_spike 985 475 57 134 standing 957 382 42 136 standing 910 411 43 133 standing 768 468 56 140 standing 766 426 55 147 standing 783 384 59 140 setting 289 473 81 140 moving 371 433 59 135 moving 359 380 38 102 standing 589 462 76 143 standing 670 414 42 137 standing 632 395 52 135 standing
41180.jpg r-pass 121 471 28 93 standing 135 497 28 142 standing 339 484 42 137 standing 376 449 30 123 standing 389 459 40 135 standing 503 448 60 116 standing 595 381 48 114 standing 687 406 55 118 moving 821 438 53 110 standing 834 494 53 93 digging 863 507 57 126 standing
59470.jpg l-pass 219 485 46 139 standing 411 498 65 102 waiting 469 502 107 72 falling 479 383 38 107 standing 587 413 57 123 standing 710 511 55 97 waiting 832 444 50 132 standing 832 424 27 132 standing 827 408 27 113 standing 1141 493 37 133 standing 1159 446 38 124 standing 1171 401 43 115 standing
71175.jpg l-pass 1187 399 61 123 standing 1134 364 60 133 standing 1026 452 44 137 standing 998 398 46 147 standing 997 373 44 94 standing 911 355 66 123 standing 875 339 63 102 standing 819 425 57 130 standing 601 431 110 77 falling 534 414 51 111 standing 488 426 41 130 standing
50145.jpg r_set 241 473 44 121 standing 260 437 53 98 standing 291 499 77 114 standing 527 489 39 133 standing 546 453 49 128 standing 555 428 35 125 standing 613 389 39 158 setting 690 425 70 98 moving 716 483 105 128 moving 784 427 41 121 standing 928 470 79 100 moving 763 581 98 133 moving
26410.jpg l-pass 1070 471 54 129 standing 1078 401 73 112 standing 1006 426 58 131 standing 988 420 41 118 standing 922 412 43 111 standing 902 405 58 109 standing 837 432 56 124 standing 686 502 69 120 standing 657 416 60 92 standing 412 475 73 101 falling
26525.jpg r-pass 833 406 65 112 digging 721 463 51 133 moving 611 408 53 117 standing 355 472 71 121 standing 385 450 54 113 standing 372 491 81 122 standing 270 440 36 134 standing 268 426 38 112 standing 287 413 28 111 standing 185 458 39 124 standing 121 461 42 132 standing
26705.jpg r_set 139 433 41 127 standing 185 471 43 139 standing 223 408 47 103 standing 484 484 33 148 standing 494 414 35 119 standing 589 437 33 139 standing 737 350 50 101 moving 817 427 45 117 standing 828 434 45 145 setting 907 539 96 131 moving 994 436 99 127 standing 501 447 41 129 standing
71330.jpg l_set 400 487 65 142 standing 457 470 77 123 standing 464 398 42 109 standing 608 391 39 128 standing 684 417 51 172 setting 749 477 56 154 standing 847 469 56 139 standing 840 425 39 130 standing 854 399 30 144 standing 1032 389 44 140 standing 1043 433 69 130 moving 1202 477 67 144 standing
50120.jpg r_set 1018 453 58 114 standing 883 575 55 139 standing 804 464 65 135 standing 754 402 32 144 setting 808 398 65 98 moving 556 421 34 126 standing 484 480 35 135 standing 498 441 48 135 standing 502 414 32 137 blocking 216 495 46 140 standing 185 465 44 123 standing 136 455 65 100 moving
26660.jpg r-pass 258 494 42 137 standing 293 437 42 109 standing 500 449 53 125 standing 597 430 45 130 standing 525 393 42 97 standing 606 389 42 107 standing 809 446 67 110 standing 846 426 39 112 standing 672 399 50 107 moving 704 433 59 110 digging 741 482 72 109 standing 1027 433 42 123 standing
41330.jpg l-spike 1242 532 35 109 standing 974 424 74 107 standing 754 464 30 181 blocking 757 438 49 170 blocking 618 476 82 115 waiting 499 467 101 148 spiking 553 497 41 96 standing 560 424 57 109 standing 357 495 63 117 moving 381 456 68 109 moving
41220.jpg r_spike 1063 488 58 114 standing 854 549 103 124 moving 830 456 64 106 standing 723 417 47 121 standing 726 379 65 144 spiking 754 375 68 121 standing 582 513 51 128 standing 611 390 32 158 blocking 585 436 35 99 standing 304 515 60 126 standing 245 490 57 106 waiting 302 441 50 98 waiting
49885.jpg r-pass 844 536 55 130 standing 871 507 49 116 standing 824 494 67 77 falling 801 440 48 92 standing 637 522 68 141 standing 613 424 46 105 standing 402 467 34 139 blocking 368 470 42 118 standing 327 478 35 133 standing 143 478 35 125 standing 64 480 46 131 standing 0 550 60 123 waiting
26745.jpg r_spike 1257 573 22 139 standing 1238 468 39 112 standing 1051 465 105 122 standing 873 483 48 126 waiting 794 459 58 150 spiking 755 507 56 109 waiting 767 396 54 116 standing 665 425 47 178 blocking 665 423 50 163 blocking 461 410 58 92 standing 260 476 58 120 standing 164 416 65 105 standing
59610.jpg r_spike 866 425 33 130 standing 814 471 42 118 moving 729 400 40 107 standing 620 502 40 107 standing 635 428 51 106 waiting 633 328 52 153 spiking 565 333 40 152 blocking 436 487 74 122 standing 233 467 52 130 standing 272 409 38 88 moving 143 461 74 120 standing
35725.jpg l-spike 963 538 79 118 standing 988 419 45 126 standing 789 435 45 118 standing 735 329 35 158 blocking 249 452 71 105 moving 522 426 45 107 standing 483 471 73 126 standing 578 499 54 135 moving 628 441 58 97 waiting 624 331 77 105 spiking
23120.jpg r-pass 1160 442 82 114 standing 1033 458 63 113 standing 934 479 64 146 spiking 814 535 49 120 standing 838 468 74 126 standing 825 418 81 116 standing 708 490 91 156 blocking 760 506 37 136 blocking 573 414 82 112 standing 467 426 87 93 standing 370 514 56 140 standing 296 447 70 112 standing
23275.jpg r_set 217 490 61 123 standing 262 424 51 106 standing 265 489 54 156 standing 556 430 46 94 standing 555 482 40 139 standing 585 430 40 147 blocking 678 386 45 158 setting 741 442 55 145 standing 836 424 38 119 standing 830 365 96 113 moving 937 542 113 130 moving 969 468 58 96 standing
26620.jpg l-pass 1253 422 26 122 standing 1083 443 41 130 standing 934 494 60 138 standing 886 459 51 143 standing 924 434 36 120 standing 910 389 76 101 moving 817 437 47 123 standing 829 428 43 110 standing 719 458 79 110 standing 587 463 150 43 falling 478 485 63 117 standing 441 464 60 119 standing
41360.jpg l-pass 1200 454 58 121 standing 1072 503 72 123 standing 827 414 45 109 standing 627 495 29 137 standing 624 507 74 143 standing 624 533 64 117 standing 551 511 52 139 moving 484 477 74 121 standing 405 480 60 131 standing 482 417 45 105 digging 301 490 45 121 standing 138 466 40 112 standing
23195.jpg r_spike 885 426 42 126 standing 744 483 61 117 standing 771 428 65 113 moving 686 439 57 109 waiting 685 324 53 134 spiking 578 383 32 163 blocking 583 334 37 151 blocking 578 325 49 131 blocking 325 505 93 134 standing 223 420 51 109 standing 13 506 89 121 standing 1055 591 66 121 standing
49930.jpg r_set 612 398 51 151 setting 780 413 46 97 standing 678 471 48 137 standing 979 487 68 86 falling 918 489 75 103 moving 782 565 105 142 moving 548 440 29 110 standing 554 480 32 119 standing 521 511 41 134 standing 280 457 51 92 waiting 246 528 77 137 standing 203 502 69 111 waiting
26645.jpg l-spike 1027 422 64 132 standing 891 429 34 123 standing 821 437 50 122 standing 754 465 57 135 standing 730 432 44 116 standing 715 333 40 167 blocking 623 337 61 146 spiking 613 435 50 131 standing 587 425 38 67 falling 530 446 45 121 standing 209 506 82 129 moving 249 445 66 114 moving
71205.jpg l_set 279 474 128 133 moving 422 434 77 104 moving 551 378 38 114 standing 681 339 51 89 moving 776 365 60 103 standing 752 351 43 159 setting 866 433 60 133 blocking 863 394 41 127 blocking 865 363 51 120 blocking 1124 361 42 128 standing 1215 404 52 95 waiting 1245 472 32 127 standing
59540.jpg r-pass 61 446 64 111 standing 242 442 52 118 standing 274 505 50 143 standing 348 485 41 124 standing 449 441 41 129 standing 410 390 52 109 standing 515 467 77 111 standing 548 443 47 114 standing 583 399 50 107 moving 675 413 48 107 standing 604 577 143 64 falling 859 439 45 120 standing
71265.jpg r_set 869 436 46 128 standing 742 395 77 110 standing 693 369 71 102 standing 615 574 131 62 falling 585 418 53 145 setting 604 409 43 133 standing 476 369 41 135 standing 458 424 69 117 standing 433 353 41 126 standing 361 400 44 133 standing 273 466 53 152 standing 281 437 48 121 standing
35640.jpg l-spike 200 399 45 94 moving 449 448 52 111 standing 503 523 62 143 standing 581 392 64 98 moving 594 394 66 111 spiking 627 455 47 111 standing 670 387 49 162 blocking 709 398 39 127 blocking 914 425 49 107 digging 1012 454 52 111 standing 1001 504 52 111 standing 694 491 72 113 waiting
35625.jpg l_set 1091 505 40 131 standing 1075 464 52 107 waiting 1002 400 54 125 standing 757 485 70 119 waiting 749 391 32 164 blocking 763 412 35 127 standing 658 356 79 173 jumping 622 432 54 115 standing 557 385 43 85 moving 372 435 61 115 moving 290 382 30 82 moving 415 553 70 128 standing
92330.jpg r-pass 960 361 48 115 standing 866 445 41 94 standing 843 466 52 127 standing 825 415 57 77 digging 646 380 66 103 standing 483 395 41 127 standing 370 404 41 132 standing 336 395 49 125 standing 287 395 47 136 standing 75 421 40 136 standing 107 398 29 125 standing
31095.jpg r_winpoint 997 446 56 111 standing 995 428 55 125 standing 944 414 100 131 standing 922 424 64 122 standing 908 426 52 131 standing 873 445 71 133 standing 605 451 46 135 standing 421 437 63 134 standing 410 348 44 119 standing 327 423 44 122 standing 304 458 39 135 standing 215 494 38 129 standing
42855.jpg r_winpoint 716 469 56 150 standing 725 418 56 132 standing 638 394 66 113 moving 529 436 56 130 standing 471 418 71 129 standing 520 398 72 104 standing 237 484 55 140 standing 213 445 59 130 standing 183 427 62 115 standing 0 498 39 137 standing
46470.jpg l_winpoint 1112 479 57 126 standing 1076 418 41 124 standing 1104 439 49 126 standing 700 441 85 151 standing 615 451 57 147 standing 687 399 40 117 standing 612 419 36 135 standing 627 462 43 113 standing 700 438 50 127 standing
49455.jpg l_winpoint 860 395 59 116 standing 782 417 62 121 standing 649 432 45 113 standing 574 409 47 131 standing 503 414 67 123 standing 490 401 49 127 standing 49 504 76 140 standing 232 408 81 111 jumping 234 440 53 151 standing 205 470 84 131 standing 157 473 60 126 standing 188 456 60 122 standing
39660.jpg l_winpoint 998 429 55 131 standing 892 434 62 129 standing 926 381 45 115 standing 826 360 74 110 standing 683 426 53 132 standing 666 353 46 123 standing 313 430 56 115 standing 403 449 39 134 standing 430 428 65 129 standing 490 398 70 119 standing 531 391 54 142 standing 549 391 42 110 standing
50985.jpg r_winpoint 663 407 82 143 jumping 662 394 63 136 standing 607 452 64 147 standing 603 389 48 126 standing 476 390 72 116 standing 439 373 71 93 standing 275 431 47 136 standing 154 384 54 111 standing 143 430 54 115 standing 124 495 58 142 standing 97 479 55 140 standing
48105.jpg l_winpoint 957 502 64 127 standing 960 394 48 130 standing 907 440 42 127 standing 864 474 61 129 standing 805 460 67 135 standing 762 516 53 135 standing 584 468 64 143 standing 572 418 51 119 standing 547 517 44 152 standing 473 461 67 137 standing 409 423 66 142 standing 371 482 55 137 standing
37980.jpg r_winpoint 1063 412 98 136 standing 1064 446 36 131 standing 1071 440 36 133 standing 994 461 66 155 standing 986 466 82 146 standing 1021 446 38 130 standing 838 464 72 138 standing 808 439 43 139 standing 734 430 54 119 standing 604 458 56 129 standing 517 424 56 124 standing 514 392 68 123 standing
39090.jpg r_winpoint 1106 463 52 134 standing 1040 462 97 138 standing 1102 458 44 121 standing 1079 415 79 153 standing 1003 451 75 138 standing 956 438 58 124 standing 721 420 52 126 standing 674 436 46 130 standing 649 414 49 110 standing 405 443 44 111 standing 367 524 66 119 standing 334 495 61 135 standing
44160.jpg r_winpoint 1190 491 75 139 standing 1203 467 59 142 standing 1184 451 90 137 standing 1079 462 63 136 standing 1050 439 48 136 standing 1079 429 54 121 standing 771 487 37 141 standing 715 396 52 92 standing 650 445 50 111 standing
50205.jpg r_winpoint 1177 482 94 137 standing 1189 474 50 127 standing 1132 462 68 132 standing 1093 495 100 147 standing 1113 472 61 129 standing 1069 465 44 136 standing 962 446 35 137 standing 916 489 49 135 standing 838 441 68 106 standing 760 414 60 105 standing 626 489 60 135 standing 597 455 30 131 standing
42315.jpg l_winpoint 861 482 63 149 standing 783 485 53 141 standing 911 376 65 133 standing 1050 404 50 130 standing 1205 483 45 142 standing 1173 415 54 135 standing 633 458 71 120 standing 682 410 48 124 standing 604 407 49 106 standing 461 461 89 133 standing 429 430 63 125 standing 577 454 74 133 standing
