15300.jpg r_spike 729 395 67 156 spiking 479 319 74 133 standing 905 439 82 135 waiting 997 334 53 150 standing 778 275 59 135 standing 747 367 49 165 standing 724 351 54 126 standing 639 355 32 189 blocking 617 359 35 162 blocking 222 343 93 115 waiting 165 446 70 167 standing 110 393 85 124 waiting
68040.jpg r-pass 947 461 66 119 standing 881 375 50 128 standing 781 468 70 99 digging 823 439 47 73 falling 653 424 76 127 standing 638 344 53 110 jumping 590 358 37 111 standing 576 382 37 133 standing 386 469 47 140 standing 398 380 31 95 standing 256 452 82 134 standing 243 493 47 64 falling
67945.jpg r_set 842 438 37 139 standing 733 413 76 98 standing 816 350 56 100 moving 581 351 47 147 jumping 537 365 41 156 setting 441 472 52 139 standing 438 444 45 136 standing 49 434 92 123 moving 186 389 50 123 standing 210 473 68 133 standing 387 365 60 109 moving 699 509 66 133 standing
69935.jpg r-pass 158 448 60 135 standing 190 328 53 119 standing 278 392 88 128 standing 230 469 44 140 standing 261 518 44 142 standing 344 450 49 149 standing 455 483 56 144 standing 573 461 72 130 standing 550 429 74 77 digging 699 387 84 102 waiting 763 434 63 116 standing 791 414 67 105 waiting
69100.jpg l-spike 868 505 60 118 standing 932 377 49 115 standing 440 308 62 120 spiking 576 333 49 155 blocking 584 323 45 160 blocking 322 387 58 130 standing 123 425 61 127 moving 241 455 74 123 waiting 460 461 59 131 standing 448 416 93 125 waiting 1155 446 83 127 standing
16095.jpg l-spike 1190 396 69 131 waiting 902 333 69 138 standing 820 436 82 149 standing 692 358 48 145 standing 604 221 33 191 blocking 584 221 46 172 blocking 436 360 88 146 standing 434 351 107 120 standing 463 204 67 159 spiking 291 353 60 141 standing 223 446 79 145 standing 220 432 81 133 moving
69670.jpg l-pass 1107 362 39 146 standing 1211 456 69 155 moving 1035 438 42 140 standing 834 418 37 149 standing 848 386 30 122 standing 809 360 40 171 blocking 592 459 58 132 moving 428 460 65 130 standing 550 364 82 129 standing 467 310 40 124 standing 346 416 50 112 waiting 432 373 50 125 digging
16055.jpg l_set 1234 355 43 142 standing 1168 473 81 140 standing 1049 345 53 145 standing 803 417 47 145 standing 804 375 46 148 standing 791 331 43 118 standing 632 351 53 156 standing 478 330 65 139 standing 505 283 41 100 standing 291 391 57 189 setting 200 369 78 142 standing 101 484 113 149 moving
15920.jpg r-pass 794 455 67 114 falling 747 456 74 142 standing 788 347 67 137 standing 646 361 53 149 standing 618 305 58 139 moving 409 367 60 140 standing 260 438 46 147 standing 288 367 53 196 blocking 287 370 34 146 standing 57 362 39 144 standing
80075.jpg r_spike 1024 382 42 113 waiting 903 364 35 125 standing 833 457 72 140 standing 861 417 75 139 standing 816 396 51 107 waiting 750 315 52 133 spiking 671 297 67 147 blocking 489 482 92 109 standing 331 474 89 124 standing 441 375 54 119 standing 166 459 62 125 digging
69920.jpg l-spike 556 470 40 144 standing 607 451 60 141 standing 665 393 60 103 standing 833 376 68 116 standing 899 446 65 89 waiting 909 416 60 100 waiting 465 438 52 137 standing 404 391 65 127 standing 363 414 55 184 spiking 340 456 52 136 waiting 304 439 48 131 waiting 341 301 49 105 moving
67825.jpg l-pass 970 448 39 133 standing 847 419 66 134 standing 889 368 46 129 standing 722 471 101 143 standing 761 422 60 101 standing 715 420 48 140 standing 646 434 38 152 standing 643 404 36 144 standing 575 413 72 111 standing 429 414 78 108 digging 263 421 90 107 waiting 348 490 54 135 standing
30615.jpg r_set 166 381 47 135 standing 305 320 47 135 standing 318 431 78 104 waiting 533 394 40 154 standing 558 248 49 162 blocking 556 336 41 146 standing 881 442 107 154 moving 948 381 110 126 moving 983 297 57 115 standing 1021 356 70 120 waiting 613 260 62 167 setting 669 281 55 179 spiking
15230.jpg r-pass 383 333 78 131 moving 215 351 88 111 standing 116 468 87 135 waiting 636 462 51 144 standing 589 447 74 164 standing 1045 331 82 109 standing 941 470 68 127 waiting 914 420 86 132 waiting 727 469 64 155 digging 750 322 81 148 standing 730 410 87 138 waiting
83540.jpg l-pass 1154 408 57 149 standing 985 354 50 141 standing 924 419 33 141 standing 732 410 25 138 standing 744 377 34 121 standing 706 357 49 163 blocking 522 452 92 135 standing 435 371 66 122 standing 370 419 54 138 setting 315 370 52 127 standing 360 303 46 121 moving 246 440 55 114 digging
49290.jpg l_set 209 370 46 145 standing 461 419 56 136 standing 498 364 62 147 standing 1003 336 36 139 standing 1077 457 63 145 standing 1127 379 41 140 standing 711 412 60 145 digging 702 377 44 142 standing 711 346 50 126 standing 363 330 72 90 moving 321 346 56 159 setting 77 502 82 164 moving
68720.jpg r-pass 971 347 38 126 standing 808 405 69 96 digging 846 431 50 131 standing 775 468 72 137 standing 665 463 53 153 standing 480 423 37 112 standing 374 450 47 139 standing 392 432 51 141 standing 338 429 42 130 standing 151 411 40 134 standing 40 402 45 132 standing
30650.jpg l-pass 1171 404 61 141 waiting 882 405 66 146 standing 954 299 77 140 standing 787 405 53 123 standing 789 338 56 158 standing 802 321 73 121 standing 719 350 49 183 blocking 702 348 59 130 standing 579 328 84 127 standing 435 343 87 120 waiting 386 446 52 127 standing 362 355 66 122 digging
49330.jpg l-spike 1042 426 80 133 standing 823 373 60 124 standing 719 453 75 137 standing 504 255 54 167 blocking 503 259 52 171 blocking 503 268 56 169 blocking 398 250 47 154 spiking 417 384 67 139 standing 275 408 71 126 standing 146 364 71 133 standing 47 474 79 154 waiting 56 416 103 167 standing
49255.jpg l_set 1046 441 53 142 standing 868 397 74 131 standing 852 368 78 132 standing 468 406 63 177 setting 426 375 46 140 standing 713 441 57 157 standing 686 435 54 141 standing 686 358 58 141 standing 294 459 58 126 waiting 315 359 51 122 standing 99 471 70 155 standing 135 384 58 108 waiting
16005.jpg l-pass 654 385 80 132 digging 554 451 88 132 standing 295 402 61 151 standing 432 409 74 128 standing 411 397 123 75 falling 773 329 38 131 standing 862 457 63 168 standing 948 423 46 165 standing 936 347 55 145 standing 834 388 51 156 standing 838 348 57 110 moving 1206 441 69 139 waiting
69815.jpg r_spike 1111 422 90 130 moving 827 406 43 133 standing 806 328 90 102 moving 638 286 43 167 spiking 601 409 48 111 standing 637 497 77 131 standing 489 473 78 104 waiting 520 358 30 130 standing 531 310 34 177 blocking 281 376 51 110 waiting 231 462 77 121 digging 175 409 65 120 waiting
80085.jpg r-pass 181 453 61 141 standing 349 449 54 151 standing 477 362 49 135 standing 507 477 96 118 standing 672 351 64 119 blocking 713 342 32 126 blocking 762 356 55 124 moving 833 374 55 129 digging 864 463 55 123 waiting 882 419 78 140 standing 905 374 40 104 digging 1024 397 61 102 waiting
68910.jpg l-pass 231 460 68 128 setting 130 446 58 114 digging 334 492 82 125 waiting 455 428 43 102 standing 456 442 75 128 standing 423 384 50 108 standing 543 361 60 145 blocking 541 379 63 156 blocking 867 379 53 112 standing 923 404 43 125 standing 959 470 60 135 standing
15365.jpg l_set 1235 367 42 136 standing 1138 420 89 143 waiting 1020 340 75 131 waiting 765 409 51 153 standing 784 362 59 149 standing 767 315 59 114 standing 651 339 65 175 setting 590 422 69 153 standing 524 279 65 107 moving 397 304 58 136 standing 290 364 94 146 moving 213 483 84 167 moving
69805.jpg r_set 1088 429 72 117 moving 806 396 56 125 standing 815 314 59 102 moving 560 358 62 130 standing 518 331 45 152 setting 426 370 44 126 standing 433 398 48 108 standing 439 450 61 139 standing 184 372 65 113 standing 126 423 47 102 waiting 139 455 70 128 waiting 638 510 108 135 moving
74285.jpg l_set 972 444 71 105 waiting 896 385 45 116 standing 880 504 65 118 waiting 687 382 40 130 standing 670 421 43 143 standing 671 449 43 129 standing 576 390 55 168 setting 540 362 45 172 setting 360 362 91 104 moving 259 442 78 110 moving 247 418 57 107 moving 351 528 68 137 moving
30815.jpg r_set 978 359 51 147 standing 932 343 98 112 moving 878 416 65 140 standing 701 436 90 147 standing 711 286 44 168 setting 646 356 41 154 standing 489 411 42 149 standing 493 392 53 133 standing 511 340 35 114 standing 271 322 49 147 standing 159 442 58 135 standing 68 377 41 144 standing
68850.jpg l_set 518 472 74 177 digging 628 422 61 133 standing 441 404 63 123 standing 548 364 42 130 standing 721 315 51 104 standing 824 362 44 133 standing 993 425 41 135 standing 970 401 40 137 standing 1025 372 25 119 standing
79990.jpg r-pass 999 422 70 100 waiting 699 445 57 134 standing 716 321 36 142 setting 399 387 75 106 standing 389 336 61 156 standing 381 357 50 124 standing 38 390 40 148 standing 150 457 86 140 standing 170 375 39 126 standing 229 414 43 130 standing 286 395 58 131 standing 282 364 36 128 standing
79965.jpg l-spike 1228 447 49 125 standing 982 476 66 144 standing 1004 398 47 109 standing 658 304 51 172 blocking 661 288 59 168 blocking 536 301 73 113 spiking 561 404 72 121 waiting 492 411 45 122 standing 466 368 41 123 standing 419 454 56 133 standing 313 389 59 126 standing
70080.jpg l_set 415 469 71 98 waiting 610 515 86 137 moving 671 399 50 177 setting 815 372 60 137 standing 921 471 70 128 digging 927 420 63 102 standing 970 387 35 124 standing 1223 371 54 140 standing 674 335 57 105 moving 467 391 82 114 moving
79970.jpg l-spike 273 399 54 127 standing 388 457 96 128 standing 419 365 41 130 standing 440 414 55 123 standing 506 309 68 128 spiking 510 409 75 117 standing 606 291 72 172 blocking 929 474 68 144 standing 957 401 51 105 waiting 1201 455 75 133 standing
67980.jpg l-pass 1068 435 52 129 standing 1047 398 37 135 standing 895 485 70 154 standing 915 437 37 92 waiting 829 404 80 123 standing 840 344 92 123 jumping 629 470 86 123 standing 498 453 60 113 digging 462 452 74 96 digging 467 375 52 111 standing 771 330 52 150 blocking 784 319 54 139 blocking
79925.jpg l_set 520 362 55 135 standing 658 349 46 151 setting 700 397 51 124 standing 842 387 43 137 standing 695 343 32 103 standing 964 462 47 140 standing 1059 469 57 117 moving 940 384 52 123 standing 961 359 40 112 standing 1235 442 43 130 standing 1227 390 44 119 standing 377 494 107 133 moving
69060.jpg l_set 291 421 54 132 standing 367 332 49 121 standing 330 520 70 162 moving 425 466 51 157 digging 592 415 40 145 standing 537 534 59 157 moving 704 462 62 133 standing 713 419 40 143 standing 731 387 36 119 standing 1008 483 56 142 standing 1033 363 39 122 standing 1057 412 42 142 standing
15960.jpg r_set 1055 439 62 144 standing 1002 366 98 125 moving 832 289 95 116 moving 720 353 76 191 jumping 675 330 53 175 setting 501 454 62 123 standing 547 404 42 158 standing 537 348 65 133 standing 338 369 79 111 waiting 169 470 75 152 waiting 95 381 52 158 standing 868 495 69 149 standing
15210.jpg r_spike 85 466 76 192 waiting 223 357 87 115 waiting 362 344 93 132 standing 554 349 83 198 blocking 584 367 43 224 blocking 669 388 69 156 standing 701 403 103 166 spiking 699 298 58 146 standing 912 311 97 111 standing 902 379 60 156 standing 872 456 89 134 waiting
68895.jpg l-spike 242 388 49 133 standing 314 432 51 145 standing 347 484 60 145 standing 426 338 77 153 spiking 475 371 77 113 standing 546 417 68 142 standing 638 336 49 175 blocking 638 314 54 167 blocking 979 364 48 122 waiting 1019 394 40 127 waiting 1041 480 58 122 waiting
15270.jpg r_set 189 325 57 137 standing 89 404 63 168 standing 3 369 49 152 standing 476 380 72 145 standing 608 367 56 154 standing 500 321 58 149 standing 688 266 58 180 setting 914 342 58 124 moving 921 421 86 142 waiting 802 511 138 137 standing 442 445 49 156 standing 741 293 95 117 moving
74370.jpg r_set 949 385 52 120 standing 830 490 58 139 standing 815 423 50 131 digging 737 322 50 107 moving 641 460 109 60 falling 591 409 60 143 standing 477 478 56 131 standing 481 412 37 103 standing 431 361 50 109 moving 268 380 54 120 moving 237 448 43 148 standing 60 443 52 129 standing
79800.jpg r-pass 867 491 56 122 digging 845 424 71 79 digging 855 406 52 79 standing 729 346 50 122 standing 653 494 56 146 standing 495 431 60 103 standing 371 458 24 139 standing 344 443 35 139 standing 381 431 54 143 blocking 187 440 50 148 standing 80 430 50 141 standing
49225.jpg r_spike 1031 415 65 135 standing 864 440 54 164 standing 863 365 70 162 spiking 674 424 72 155 standing 728 377 65 127 standing 678 357 88 130 standing 556 451 47 142 standing 514 413 47 144 standing 376 365 66 131 standing 156 466 67 150 standing 143 444 63 116 standing 135 385 67 128 standing
67910.jpg r-pass 144 366 52 132 standing 216 356 75 105 standing 202 462 54 146 standing 333 386 43 128 standing 462 448 71 141 standing 518 401 39 143 standing 609 393 51 124 standing 781 465 66 128 standing 795 371 67 102 standing 862 443 77 79 falling 999 348 65 129 standing 981 451 63 124 standing
79885.jpg l-pass 1038 478 63 158 standing 1126 419 42 125 standing 1129 366 55 112 standing 942 478 77 84 falling 966 352 55 137 standing 952 332 65 130 standing 519 426 70 123 standing 566 464 75 131 standing 588 367 54 119 setting 771 365 75 110 standing 851 434 38 113 standing 868 408 35 122 standing
49185.jpg r-pass 135 403 48 156 standing 179 445 52 162 standing 215 348 55 149 standing 515 449 39 139 standing 522 399 38 162 standing 530 381 29 138 standing 604 447 64 101 falling 656 451 91 153 standing 743 326 64 122 moving 879 486 82 166 standing 831 507 138 90 falling 1013 400 57 117 standing
15175.jpg r_set 820 489 94 154 moving 855 424 77 135 waiting 871 370 71 148 standing 657 286 97 103 moving 591 294 52 171 setting 558 399 64 139 standing 314 439 43 152 standing 334 380 67 165 standing 342 337 41 143 standing 64 338 82 135 moving
68075.jpg r_set 213 431 79 130 standing 315 453 71 131 standing 335 377 46 111 standing 520 473 51 144 standing 547 408 30 134 standing 547 377 40 119 standing 648 421 72 130 standing 682 401 37 114 standing 710 368 61 167 setting 829 469 77 145 moving 949 444 44 139 standing 929 372 46 123 moving
69740.jpg l-spike 437 234 58 172 spiking 537 270 45 190 blocking 655 448 88 119 standing 903 457 61 104 standing 983 428 60 102 waiting 873 350 49 112 standing 430 401 41 147 standing 383 365 61 127 standing 384 467 67 127 standing 206 451 55 144 standing 167 402 65 124 standing
30640.jpg r_spike 770 318 40 139 standing 775 335 41 149 standing 825 379 51 177 spiking 946 302 53 126 moving 905 384 64 157 standing 1161 390 72 137 waiting 719 314 40 160 blocking 702 334 36 201 blocking 610 337 99 114 standing 349 454 67 117 waiting 418 337 83 129 waiting 332 356 53 133 waiting
67760.jpg r-pass 7 436 46 142 standing 141 405 41 134 standing 308 451 54 131 moving 347 479 38 148 standing 368 456 43 123 standing 453 437 41 107 standing 606 493 65 153 standing 706 486 63 123 digging 825 493 63 107 waiting 788 408 63 107 standing 933 365 43 128 standing
79845.jpg r_set 966 440 62 112 standing 920 506 82 134 moving 905 373 57 120 standing 742 334 91 105 moving 718 403 52 108 standing 671 311 40 139 setting 518 467 48 140 standing 534 404 46 125 standing 545 372 51 122 standing 252 482 83 136 waiting 143 432 74 128 standing 240 375 42 128 standing
67850.jpg l_set 422 405 76 110 moving 527 478 43 145 standing 612 456 69 43 falling 744 453 87 148 digging 734 387 50 112 standing 799 413 43 139 standing 942 476 55 146 standing 923 405 44 130 standing 947 406 32 120 standing 1110 435 43 137 standing 1164 458 42 135 standing 1138 382 41 119 standing
68995.jpg l-spike 981 400 62 127 standing 849 492 73 121 moving 813 377 64 125 standing 620 449 72 126 standing 587 395 45 109 standing 497 409 58 168 blocking 406 424 88 176 spiking 427 408 52 140 standing 414 365 49 130 standing 258 486 45 140 standing 283 452 49 128 standing 136 414 62 132 standing
67815.jpg r_spike 918 448 42 134 standing 854 356 45 127 moving 782 401 72 126 standing 690 398 62 170 spiking 684 425 51 97 standing 662 430 45 133 standing 541 409 80 117 standing 594 414 45 142 standing 589 397 57 161 blocking 377 406 76 108 waiting 295 490 70 136 waiting 227 429 66 114 waiting
79870.jpg r_spike 936 387 59 124 moving 847 478 56 151 moving 851 343 55 147 jumping 841 381 76 84 digging 784 364 64 131 standing 750 326 44 123 standing 638 374 49 173 blocking 643 364 32 111 standing 673 333 27 158 blocking 366 478 75 124 waiting 383 393 59 115 digging 330 443 54 114 waiting
70110.jpg l-spike 674 402 79 175 blocking 706 404 48 123 jumping 777 406 75 106 standing 592 403 49 147 standing 567 423 65 168 spiking 503 333 35 127 standing 449 393 49 131 standing 407 486 57 133 standing 286 446 80 128 standing 978 375 54 130 standing 1040 492 58 136 standing 1125 393 69 134 standing
74315.jpg l-spike 875 423 58 107 waiting 705 456 87 107 waiting 767 390 66 96 standing 617 462 79 121 standing 492 420 41 138 standing 490 284 34 149 blocking 389 291 49 132 spiking 415 426 51 143 standing 310 447 83 130 standing 374 499 56 149 standing 350 393 62 111 standing 150 399 56 123 standing
74410.jpg r_spike 17 413 87 120 standing 258 467 68 123 standing 337 395 85 112 standing 581 413 68 181 blocking 577 410 43 175 blocking 674 448 76 123 standing 717 444 74 142 spiking 767 475 76 120 standing 804 429 57 115 standing 998 431 54 142 standing 774 376 57 115 standing
15325.jpg l-pass 246 361 111 140 moving 345 438 86 156 standing 384 304 62 135 standing 697 254 52 189 setting 720 436 69 183 moving 816 459 63 153 moving 1130 434 69 154 standing 915 460 59 149 standing 942 380 58 172 standing 949 289 60 140 standing 997 331 50 149 standing
15985.jpg r_spike 800 232 83 151 spiking 902 348 61 148 standing 1100 443 92 134 waiting 848 434 74 142 standing 787 477 66 164 standing 744 437 60 162 standing 691 253 43 184 blocking 642 393 79 137 standing 579 463 71 141 moving 359 349 74 113 standing 345 436 88 145 waiting 219 437 96 120 waiting
68750.jpg r_set 989 403 56 124 moving 882 331 79 105 moving 851 448 65 107 moving 773 487 103 141 moving 573 432 69 128 jumping 579 400 67 118 setting 440 454 52 135 standing 439 437 41 133 standing 441 397 54 116 standing 180 381 47 114 standing 92 476 60 129 standing 86 435 60 126 standing
68955.jpg l_set 340 406 38 114 standing 371 453 41 142 standing 346 502 89 133 moving 484 380 57 125 moving 651 363 60 175 standing 770 424 40 128 standing 756 391 32 137 standing 750 373 37 114 standing 1083 469 60 136 standing 1132 405 54 128 standing 1086 365 37 134 standing 631 299 40 142 setting
80140.jpg r_set 864 341 40 140 setting 881 514 75 145 standing 772 322 54 106 standing 752 380 55 114 standing 673 394 40 125 standing 651 434 43 150 standing 452 461 57 135 standing 470 415 44 127 standing 477 398 50 102 standing 218 360 50 135 standing 168 474 53 157 standing 44 422 50 140 standing
74330.jpg r-pass 830 416 62 111 standing 623 431 101 50 falling 634 452 86 110 waiting 586 453 62 120 waiting 420 427 60 135 standing 411 350 31 105 standing 324 338 70 116 standing 294 397 75 100 waiting 297 415 55 130 standing 282 497 70 160 standing 210 427 43 141 standing 24 415 55 132 standing
69010.jpg l-pass 2 444 88 99 standing 239 441 72 186 setting 284 420 78 186 setting 314 385 68 131 standing 369 422 50 141 standing 404 499 43 125 standing 467 525 49 131 standing 529 406 72 111 standing 610 455 68 121 standing 725 500 58 137 standing 781 378 41 137 standing 912 405 52 137 standing
80025.jpg r_set 149 461 56 144 standing 131 392 39 130 standing 121 372 70 137 standing 380 444 37 130 standing 403 405 31 137 standing 405 374 29 118 standing 548 375 55 129 standing 645 427 50 122 standing 662 335 64 90 moving 942 399 58 119 moving 816 338 41 102 standing 748 342 58 137 setting
67790.jpg r_spike 800 343 75 109 moving 824 445 61 130 standing 692 390 67 116 moving 664 500 65 137 moving 495 458 67 125 standing 446 344 67 152 spiking 389 338 42 163 blocking 383 442 45 152 standing 381 473 46 144 standing 158 398 51 108 moving 1 449 59 123 waiting 18 470 70 136 standing
69710.jpg l_set 1177 398 59 135 standing 1053 353 50 127 standing 1019 483 63 126 waiting 754 437 53 142 standing 766 399 41 79 standing 791 375 38 118 standing 356 494 81 129 moving 352 434 58 109 waiting 354 380 69 87 moving 471 309 71 113 moving 537 370 47 167 setting 535 345 60 178 jumping
15140.jpg r-pass 804 433 63 136 waiting 725 345 63 148 standing 688 452 74 156 digging 580 365 68 156 standing 554 303 57 111 standing 381 374 79 147 standing 201 447 48 151 standing 229 373 30 156 standing 232 376 55 195 blocking 0 366 37 144 standing
67890.jpg l-spike 1172 478 73 135 standing 1167 409 39 129 standing 1204 369 62 128 standing 950 458 89 133 standing 975 370 46 121 standing 857 382 38 124 standing 723 398 59 141 standing 648 457 55 144 standing 573 399 52 121 standing 521 286 59 139 spiking 448 446 63 137 standing 436 357 34 119 standing
30570.jpg r-pass 918 335 65 128 standing 797 472 58 115 digging 783 399 48 122 standing 779 381 50 98 standing 522 447 87 147 standing 416 364 58 120 standing 232 429 29 162 standing 231 362 47 185 blocking 208 386 48 150 standing
69980.jpg r_set 751 364 48 155 setting 875 364 56 133 standing 835 328 61 98 moving 601 389 37 120 standing 537 427 65 155 standing 662 530 69 155 moving 359 473 59 136 standing 349 416 40 136 standing 374 387 28 88 standing 47 468 89 144 standing 83 366 49 133 standing
15390.jpg l-spike 255 354 91 154 standing 373 369 78 186 spiking 450 412 97 126 standing 559 405 58 162 standing 377 342 57 148 standing 512 275 57 134 standing 690 326 82 133 waiting 645 403 36 135 standing 655 362 36 168 standing 956 344 81 134 waiting 1085 375 64 128 waiting 1041 427 92 161 waiting
49155.jpg r-pass 940 403 52 108 waiting 900 504 70 123 waiting 806 516 124 80 falling 639 467 98 142 standing 762 315 67 117 standing 517 404 100 122 standing 422 438 35 140 standing 427 383 32 160 standing 421 381 38 111 standing 128 434 57 158 standing 61 417 82 148 standing 55 342 72 133 standing
70030.jpg l-pass 947 488 85 137 standing 1078 435 51 131 standing 1039 380 38 120 standing 913 425 65 131 standing 901 417 41 100 waiting 835 348 83 120 standing 674 316 89 139 blocking 726 301 40 161 blocking 563 462 91 105 waiting 362 471 66 120 waiting 237 477 58 106 digging 351 366 51 110 waiting
67970.jpg r_spike 356 380 49 89 digging 337 442 69 110 digging 372 455 72 116 waiting 542 467 92 139 moving 651 352 43 172 blocking 655 300 35 179 blocking 696 407 63 116 standing 772 428 49 97 standing 757 485 58 153 standing 807 260 37 167 spiking 906 398 55 131 standing 960 431 41 137 standing
30760.jpg l-spike 1135 389 69 137 standing 889 325 88 128 standing 846 415 62 149 standing 663 366 58 149 standing 628 257 44 193 blocking 621 248 42 186 blocking 543 244 51 161 spiking 399 398 102 146 standing 401 378 62 153 standing 326 326 56 146 standing 110 377 42 147 standing 0 497 46 137 standing
69760.jpg r-pass 59 454 82 135 standing 61 375 41 124 standing 115 399 47 141 standing 161 339 48 118 standing 383 443 56 131 standing 225 332 40 128 standing 240 341 54 123 standing 634 364 62 168 setting 683 405 62 121 standing 544 344 79 101 standing
68780.jpg r_spike 546 450 94 136 standing 332 480 72 119 digging 304 431 65 111 digging 323 374 41 74 waiting 688 297 37 175 blocking 850 254 57 161 spiking 1120 432 83 133 standing 924 467 92 55 falling 877 446 69 125 standing 834 470 55 150 standing 731 426 94 122 standing
74250.jpg l-pass 342 476 48 118 digging 448 365 42 115 standing 431 445 70 106 digging 462 475 71 147 standing 552 368 48 130 standing 675 440 65 138 standing 826 380 53 150 standing 838 414 60 137 standing 876 387 76 132 moving 1031 423 70 133 standing 1114 406 64 142 standing 1120 410 107 117 moving
68990.jpg l-spike 1020 402 65 116 moving 897 499 107 116 moving 844 375 77 126 standing 614 441 72 135 standing 608 390 44 112 standing 543 425 39 186 blocking 463 366 49 98 standing 445 402 53 126 standing 401 418 84 182 spiking 269 479 42 140 standing 229 447 93 130 moving 173 409 60 137 standing
30060.jpg l_winpoint 230 466 72 171 moving 344 420 99 157 standing 324 426 50 145 standing 412 427 43 136 standing 348 403 63 134 standing 1178 443 52 166 standing 1041 393 54 157 standing 1029 353 35 139 standing 742 451 68 155 standing 740 351 43 136 standing 760 418 65 155 standing
40590.jpg l_winpoint 46 337 71 141 standing 106 380 65 144 standing 139 325 59 148 standing 208 341 63 159 standing 252 383 86 147 standing 577 334 43 138 standing 568 355 64 150 standing 603 418 66 151 standing 813 340 62 147 standing 880 454 78 156 standing 994 374 56 153 standing
31545.jpg l_winpoint 508 362 73 127 standing 605 478 57 167 standing 669 405 81 159 standing 712 363 76 141 standing 827 358 80 163 standing 910 409 72 159 standing 1136 433 50 157 standing 1157 400 45 153 standing 1134 370 56 168 standing
41745.jpg l_winpoint 722 351 47 146 standing 642 431 49 168 standing 530 338 61 147 standing 382 450 52 167 standing 341 452 63 170 standing 338 349 49 141 standing 105 413 73 172 standing 134 367 77 162 standing 58 435 67 148 standing 29 406 77 129 standing 93 353 47 143 standing
46320.jpg r_winpoint 916 318 49 134 standing 1032 386 54 143 standing 1075 351 58 151 standing 1036 307 52 171 standing 1160 453 117 176 standing 1141 354 73 162 standing 642 257 53 127 standing 537 403 80 190 standing 317 408 59 158 standing 473 347 50 133 standing 610 391 47 140 standing 597 354 70 148 standing
33900.jpg l_winpoint 975 371 35 142 standing 935 404 54 145 standing 873 348 73 127 standing 677 350 53 139 standing 639 404 70 153 standing 584 333 52 140 standing 404 395 63 127 standing 417 358 53 146 standing 391 351 90 136 standing 301 366 69 162 standing 341 384 63 129 standing 247 411 95 184 standing
33270.jpg l_winpoint 1029 381 32 145 standing 960 444 63 152 standing 817 359 45 147 standing 710 429 54 154 standing 701 399 53 152 standing 667 342 77 137 standing 457 359 60 150 standing 422 392 55 145 standing 398 394 45 134 standing 340 351 65 139 standing 297 405 95 158 standing 311 397 42 144 standing
34560.jpg l_winpoint 1093 391 89 103 falling 942 373 48 144 standing 824 423 52 166 standing 749 342 48 148 standing 777 325 49 141 standing 749 298 44 159 standing 581 342 70 150 standing 560 383 61 151 standing 532 335 61 142 standing 474 325 74 144 standing 415 335 73 186 standing 355 349 84 139 standing
38040.jpg l_winpoint 761 466 80 111 falling 751 371 56 136 standing 640 331 52 138 standing 459 334 61 141 standing 434 445 62 166 standing 366 463 53 169 standing 105 394 86 166 standing 25 346 132 143 standing 0 447 97 159 standing
45255.jpg l_winpoint 839 482 116 86 falling 812 396 44 147 standing 714 348 44 141 standing 511 450 63 157 standing 412 409 58 159 standing 458 356 51 143 standing 290 362 78 146 standing 288 342 74 139 standing 217 398 96 155 standing 247 487 74 162 standing 184 396 49 180 standing 87 426 68 147 standing
49380.jpg l_winpoint 806 399 75 144 standing 634 346 37 141 standing 528 405 120 143 standing 405 368 52 152 standing 397 334 36 138 standing 362 317 45 140 standing 181 351 77 156 standing 201 320 69 156 standing 145 320 59 151 standing 123 397 63 132 standing 5 420 69 161 standing
39900.jpg r_winpoint 914 295 73 145 standing 846 314 82 139 standing 826 284 58 140 standing 722 319 56 151 standing 735 291 60 154 standing 746 279 70 138 standing 413 264 56 140 standing 283 276 51 159 standing 112 397 59 152 standing
32220.jpg l_winpoint 1122 405 62 147 standing 1038 353 49 154 standing 935 309 41 142 standing 762 369 82 170 standing 726 310 48 129 standing 672 276 39 134 standing 527 285 59 182 standing 526 285 49 159 standing 429 401 65 139 standing 445 352 69 136 standing 380 324 37 131 standing 219 414 40 154 standing
