65805.jpg l-spike 1062 408 55 127 digging 933 375 53 96 digging 896 474 90 120 digging 750 446 90 134 standing 545 298 64 152 blocking 435 294 56 137 spiking 463 402 70 138 standing 407 453 78 160 standing 248 457 65 147 standing 293 423 76 118 waiting 358 385 62 105 standing
42045.jpg r_spike 978 429 59 137 standing 981 401 85 137 standing 885 475 94 140 waiting 863 348 72 111 standing 790 409 106 194 spiking 709 445 88 117 waiting 451 377 78 110 standing 242 359 107 112 waiting 67 527 108 112 waiting 1 397 65 128 standing 581 391 45 222 blocking
35950.jpg l_set 996 375 51 131 standing 958 467 55 128 waiting 913 407 38 145 standing 676 456 49 156 standing 701 400 37 127 standing 705 370 40 125 standing 229 402 75 136 standing 339 380 52 130 standing 404 339 60 110 standing 552 434 82 147 standing 554 419 51 144 digging 571 386 54 130 standing
43045.jpg l_set 1095 385 52 139 standing 952 354 47 114 standing 658 442 52 150 standing 653 385 45 135 standing 662 346 52 122 standing 536 363 52 167 setting 466 386 50 122 standing 381 328 54 99 moving 279 422 58 143 standing 271 479 111 150 moving 157 395 82 129 moving 967 476 77 133 waiting
30280.jpg r_spike 876 341 60 138 standing 945 471 72 131 standing 1002 407 75 140 standing 788 435 51 175 spiking 783 416 35 132 standing 454 371 47 124 standing 162 467 138 130 standing 143 384 83 131 standing 661 399 55 205 blocking 647 421 35 146 standing 1127 422 62 147 standing
41595.jpg r_spike 83 425 63 128 standing 166 490 74 127 digging 254 383 75 108 digging 529 448 45 136 standing 549 403 46 120 standing 560 326 38 153 blocking 802 503 111 165 moving 1045 486 115 160 moving 850 371 46 105 standing 723 406 50 131 standing 870 416 49 125 standing 677 326 40 143 spiking
42855.jpg l-pass 1120 371 55 106 standing 1065 425 52 123 standing 959 452 36 122 standing 726 433 30 131 standing 759 393 34 127 standing 732 414 33 119 standing 572 466 50 103 waiting 478 369 64 93 standing 335 372 36 113 digging 248 398 37 124 standing 216 460 65 109 standing 251 515 48 164 standing
70000.jpg l-pass 220 414 60 132 standing 357 458 118 115 standing 413 378 50 116 standing 565 351 66 113 standing 656 397 55 126 standing 592 476 93 110 digging 734 359 75 115 standing 747 382 44 121 standing 738 450 63 134 standing 885 445 63 126 waiting 877 406 68 113 standing 882 390 91 109 standing
68460.jpg r_spike 893 423 69 154 standing 825 381 73 182 setting 773 437 100 162 standing 796 350 51 110 moving 629 395 63 159 standing 625 338 53 128 standing 492 391 61 142 standing 410 428 95 155 moving 420 434 71 173 standing 385 363 61 130 standing 167 350 68 142 standing
68530.jpg l_set 86 409 107 144 moving 266 490 88 182 moving 308 383 51 140 standing 386 311 69 112 standing 496 404 56 184 standing 537 354 72 182 setting 644 410 51 156 standing 632 387 65 147 standing 633 350 70 109 standing 947 373 86 93 waiting 983 453 90 154 waiting 1154 406 70 125 waiting
41815.jpg r_spike 1016 427 71 133 standing 1024 392 74 125 standing 868 477 58 144 standing 749 441 71 184 spiking 782 373 68 127 standing 718 401 69 130 standing 599 380 65 218 blocking 401 386 72 123 standing 266 384 99 116 digging 109 398 58 131 standing 224 499 102 133 digging
42955.jpg r-pass 206 399 54 137 standing 249 410 60 111 digging 309 363 56 118 standing 404 434 48 137 standing 428 390 45 120 standing 418 322 50 122 standing 491 312 69 150 blocking 705 438 82 135 standing 732 370 62 105 standing 827 447 90 129 standing 920 427 86 94 falling 487 314 37 143 blocking
70125.jpg r-pass 980 387 75 133 standing 922 430 56 180 setting 709 479 103 141 moving 725 388 76 117 standing 569 371 89 125 standing 545 362 67 122 standing 483 383 34 131 standing 450 406 37 138 standing 436 455 42 168 standing 301 440 72 138 standing 333 394 40 114 standing 120 415 79 135 standing
36065.jpg r_set 156 477 67 142 waiting 271 381 88 121 standing 508 448 42 158 standing 510 422 55 133 standing 526 387 56 116 standing 630 421 53 156 standing 718 350 53 175 setting 879 350 44 126 standing 934 496 126 174 moving 963 447 58 123 standing 990 404 100 140 moving
41535.jpg r-pass 1060 414 46 121 standing 919 482 50 144 standing 903 465 75 62 digging 949 422 46 95 standing 766 446 52 124 moving 589 418 52 109 standing 518 450 40 131 standing 534 428 36 130 standing 522 406 32 108 standing 251 470 52 114 standing 199 434 51 115 standing 187 383 35 105 standing
68650.jpg l_set 1137 404 62 123 waiting 960 461 102 151 waiting 967 363 81 95 waiting 639 418 56 149 standing 636 382 60 140 standing 644 350 51 133 standing 521 355 58 161 setting 563 372 25 121 standing 375 313 63 109 moving 253 353 63 132 standing 256 488 121 184 moving 94 431 84 165 moving
68880.jpg l_set 107 386 70 154 standing 258 350 57 144 standing 251 479 137 170 moving 346 355 69 176 setting 412 335 56 122 standing 541 379 54 155 standing 690 404 48 162 standing 688 375 48 155 standing 673 350 61 102 standing 1001 445 96 167 waiting 1032 359 52 107 standing 1187 396 90 141 standing
68490.jpg l-pass 1190 401 59 160 standing 1041 414 66 161 standing 1058 356 83 123 standing 781 408 60 167 standing 746 383 63 166 standing 764 344 52 108 standing 656 438 65 161 standing 470 387 61 150 standing 475 325 48 141 standing 375 440 92 169 standing 278 360 52 153 standing 155 447 83 145 digging
70180.jpg r_set 47 409 68 132 waiting 185 478 73 136 waiting 258 378 67 105 waiting 532 442 45 165 standing 557 368 36 138 standing 636 344 39 156 setting 708 377 55 117 standing 781 334 59 101 moving 876 503 104 167 moving 902 446 110 161 moving 944 392 56 135 standing
69950.jpg r_set 948 516 89 169 moving 889 437 75 141 moving 893 387 81 139 standing 835 329 66 106 moving 740 362 74 162 setting 708 321 38 165 setting 609 357 34 130 standing 600 423 33 104 standing 582 445 63 146 standing 309 377 48 102 standing 271 486 83 125 waiting 147 428 68 135 standing
35885.jpg r_spike 1052 364 59 118 standing 935 454 54 124 standing 834 473 39 158 standing 759 384 59 118 jumping 782 354 32 106 standing 893 368 38 106 spiking 679 386 26 171 blocking 653 371 41 103 standing 332 392 55 93 waiting 257 493 86 101 digging 202 432 71 114 digging
70315.jpg l-spike 202 437 63 142 waiting 207 423 63 128 waiting 265 403 48 111 standing 370 338 42 102 standing 365 417 72 179 spiking 472 394 49 151 standing 546 385 51 226 blocking 658 390 51 118 digging 833 384 70 102 waiting 1021 515 88 139 waiting 1023 406 100 130 waiting
36170.jpg l_set 163 497 158 105 falling 189 386 84 145 moving 328 337 80 111 moving 424 447 109 160 setting 591 432 47 172 standing 670 448 52 170 standing 684 407 49 152 standing 705 367 41 133 standing 1014 352 50 131 standing 1040 479 68 150 standing 1046 387 68 156 standing 245 515 142 196 moving
70055.jpg l_set 1099 397 72 147 standing 1007 375 49 101 standing 1031 450 86 147 standing 684 365 47 107 standing 684 382 49 143 standing 687 412 37 148 standing 580 391 50 141 standing 475 340 45 168 setting 414 329 52 111 standing 363 378 54 121 standing 134 417 80 127 moving 512 468 49 176 standing
35850.jpg r_set 1005 425 65 115 standing 983 434 76 49 falling 943 519 63 161 moving 926 458 47 121 moving 799 404 55 113 moving 690 385 57 140 setting 571 450 45 133 standing 571 419 50 132 standing 589 398 39 120 standing 350 404 72 89 waiting 283 512 87 93 waiting 162 448 59 105 waiting
69845.jpg l-pass 1022 469 48 133 standing 989 440 57 110 standing 823 485 49 145 standing 778 404 43 102 moving 747 413 40 106 standing 691 446 66 133 standing 573 419 43 123 standing 452 368 52 104 digging 456 469 51 130 standing 318 465 69 139 standing 170 418 52 117 standing
55840.jpg l-pass 585 447 39 91 moving 663 486 38 96 standing 321 481 38 95 standing 375 499 42 104 standing 418 481 50 85 digging 445 465 45 76 digging 748 484 35 112 standing 769 460 30 91 standing 904 472 42 92 waiting 945 512 42 93 waiting 1145 498 71 117 moving
36130.jpg l-pass 195 458 92 66 falling 342 457 37 61 falling 284 479 100 130 moving 471 367 76 131 moving 616 486 73 157 moving 645 446 57 165 standing 947 472 60 137 waiting 980 400 46 141 standing 958 356 52 110 standing 801 401 63 138 standing 760 418 43 156 standing 784 455 49 170 standing
41600.jpg r_spike 1052 477 77 165 standing 840 423 58 123 standing 841 373 52 106 standing 807 495 68 162 standing 734 405 57 123 standing 660 355 52 108 jumping 579 325 38 141 blocking 567 357 41 170 blocking 533 443 63 145 standing 265 389 77 106 digging 186 486 86 113 digging 111 425 58 133 waiting
68685.jpg l-spike 212 414 71 131 standing 277 356 54 137 standing 408 449 84 175 standing 458 268 41 133 spiking 487 429 54 139 standing 490 371 41 139 standing 563 322 35 156 blocking 557 282 54 150 blocking 619 449 86 143 standing 931 370 54 96 digging 959 438 67 141 digging 1011 427 65 111 digging
41660.jpg l_set 1054 395 76 133 moving 1024 431 42 126 moving 953 408 44 140 standing 680 466 49 170 standing 699 383 37 126 standing 653 396 39 142 standing 489 394 60 147 digging 439 365 49 105 standing 254 511 84 186 moving 222 465 53 109 falling 207 371 65 133 standing 143 419 60 149 standing
69695.jpg l-pass 1046 475 72 103 moving 960 420 51 110 standing 866 422 35 106 standing 693 446 37 123 standing 651 435 54 127 standing 584 460 43 119 standing 446 437 52 117 standing 206 495 58 116 digging 185 484 61 85 waiting 273 421 44 103 standing 447 391 38 102 standing
56020.jpg l-spike 470 342 48 133 standing 249 365 70 133 standing 261 437 63 133 waiting 314 460 42 137 standing 347 390 53 105 standing 404 406 70 200 setting 577 457 81 133 standing 587 408 44 98 standing 664 378 63 116 standing 919 455 72 126 waiting 895 373 44 116 standing 1033 403 53 126 waiting
68310.jpg r-pass 890 485 56 161 standing 891 423 50 111 standing 840 431 79 68 falling 741 395 44 88 moving 700 361 62 65 moving 560 415 46 103 standing 471 403 33 120 standing 466 419 36 126 standing 463 453 50 142 standing 212 474 50 134 standing 59 438 52 127 standing 0 390 56 123 moving
68920.jpg l-spike 120 404 63 128 waiting 226 404 63 151 standing 252 341 45 137 standing 427 272 51 144 spiking 349 455 99 151 standing 488 368 51 140 standing 573 284 54 166 blocking 717 427 74 139 standing 959 445 83 151 standing 1111 406 60 124 digging 961 362 74 114 digging
68605.jpg l-pass 269 464 52 152 digging 286 357 50 132 standing 444 327 79 122 moving 501 449 80 160 standing 539 399 52 137 standing 582 395 46 132 standing 654 438 51 144 standing 683 429 55 153 standing 679 360 55 100 digging 954 357 50 109 standing 983 460 112 157 standing 1100 394 61 132 standing
41940.jpg l-spike 111 402 56 129 standing 261 356 82 111 standing 298 457 69 131 standing 357 288 65 139 spiking 483 422 52 143 standing 563 291 39 184 blocking 568 299 50 129 blocking 783 435 62 143 standing 931 356 47 126 standing 982 469 67 126 digging 1065 401 65 126 waiting
56140.jpg r_spike 1082 421 68 133 waiting 954 372 62 123 standing 942 471 54 129 standing 833 408 64 184 spiking 776 432 68 137 standing 775 378 59 99 standing 665 377 50 182 blocking 668 377 52 205 blocking 381 361 75 117 standing 184 482 102 147 digging 72 406 76 104 waiting
35900.jpg l-pass 373 422 88 63 falling 310 457 64 130 standing 247 434 56 118 standing 696 369 59 101 standing 743 396 41 151 blocking 834 462 55 157 standing 885 452 35 107 standing 1027 446 55 132 standing 1100 382 62 115 standing 850 361 29 125 standing 813 376 39 117 standing
56090.jpg r_set 1063 390 66 131 standing 893 345 53 126 standing 846 455 73 113 digging 732 359 54 128 standing 664 402 58 148 standing 548 391 32 131 standing 534 405 51 147 standing 519 453 57 119 standing 280 370 94 117 standing 132 457 75 156 standing 14 403 77 130 moving 923 515 83 181 standing
43005.jpg l-pass 431 379 67 200 setting 450 414 65 107 standing 456 331 54 121 standing 327 435 70 138 standing 257 421 90 133 standing 241 375 50 136 standing 666 445 85 158 standing 657 330 45 120 moving 616 381 59 145 moving 926 445 69 122 standing 891 377 50 118 waiting 1013 387 61 138 digging
30095.jpg l_set 234 526 84 182 digging 270 415 53 160 standing 343 357 41 123 standing 418 304 35 111 standing 621 370 49 137 standing 640 431 63 163 standing 762 380 35 144 standing 760 363 39 130 standing 769 349 35 126 standing 1015 339 53 135 standing 1059 436 72 140 standing 1199 387 78 131 standing
41765.jpg r_set 616 399 46 161 digging 758 387 58 123 standing 725 494 77 174 standing 950 469 79 154 standing 1061 415 70 147 standing 1009 363 51 147 standing 442 454 62 167 standing 483 364 53 151 standing 489 415 44 147 standing 188 452 51 144 standing 146 373 53 130 standing 46 427 88 147 standing
69915.jpg r-pass 957 514 57 170 standing 895 440 65 139 standing 919 364 44 136 setting 811 416 65 141 standing 803 327 37 100 standing 579 392 55 125 standing 485 458 54 150 standing 493 405 35 133 standing 501 374 29 133 standing 173 470 51 144 standing 217 388 54 103 standing 137 420 54 127 standing
56045.jpg r-pass 107 444 77 144 digging 179 457 72 137 standing 307 399 44 134 moving 420 415 43 159 standing 445 366 38 137 standing 828 411 55 137 standing 654 455 55 159 standing 609 403 55 154 standing 957 380 58 131 standing 742 374 58 116 waiting 177 370 72 114 digging 662 349 52 139 setting
68560.jpg l-spike 220 413 56 144 standing 270 358 58 137 standing 421 329 41 119 standing 414 405 60 163 spiking 495 426 35 161 standing 478 387 37 140 standing 603 367 84 114 digging 549 384 49 205 blocking 846 381 90 91 waiting 998 466 76 147 digging 983 399 86 105 digging
65875.jpg l-spike 936 420 76 145 standing 783 471 62 137 standing 764 419 99 115 digging 744 349 39 121 standing 637 413 64 203 blocking 605 440 56 145 standing 525 396 54 190 spiking 503 412 70 148 standing 476 352 60 131 standing 303 377 41 131 standing 263 457 64 162 standing 127 396 54 139 standing
65760.jpg l_set 1097 438 67 112 waiting 970 504 87 114 waiting 972 413 49 79 waiting 665 463 72 128 standing 662 412 32 127 standing 664 401 54 102 standing 516 420 75 117 standing 431 431 67 147 setting 407 364 43 94 standing 199 437 86 116 moving 156 416 67 107 moving 168 522 102 150 moving
41835.jpg l-pass 141 476 78 76 falling 274 394 121 105 moving 475 392 52 125 standing 372 469 74 141 standing 666 471 35 154 standing 645 466 47 176 standing 807 366 52 115 standing 845 461 52 148 standing 811 485 66 182 standing 1052 438 78 125 waiting 1091 387 58 135 standing
36205.jpg l-spike 1065 394 74 126 digging 891 476 112 122 digging 895 339 52 134 digging 631 439 67 158 standing 564 287 35 184 blocking 479 380 50 150 standing 411 274 84 135 spiking 440 451 57 148 standing 382 446 67 194 standing 313 386 48 144 standing 332 363 40 135 standing
41580.jpg r_set 696 396 97 122 standing 671 372 60 151 setting 866 375 60 108 standing 941 404 99 131 moving 1073 476 97 170 moving 876 510 86 179 standing 513 380 41 105 standing 514 407 44 144 standing 501 438 51 147 standing 123 511 80 116 digging 228 386 74 117 digging 43 417 60 136 standing
70095.jpg l-spike 1016 404 72 128 moving 833 384 61 94 waiting 897 489 85 114 digging 645 453 117 133 standing 536 307 57 151 blocking 450 412 41 123 standing 450 327 44 123 jumping 393 470 88 147 standing 347 413 49 130 standing 340 390 37 99 standing 205 417 51 130 standing
55935.jpg l-pass 987 461 49 121 waiting 876 401 37 95 standing 909 480 46 128 standing 561 496 89 121 waiting 567 406 57 96 standing 219 478 46 111 waiting 328 487 56 118 standing 445 394 55 95 standing 522 433 47 122 moving 442 441 49 103 standing 450 493 49 125 standing 323 421 75 111 digging
41880.jpg l_set 171 506 76 76 falling 307 445 66 188 digging 309 342 60 135 standing 466 495 94 194 standing 558 325 54 107 standing 734 421 35 166 standing 883 372 47 123 standing 877 397 45 148 standing 994 482 76 168 standing 1113 477 84 143 standing 1231 359 45 143 standing
68830.jpg l-pass 985 417 103 160 standing 1028 401 39 131 standing 975 370 53 125 standing 785 343 41 128 standing 780 372 61 148 standing 773 393 48 165 standing 653 419 72 158 standing 647 389 81 135 digging 523 392 61 113 digging 397 475 94 101 falling 333 360 52 131 standing 184 391 69 146 standing
42935.jpg l-spike 1021 418 71 116 waiting 888 478 85 118 waiting 877 373 55 100 moving 680 436 103 137 standing 578 303 40 151 blocking 325 428 57 95 waiting 198 422 92 115 moving 296 374 72 122 moving 427 288 46 130 spiking 488 397 51 119 standing 392 455 62 170 moving
30160.jpg l-spike 1055 423 67 131 standing 982 483 60 128 standing 913 385 53 124 standing 745 448 67 131 standing 548 328 43 176 blocking 485 425 48 133 standing 366 469 53 116 standing 334 503 64 159 moving 349 333 32 146 spiking 241 408 58 126 standing 179 424 51 144 standing
70280.jpg l_set 1013 476 84 153 standing 1031 407 64 123 standing 942 385 56 103 standing 662 363 35 126 standing 680 400 46 145 standing 666 437 47 150 standing 484 374 46 127 moving 420 338 55 103 standing 389 375 46 187 setting 331 384 55 116 standing 174 502 119 170 moving 104 409 103 136 moving
55985.jpg l_set 1137 448 59 130 digging 955 406 50 120 standing 935 514 70 120 waiting 671 478 52 144 standing 669 411 35 132 standing 676 404 37 105 standing 455 446 55 140 standing 423 372 51 140 setting 331 494 92 140 moving 285 449 54 130 standing 266 409 77 124 moving 456 380 40 97 moving
36100.jpg r_spike 950 486 56 128 standing 936 399 69 122 standing 911 362 67 107 standing 820 401 84 204 spiking 840 429 48 135 standing 757 435 49 141 standing 661 379 52 183 blocking 643 386 69 205 blocking 586 393 51 118 standing 425 381 72 100 standing 196 525 90 114 digging 167 392 58 126 standing
70210.jpg r_spike 746 265 65 146 spiking 932 380 61 141 standing 891 422 61 125 standing 801 442 63 175 standing 748 410 62 132 standing 713 381 61 131 standing 663 295 38 133 blocking 648 376 42 128 standing 553 446 60 145 standing 330 382 43 96 standing 283 449 76 121 standing 196 405 53 142 standing
41725.jpg r-pass 991 480 51 142 digging 1007 425 85 117 waiting 944 392 66 106 waiting 812 376 81 105 waiting 546 421 37 176 standing 553 445 58 114 standing 446 430 61 123 digging 405 387 79 116 digging 333 463 56 143 standing 280 454 72 127 standing 102 460 61 150 standing 93 429 58 122 waiting
65720.jpg l-pass 1203 444 39 122 standing 1153 415 52 99 moving 1017 499 52 124 standing 761 449 33 137 standing 757 422 43 94 standing 634 479 65 103 standing 289 488 30 141 standing 205 437 55 115 standing 391 388 37 107 standing 283 431 41 79 digging 521 419 48 107 standing 734 429 52 120 blocking
30040.jpg l-pass 1143 434 52 140 standing 1113 382 90 114 standing 936 454 37 122 standing 700 447 43 135 standing 722 406 37 132 standing 605 447 52 122 standing 462 399 49 122 moving 348 388 39 99 standing 262 439 56 105 standing 298 519 52 155 standing 219 506 72 95 digging
65800.jpg l-spike 1072 405 60 128 digging 949 377 53 93 digging 914 475 84 124 digging 742 440 54 136 standing 577 298 50 155 blocking 506 400 46 140 standing 447 279 53 139 spiking 410 463 63 151 standing 346 381 57 111 standing 314 421 72 121 waiting 269 459 72 145 standing
68360.jpg r_spike 890 358 65 137 moving 809 458 65 116 digging 735 401 103 167 spiking 680 409 65 111 standing 731 374 41 82 moving 691 336 38 105 standing 583 381 43 190 blocking 471 362 83 105 standing 258 355 74 125 standing 135 462 94 128 waiting 88 404 69 127 standing
30230.jpg r_set 1089 378 62 144 standing 947 378 112 73 falling 993 451 53 149 standing 944 495 79 176 standing 792 426 57 117 digging 646 384 59 151 standing 501 394 51 170 standing 495 440 64 162 standing 204 369 58 126 moving 109 459 71 146 standing
55885.jpg l_set 1088 469 49 114 digging 946 438 60 109 standing 1014 531 60 119 standing 740 438 39 100 standing 721 449 35 140 blocking 735 497 40 137 standing 563 421 37 152 setting 452 419 51 106 moving 448 481 61 137 moving 383 430 40 105 standing 339 453 53 117 moving 342 503 45 122 standing
41615.jpg l-pass 1070 470 49 170 standing 835 399 80 105 standing 830 437 61 130 standing 796 405 39 122 standing 776 484 61 168 standing 674 380 45 130 standing 617 386 26 141 standing 606 392 35 116 standing 546 463 83 127 standing 313 396 66 103 moving 245 493 72 108 digging 180 453 93 114 standing
55915.jpg l-spike 1021 455 51 111 standing 974 502 51 110 standing 923 412 53 102 moving 622 399 52 102 standing 621 485 78 131 standing 597 379 33 157 blocking 484 498 67 140 standing 504 370 48 112 standing 400 365 65 154 spiking 402 397 33 107 standing 414 465 59 127 standing 286 473 52 116 standing
35810.jpg r-pass 1041 440 37 111 standing 961 461 46 91 digging 940 516 46 130 standing 901 435 30 89 digging 771 442 44 119 standing 609 434 41 94 standing 556 423 32 117 standing 534 443 52 120 standing 536 467 24 133 standing 332 439 68 79 waiting 270 506 47 105 standing 122 455 40 116 standing
68795.jpg r_spike 1032 411 84 163 standing 929 406 82 127 digging 802 345 85 180 spiking 851 323 65 110 moving 709 385 82 123 standing 642 344 46 198 blocking 542 348 86 127 standing 211 459 92 135 moving 271 357 77 105 standing 51 395 84 148 standing
42900.jpg l_set 1074 416 63 120 standing 983 374 53 107 standing 981 479 72 129 standing 691 369 41 108 standing 688 419 49 109 standing 694 436 43 142 standing 494 384 52 108 standing 363 342 44 105 standing 350 393 38 145 setting 226 530 100 179 standing 250 449 59 143 standing 228 364 45 129 standing
42005.jpg r_set 1002 373 81 149 moving 937 322 70 107 moving 986 457 86 156 standing 852 487 93 188 standing 745 336 60 160 setting 640 397 60 163 standing 442 360 70 144 standing 440 416 62 165 standing 126 341 91 140 standing 67 468 79 140 standing
36020.jpg r-pass 936 427 72 104 digging 874 440 60 132 standing 787 366 35 144 digging 692 428 80 134 standing 480 361 48 118 standing 477 369 47 125 standing 399 438 44 170 standing 394 389 34 120 standing 321 422 57 138 standing 314 352 43 126 standing 237 374 55 133 standing 97 404 58 141 standing
69960.jpg r_spike 889 503 90 158 moving 858 438 81 131 standing 891 384 35 114 standing 808 343 48 102 moving 733 317 67 162 spiking 730 364 72 135 standing 636 316 44 172 blocking 602 445 61 151 standing 284 469 79 134 standing 322 385 51 92 standing 177 424 57 137 standing
36255.jpg l_winpoint 871 427 79 166 standing 1029 393 72 134 standing 846 313 33 158 standing 730 417 54 185 standing 523 320 44 143 standing 487 328 45 150 standing 338 392 86 160 standing 389 361 60 163 standing 367 344 80 169 standing 262 401 68 156 standing 129 365 97 158 standing 265 346 57 139 standing
51045.jpg l_winpoint 979 447 51 157 standing 956 376 72 133 waiting 846 409 87 80 falling 678 424 44 168 standing 656 340 66 146 standing 568 437 53 169 standing 431 382 42 156 standing 385 393 55 166 standing 409 363 46 101 falling 281 357 56 142 standing 242 387 55 160 standing 183 410 85 166 standing
40980.jpg l_winpoint 985 364 89 144 standing 903 444 63 184 standing 832 340 65 155 standing 711 354 82 121 standing 718 447 83 181 standing 658 410 77 163 standing 427 402 62 170 standing 441 372 65 161 standing 383 414 68 149 standing 334 360 125 162 standing 296 392 43 163 standing 304 387 48 147 standing
44970.jpg r_winpoint 1012 521 62 187 standing 997 479 59 157 standing 892 447 87 175 standing 912 389 60 144 standing 779 412 61 158 standing 746 388 62 135 standing 531 415 67 153 standing 452 460 71 180 standing 444 348 43 141 standing 355 416 72 149 standing 328 433 53 85 falling 248 403 65 154 standing
43140.jpg l_winpoint 934 446 79 94 falling 903 418 65 145 standing 799 370 52 102 falling 736 441 61 174 standing 651 364 36 147 standing 606 341 40 145 standing 235 391 40 144 standing 245 377 79 143 standing 305 402 75 141 standing 332 390 65 155 standing 310 361 73 172 standing
46350.jpg r_winpoint 978 412 82 140 standing 921 492 78 167 jumping 827 483 100 153 standing 817 402 82 114 standing 729 427 48 143 standing 746 392 53 143 standing 150 549 81 105 falling 312 461 73 148 standing 306 405 57 135 standing 573 462 86 165 standing 580 445 77 151 standing 531 412 55 138 standing
