39870.jpg l-pass 1137 404 68 130 standing 994 431 47 141 standing 928 393 54 111 standing 722 422 48 146 standing 709 390 40 153 blocking 709 366 44 131 standing 482 473 74 123 standing 437 376 62 128 moving 399 348 48 127 standing 251 436 72 117 digging 146 446 68 133 waiting 278 360 35 106 standing
40015.jpg r-pass 993 406 35 129 standing 806 427 47 156 digging 781 382 50 103 standing 607 372 28 111 standing 568 406 39 124 standing 395 450 80 143 moving 392 393 56 116 standing 278 360 50 116 standing 144 477 75 126 standing 83 413 43 126 standing 179 395 50 105 standing
12545.jpg r-pass 1121 427 33 129 standing 1018 499 45 137 moving 1043 440 39 133 digging 974 431 54 90 standing 804 415 49 105 standing 640 422 47 107 standing 523 445 47 131 standing 552 426 58 131 standing 270 504 64 115 waiting 164 417 49 121 standing 241 441 52 113 standing
42230.jpg l-pass 1144 439 53 154 standing 1036 398 61 112 standing 817 426 52 159 standing 787 410 47 144 standing 786 371 49 126 blocking 622 464 82 124 standing 345 509 82 180 standing 392 414 52 154 standing 270 396 49 132 standing 210 421 55 156 standing 342 400 80 93 digging
22545.jpg r_spike 945 455 49 153 standing 919 445 49 117 standing 775 361 97 224 spiking 734 436 94 147 standing 792 374 44 116 standing 606 368 106 182 blocking 664 382 40 178 blocking 499 388 77 116 standing 366 378 79 96 waiting 215 410 86 120 digging 227 476 65 147 standing
39910.jpg l-spike 1136 407 62 142 waiting 875 385 98 103 waiting 609 363 50 216 blocking 629 369 43 124 standing 496 390 62 147 standing 412 349 93 179 spiking 335 373 96 140 moving 315 326 85 92 moving 238 415 91 148 standing 106 441 128 170 moving 1057 476 97 166 digging
39315.jpg l-pass 923 460 99 145 waiting 1015 420 86 143 standing 994 363 62 127 standing 826 347 35 107 standing 788 404 88 121 standing 671 310 98 166 blocking 545 418 76 123 waiting 345 490 90 129 waiting 332 368 54 105 digging 174 404 45 145 standing 924 402 85 147 standing
37895.jpg l_set 1169 443 72 137 waiting 1170 356 99 127 standing 941 333 77 114 waiting 667 406 63 156 standing 654 361 55 139 standing 673 323 58 134 standing 397 393 69 150 standing 214 478 89 195 moving 134 354 63 158 standing 302 311 57 123 standing 366 305 65 192 setting
34220.jpg l-pass 1167 466 70 170 standing 946 387 66 131 standing 832 427 64 166 standing 864 359 50 139 standing 784 404 52 160 standing 266 495 96 84 falling 478 490 72 197 standing 524 546 99 53 falling 440 506 71 128 falling 401 397 98 95 digging 312 345 113 163 digging
37750.jpg r-pass 1048 390 64 131 standing 897 455 96 107 digging 825 306 66 119 standing 637 418 113 147 standing 507 272 60 129 jumping 395 406 60 182 standing 381 345 49 137 standing 394 285 68 119 standing 284 337 82 123 standing 179 394 103 145 standing 126 342 64 154 standing 501 273 36 156 jumping
15440.jpg l-spike 1080 429 106 139 moving 1028 371 89 100 waiting 891 330 77 119 standing 617 361 69 120 standing 547 365 55 195 blocking 591 393 52 136 standing 434 392 99 159 standing 419 306 55 125 standing 147 331 61 145 standing 217 407 88 130 waiting 315 384 85 206 spiking 313 361 58 162 standing
15260.jpg r_spike 921 314 58 123 standing 763 394 68 186 spiking 675 399 56 147 standing 718 371 58 133 standing 882 396 58 117 standing 591 329 66 252 blocking 546 361 103 131 standing 275 348 111 109 waiting 107 469 82 150 waiting 170 400 88 107 waiting 922 432 82 150 digging
37545.jpg r_set 561 363 64 127 setting 500 434 84 152 standing 872 391 47 117 standing 886 333 68 129 moving 66 371 54 125 standing 356 428 58 180 standing 353 368 45 146 standing 353 401 50 152 standing 832 502 139 184 moving 680 314 86 119 standing
34280.jpg r-pass 990 388 68 127 standing 913 483 70 162 standing 778 326 43 103 standing 509 376 43 119 standing 734 432 58 111 digging 732 422 74 139 standing 429 429 52 160 standing 431 399 41 137 standing 428 380 37 143 standing 177 379 80 98 waiting 10 401 74 127 standing 59 470 96 139 standing
40155.jpg r_set 910 481 114 163 standing 1009 413 95 156 standing 1011 368 72 133 standing 839 339 63 121 standing 741 319 49 109 standing 701 339 49 133 setting 503 426 44 168 standing 508 384 49 149 standing 516 343 39 135 standing 219 350 84 121 standing 166 461 84 137 standing 35 375 49 152 standing
40100.jpg l-spike 1040 402 60 117 waiting 996 466 68 148 digging 893 387 64 97 waiting 624 480 60 145 standing 594 337 35 152 blocking 593 298 50 158 blocking 443 282 79 133 spiking 487 391 51 131 standing 367 397 79 88 waiting 391 461 56 182 standing 427 431 61 134 standing 254 422 61 135 standing
34135.jpg r_set 913 492 107 184 standing 927 412 45 135 standing 873 452 103 60 falling 739 330 49 113 moving 673 379 64 158 standing 530 435 101 131 digging 361 432 64 172 standing 375 396 54 176 standing 371 357 45 147 standing 75 361 82 123 standing
32235.jpg r_spike 983 427 54 125 standing 951 408 52 121 standing 750 464 68 150 moving 743 312 43 105 spiking 707 392 37 117 standing 740 405 31 78 waiting 591 301 64 160 blocking 453 450 94 111 standing 241 491 86 107 waiting 273 383 57 92 waiting 164 417 49 121 waiting
34185.jpg l-pass 1139 371 72 158 standing 1062 466 63 144 waiting 1043 390 38 156 standing 890 351 61 144 standing 863 446 99 176 standing 865 398 68 145 standing 747 435 61 165 standing 499 387 165 117 falling 278 457 123 123 waiting 402 359 99 94 waiting 220 398 130 105 waiting 682 436 113 123 standing
37510.jpg r-pass 961 474 56 139 standing 960 433 55 93 digging 806 377 39 102 standing 780 425 49 125 standing 608 420 70 105 standing 23 450 56 130 standing 125 450 63 109 waiting 316 426 56 79 waiting 490 440 58 142 standing 523 427 42 125 standing 503 406 44 142 standing 1018 438 54 94 digging
12765.jpg r-pass 657 443 142 37 falling 890 413 58 154 standing 886 347 63 142 standing 836 395 56 161 standing 586 373 84 154 standing 586 360 109 116 standing 309 324 67 146 standing 489 404 51 168 standing 479 365 70 126 standing 476 347 37 126 standing 142 423 58 168 standing 122 384 65 147 standing
15415.jpg l_set 1157 478 76 134 waiting 1148 386 65 161 standing 1067 352 61 122 standing 720 432 57 172 standing 724 396 53 153 standing 730 368 49 145 standing 553 414 61 184 standing 231 334 80 138 moving 308 488 96 184 standing 431 432 103 72 falling 382 344 49 207 setting 398 323 72 99 moving
34395.jpg r_set 992 367 62 157 standing 927 314 49 168 digging 922 472 97 163 moving 891 410 65 132 standing 784 382 72 162 standing 812 308 48 105 standing 108 453 70 151 waiting 231 333 81 120 standing 515 323 42 119 standing 506 355 37 162 standing 499 392 49 166 standing
40080.jpg l_set 1142 475 72 156 waiting 1156 409 72 139 waiting 964 385 82 109 waiting 676 359 68 133 standing 668 398 50 135 standing 699 463 49 133 standing 220 511 107 192 moving 206 404 92 148 moving 378 359 72 139 standing 400 320 58 109 moving 527 362 54 170 setting
22485.jpg r-pass 998 467 65 118 waiting 911 472 84 128 digging 915 436 52 88 waiting 798 379 39 99 standing 772 485 62 137 standing 619 446 71 99 standing 264 418 60 86 waiting 166 477 60 135 waiting 498 458 39 120 standing 515 423 39 116 standing 501 402 41 114 standing
12585.jpg r_set 1056 418 68 135 standing 1010 401 72 121 standing 939 394 49 101 standing 819 345 72 101 jumping 766 368 56 107 setting 37 415 45 137 standing 259 365 70 119 standing 109 480 74 141 waiting 499 376 43 105 standing 500 397 45 133 standing 496 443 62 148 standing 1034 516 110 179 moving
39225.jpg r-pass 931 378 60 143 standing 912 332 43 141 standing 673 401 79 109 falling 631 344 82 122 digging 532 323 97 118 waiting 570 304 43 109 standing 444 389 50 169 moving 465 313 35 158 standing 377 372 56 167 standing 293 320 43 126 standing 189 394 54 129 standing 72 353 82 143 standing
37570.jpg l-pass 1000 335 55 140 standing 746 324 58 134 standing 765 468 79 198 moving 904 378 77 123 standing 858 437 71 137 standing 664 417 55 151 standing 205 494 111 127 digging 531 386 77 127 waiting 588 403 44 186 standing 283 386 69 116 standing 72 428 115 146 waiting
34430.jpg r_spike 969 370 96 131 standing 966 384 58 148 standing 784 317 52 133 standing 851 429 94 124 standing 811 357 64 203 spiking 705 407 77 131 waiting 571 325 67 233 blocking 549 325 92 207 blocking 388 347 73 131 waiting 247 333 77 101 waiting 2 342 75 152 standing 70 489 105 122 waiting
37675.jpg l-pass 1099 368 58 151 standing 910 419 51 181 standing 823 373 63 126 standing 674 349 49 144 standing 633 422 65 170 standing 415 385 109 210 setting 458 382 100 154 standing 375 443 60 163 standing 336 364 79 146 standing 452 343 67 135 standing 182 389 84 170 standing
40045.jpg l-pass 1163 415 49 160 standing 1018 368 66 111 waiting 795 426 60 150 standing 735 383 52 150 standing 738 349 63 133 blocking 549 419 78 150 standing 488 366 60 146 digging 349 302 56 117 standing 381 390 52 115 standing 323 469 86 160 standing 243 381 90 143 standing
34310.jpg r_set 946 399 79 118 moving 840 490 126 168 moving 668 357 60 175 setting 784 324 42 102 standing 851 406 42 121 standing 633 324 48 156 setting 528 420 49 153 standing 526 391 39 132 standing 523 359 44 126 standing 276 368 77 102 waiting 150 483 107 116 waiting 66 429 83 121 waiting
37785.jpg r_set 1085 458 130 56 falling 946 361 86 126 moving 795 436 107 158 moving 766 319 53 144 setting 629 311 70 126 moving 644 296 46 97 moving 416 305 46 139 standing 422 348 48 147 standing 422 389 63 168 standing 68 420 65 135 moving 4 337 71 145 standing 123 320 79 116 moving
39920.jpg r-pass 825 381 98 92 digging 1026 387 62 137 waiting 992 452 66 139 waiting 536 328 49 201 blocking 564 359 43 156 standing 414 354 74 168 standing 365 310 54 141 standing 366 343 52 154 standing 245 396 56 141 standing 166 424 68 166 standing
40115.jpg r-pass 959 385 47 123 standing 871 457 89 119 digging 818 371 61 105 moving 628 461 91 127 standing 515 323 40 141 blocking 538 348 42 120 standing 393 452 60 161 standing 214 394 63 132 waiting 312 422 62 135 standing 443 354 51 105 standing 410 383 44 133 standing 313 387 51 119 standing
39960.jpg r-pass 997 337 88 129 digging 919 381 74 133 standing 707 393 66 76 falling 642 413 50 131 standing 611 322 35 109 standing 495 381 64 129 standing 346 378 41 143 standing 343 327 27 115 standing 288 374 43 150 moving 184 421 39 129 standing 96 352 39 125 standing 6 390 58 145 standing
37915.jpg l-spike 1133 460 94 130 waiting 1060 330 69 134 digging 630 333 69 123 waiting 843 345 105 97 waiting 571 351 26 170 standing 557 335 71 230 blocking 403 291 60 130 moving 380 367 49 168 standing 313 377 120 184 spiking 290 359 61 102 waiting 255 396 49 131 standing 129 401 79 150 standing
34490.jpg l_set 1211 393 66 144 standing 1145 469 89 156 standing 1006 357 52 123 waiting 715 340 48 141 standing 687 379 55 127 standing 679 432 63 167 standing 113 410 114 158 moving 383 427 85 156 standing 230 500 128 193 moving 363 350 63 181 setting 327 330 54 145 standing
37850.jpg l-pass 1073 443 65 144 standing 1001 340 43 130 standing 970 379 48 153 standing 806 322 51 144 standing 828 467 92 187 standing 780 362 44 154 standing 609 460 94 153 moving 526 436 86 172 moving 177 351 69 142 standing 380 412 69 142 standing 507 333 54 137 standing 411 302 58 139 digging
34330.jpg r_spike 825 371 60 128 standing 755 447 58 159 moving 786 412 46 113 standing 712 255 63 133 spiking 670 393 54 144 standing 722 364 63 130 standing 598 258 44 156 blocking 591 291 48 173 blocking 532 419 83 134 standing 121 407 61 131 waiting 265 471 86 102 waiting 261 351 65 100 waiting
39130.jpg l-pass 1229 375 46 144 standing 1139 394 51 140 standing 1038 375 35 109 standing 803 394 56 139 standing 809 375 30 128 standing 812 346 25 128 standing 598 420 65 123 standing 555 350 60 109 standing 527 322 63 116 standing 395 362 70 93 digging 314 373 53 102 standing 324 407 54 144 standing
15280.jpg r-pass 899 334 116 131 digging 1012 423 65 163 standing 987 429 56 124 standing 815 373 80 111 standing 828 410 65 150 standing 766 452 69 160 standing 595 334 94 152 standing 698 419 45 184 standing 660 398 75 167 standing 225 441 75 156 standing 329 365 47 143 standing 364 348 116 116 standing
39270.jpg r_set 1017 452 109 182 standing 977 337 70 150 standing 894 292 56 111 standing 853 323 45 192 setting 649 397 58 160 standing 710 338 58 148 standing 534 336 39 127 standing 535 365 50 156 standing 525 414 74 174 standing 185 324 77 126 standing 81 459 102 154 standing
34355.jpg r-pass 916 365 51 128 standing 880 401 67 121 standing 777 424 56 140 standing 741 378 58 135 standing 739 354 42 102 digging 209 392 76 123 standing 552 388 67 126 standing 679 321 35 107 standing 647 322 51 128 standing 349 427 60 142 standing 344 338 51 107 standing 840 367 58 120 digging
12640.jpg l-pass 1009 457 52 133 digging 905 388 85 114 standing 851 432 57 114 waiting 836 455 48 145 standing 786 390 52 137 standing 659 433 77 162 standing 567 392 57 125 standing 341 381 105 103 digging 234 421 71 111 standing 1158 464 63 130 waiting 231 474 71 141 standing
32295.jpg l_set 1102 403 58 141 standing 1013 378 35 117 standing 1034 442 45 123 standing 721 428 56 139 standing 742 366 31 107 standing 721 390 37 129 standing 580 371 35 127 standing 277 323 41 154 setting 454 327 37 96 standing 398 354 43 109 standing 297 536 88 150 moving 137 412 75 134 standing
32170.jpg r-pass 948 417 45 123 digging 911 462 43 109 standing 882 407 52 74 standing 751 394 33 107 standing 655 452 68 119 standing 605 397 54 94 standing 102 442 53 123 standing 255 424 36 123 standing 314 387 47 103 standing 489 435 54 128 standing 517 406 35 117 standing 496 390 29 89 standing
34200.jpg l-pass 1226 404 52 164 standing 1119 487 77 142 standing 1064 396 62 159 standing 906 375 49 144 standing 864 418 47 151 standing 860 441 46 193 standing 641 492 120 173 moving 612 494 60 160 standing 401 447 155 159 standing 368 498 175 71 falling 290 382 84 153 standing 425 357 96 136 moving
12685.jpg l_set 1076 392 64 143 digging 1094 475 68 127 waiting 908 353 64 117 standing 671 367 41 107 standing 660 382 48 137 standing 656 430 62 152 standing 549 387 47 166 standing 127 362 88 135 moving 344 331 45 103 moving 330 425 54 192 setting 303 384 52 146 standing 284 484 92 192 standing
15325.jpg r_set 1034 392 74 153 standing 955 483 125 190 standing 1008 385 62 120 digging 815 393 54 157 standing 758 371 55 134 standing 686 323 44 130 standing 7 369 37 152 standing 10 462 77 135 waiting 227 323 84 131 standing 504 420 63 152 waiting 508 369 47 144 standing 497 345 44 127 standing
15205.jpg r-pass 591 430 108 153 digging 877 441 60 134 waiting 938 368 82 164 standing 984 320 46 125 waiting 863 347 63 111 standing 462 356 79 127 standing 363 350 57 156 standing 329 376 46 159 standing
22630.jpg l-spike 583 348 43 186 blocking 738 463 123 139 moving 1113 402 84 129 digging 1068 497 70 113 digging 899 384 66 94 waiting 277 340 86 159 spiking 319 392 74 96 standing 443 366 54 128 standing 371 471 88 162 standing 136 453 103 151 waiting
39305.jpg r_spike 910 464 60 147 standing 950 418 57 165 standing 840 407 75 139 standing 930 365 48 128 standing 750 378 80 137 standing 795 286 54 116 jumping 656 269 82 198 blocking 507 426 65 147 standing 287 509 94 113 waiting 275 371 61 108 waiting 64 413 71 147 standing
22655.jpg r-pass 780 463 114 77 falling 898 419 72 83 falling 684 361 63 106 standing 676 438 82 148 standing 434 392 54 139 standing 347 404 43 156 standing 419 379 46 130 standing 313 356 52 123 standing 233 382 83 130 standing 155 367 66 125 standing
15370.jpg r_spike 1118 415 60 145 standing 1029 460 74 156 waiting 947 381 69 137 waiting 893 399 61 224 spiking 814 430 79 150 waiting 879 396 63 131 waiting 654 357 92 226 blocking 505 378 83 125 waiting 296 340 91 123 digging 115 491 89 137 waiting 166 395 77 113 digging
39200.jpg l-spike 1045 340 54 128 standing 792 316 86 110 moving 719 412 91 137 moving 553 255 54 162 blocking 450 237 49 168 spiking 366 435 74 179 moving 433 353 52 142 standing 368 339 69 120 waiting 73 361 69 164 standing 135 398 89 120 moving 986 410 68 165 digging
37610.jpg l-pass 566 415 63 97 falling 462 466 66 206 standing 515 401 51 159 standing 443 317 66 127 standing 258 505 61 139 falling 265 384 57 162 standing 668 427 60 176 standing 660 382 35 164 standing 679 357 48 133 standing 1161 381 57 164 standing 975 361 49 134 standing 1037 488 68 158 standing
12625.jpg r_spike 169 500 79 114 waiting 183 421 66 105 waiting 321 371 89 105 waiting 501 410 61 116 waiting 639 371 49 216 blocking 756 359 57 131 moving 1052 438 58 122 waiting 960 455 65 128 waiting 845 409 100 150 spiking 942 370 83 111 moving
15240.jpg r_set 1000 285 75 133 moving 981 382 62 178 standing 919 497 92 182 moving 907 345 47 135 standing 637 345 80 197 setting 595 311 58 186 setting 487 326 67 173 blocking 474 404 58 184 standing 24 474 105 146 digging 24 401 84 120 waiting 174 320 86 137 waiting
15385.jpg l-pass 1155 432 65 176 standing 1082 381 54 139 standing 942 472 71 181 standing 941 388 37 141 standing 885 416 60 165 standing 609 353 71 150 moving 736 483 75 141 standing 695 443 92 151 standing 366 378 60 89 digging 332 424 137 96 falling 240 460 141 147 moving
39905.jpg l_set 1173 412 60 144 waiting 1074 466 74 167 waiting 907 385 83 108 waiting 657 362 51 136 standing 633 402 60 123 standing 639 438 58 159 standing 519 354 52 176 setting 409 398 110 184 jumping 295 373 99 147 moving 240 402 46 158 standing 99 433 103 175 moving 315 322 55 122 moving
12740.jpg r-pass 921 351 74 130 standing 862 419 55 139 standing 722 398 75 110 waiting 541 345 40 130 standing 704 408 111 65 falling 494 346 34 137 standing 444 408 51 151 standing 460 361 35 133 standing 316 366 65 133 standing 303 332 77 123 standing 203 436 41 123 waiting
32230.jpg r_spike 991 418 48 133 standing 892 420 77 114 standing 751 479 56 146 standing 723 308 53 116 spiking 673 404 49 126 standing 706 400 53 84 standing 468 449 67 125 digging 573 322 37 168 blocking 182 492 109 112 waiting 126 428 53 121 waiting 242 382 56 88 waiting
40195.jpg r_spike 921 406 71 154 standing 828 390 94 175 spiking 736 333 58 109 standing 806 335 43 126 standing 836 361 45 129 standing 625 355 69 218 blocking 513 361 94 133 standing 349 352 48 120 standing 140 522 97 111 digging 91 379 64 139 standing 606 351 82 199 blocking
12715.jpg l-spike 1015 390 60 114 waiting 930 452 66 137 waiting 884 347 80 106 moving 702 418 86 147 moving 533 289 57 168 blocking 191 450 69 159 standing 371 458 71 145 standing 453 364 57 134 standing 363 364 58 103 waiting 276 345 51 130 standing 405 278 68 141 spiking
39165.jpg l_set 1217 458 60 173 waiting 1037 361 75 108 waiting 786 339 55 116 standing 763 365 68 130 standing 784 415 55 147 standing 420 359 68 173 setting 214 423 72 185 standing 320 415 80 150 moving 389 350 54 131 moving 364 299 61 120 moving 310 342 61 133 standing
34450.jpg l-pass 202 416 75 105 digging 267 461 105 130 waiting 389 362 80 100 waiting 544 344 61 136 standing 702 452 61 144 standing 674 429 85 151 standing 868 427 58 167 standing 839 401 55 139 standing 873 354 46 139 standing 1035 449 69 133 standing 1111 416 58 156 standing 1073 373 57 144 standing
32245.jpg l-pass 1065 416 61 117 standing 987 438 86 114 waiting 781 447 58 144 standing 812 401 39 78 waiting 809 347 33 102 standing 764 392 47 109 standing 695 310 40 147 blocking 525 434 75 117 standing 356 365 44 103 standing 326 469 78 124 standing 251 405 65 126 digging
32330.jpg l-spike 834 378 48 93 waiting 743 428 57 130 standing 555 310 41 151 blocking 559 312 44 120 blocking 454 410 57 102 digging 340 460 56 126 standing 173 403 72 118 standing 340 400 73 87 waiting 384 297 71 120 jumping 67 348 51 96 standing 1006 398 52 117 standing 960 464 68 127 standing
15365.jpg r_spike 1070 418 66 130 standing 987 461 79 148 waiting 859 399 86 193 jumping 772 430 86 147 waiting 846 404 102 123 waiting 894 365 57 130 standing 617 342 82 232 blocking 462 378 86 122 waiting 264 344 102 122 waiting 129 398 72 111 waiting 65 495 100 133 waiting
34170.jpg r_spike 1012 342 58 137 standing 891 458 71 141 waiting 871 399 60 156 standing 817 330 83 241 spiking 767 336 54 117 standing 736 398 63 158 standing 595 326 66 229 blocking 574 347 57 192 standing 456 361 66 134 waiting 56 497 106 122 digging 20 353 75 145 waiting 264 322 63 119 standing
37735.jpg l-spike 1080 457 83 144 waiting 1009 323 68 114 waiting 704 432 105 142 waiting 660 305 57 153 waiting 674 264 41 159 waiting 462 220 103 148 spiking 532 331 52 159 standing 471 418 66 207 standing 426 337 97 113 waiting 332 404 102 137 waiting 231 362 72 165 standing
37715.jpg l_set 1166 449 94 150 waiting 1003 322 99 131 waiting 738 311 60 160 standing 713 334 54 147 standing 733 410 58 162 digging 546 325 60 156 standing 292 469 119 194 moving 222 367 84 164 standing 372 313 76 133 standing 428 295 52 223 setting 421 277 52 131 standing
34520.jpg l-spike 1042 379 56 133 waiting 975 441 66 135 waiting 826 351 49 107 waiting 731 449 90 125 waiting 520 264 47 176 blocking 395 268 41 143 spiking 411 387 76 141 standing 324 382 84 90 waiting 358 434 86 168 moving 268 424 84 117 waiting 188 362 58 145 standing
22510.jpg r_set 1031 471 107 125 moving 860 477 92 147 moving 833 426 52 115 standing 713 363 50 94 standing 627 461 105 135 moving 527 480 62 76 digging 427 387 39 115 standing 436 425 41 113 standing 418 471 60 131 waiting 165 401 67 103 waiting 39 484 102 147 waiting
34515.jpg l-spike 1085 382 64 147 waiting 1035 457 62 147 waiting 861 357 54 101 waiting 697 446 123 137 waiting 560 270 43 203 blocking 388 252 54 152 spiking 420 397 49 148 standing 371 442 52 192 standing 202 378 58 139 standing 350 383 74 98 waiting 308 434 68 109 waiting
34105.jpg r-pass 992 412 50 92 digging 919 448 54 141 standing 910 419 77 65 falling 752 344 43 101 standing 708 373 64 101 standing 548 392 69 97 standing 461 372 33 139 standing 476 394 37 131 standing 450 410 48 144 standing 99 410 62 118 waiting 237 380 60 90 waiting
39360.jpg r_winpoint 372 403 66 175 standing 272 333 62 183 standing 247 304 62 138 standing 512 351 77 180 standing 630 315 97 167 standing 634 291 86 169 standing 1132 358 67 185 standing 1049 367 87 194 standing 987 356 95 182 standing 1007 354 52 166 standing 986 318 87 166 standing 1108 333 82 177 standing
42750.jpg l_winpoint 1095 446 131 74 falling 815 406 79 187 standing 672 330 83 156 standing 623 340 72 158 standing 558 446 42 81 falling 415 370 72 177 standing 404 337 47 168 standing 334 331 84 167 standing 269 341 98 158 standing 246 363 83 181 standing 225 346 64 164 standing
31755.jpg l_winpoint 888 329 54 136 standing 731 293 40 112 standing 692 329 43 124 standing 620 309 50 123 standing 638 379 45 147 standing 515 420 45 140 standing 372 344 46 152 standing 383 334 44 138 standing 342 336 63 135 standing 247 349 90 138 standing 262 314 62 144 standing 215 335 55 135 standing
43830.jpg l_winpoint 1043 376 43 138 standing 962 367 30 120 standing 855 332 55 116 standing 833 415 57 88 falling 826 473 81 83 falling 784 388 45 142 standing 679 333 64 129 standing 612 346 63 127 standing 489 393 86 149 standing 434 337 68 150 standing 392 415 69 160 standing 295 394 91 135 standing
37965.jpg l_winpoint 915 380 82 153 standing 983 278 65 139 standing 809 378 80 68 falling 615 306 89 141 standing 559 400 73 168 standing 560 364 55 173 standing 331 358 113 177 standing 344 336 76 162 standing 365 312 78 154 standing 249 364 73 160 standing 237 317 55 146 standing 174 355 67 169 standing
34590.jpg l_winpoint 942 340 76 152 standing 824 366 52 166 standing 862 365 55 140 standing 887 322 57 137 standing 665 309 47 146 standing 684 305 41 126 standing 385 351 69 165 standing 341 349 55 143 standing 320 323 48 151 standing 350 326 46 141 standing 389 311 34 149 standing 419 322 44 150 standing
45420.jpg l_winpoint 982 436 57 162 standing 897 421 39 134 standing 845 436 66 100 falling 801 443 44 153 standing 742 467 62 173 standing 716 525 78 84 falling 546 443 50 169 standing 571 419 66 160 standing 533 379 71 148 standing 422 368 53 155 standing 366 447 68 147 standing 369 369 59 173 standing
