36135.jpg r_set 945 401 114 140 standing 948 347 86 130 moving 864 468 105 126 standing 731 339 56 172 setting 689 415 70 147 standing 492 427 53 177 standing 527 398 55 170 standing 514 374 51 135 standing 219 428 70 175 standing 172 359 53 132 standing 773 533 102 177 moving
73405.jpg l_set 1090 370 67 161 standing 1030 457 80 157 standing 907 334 53 139 standing 626 453 64 158 standing 616 352 51 149 standing 632 333 48 142 standing 480 350 58 128 standing 379 296 47 187 setting 323 333 69 138 standing 214 377 61 127 standing 167 502 135 175 moving 411 311 39 106 moving
39110.jpg r-pass 673 375 63 118 digging 704 467 74 135 standing 795 430 60 123 standing 839 373 53 121 standing 617 415 49 104 falling 686 363 69 95 standing 194 365 74 116 moving 70 416 91 151 standing 158 447 56 161 standing 405 440 95 133 moving 505 365 70 114 standing 527 387 49 140 standing
36085.jpg r_spike 671 352 75 216 spiking 911 419 63 139 standing 844 382 40 134 standing 784 370 69 120 moving 735 480 74 96 waiting 661 390 63 151 standing 576 354 60 230 blocking 443 386 49 122 moving 256 454 111 153 moving 206 361 72 116 standing 4 420 94 131 standing
39080.jpg r_spike 740 442 42 116 standing 738 381 65 111 standing 664 350 86 123 spiking 666 467 43 147 standing 622 374 41 110 standing 567 350 44 106 standing 475 342 34 176 blocking 447 390 48 91 standing 362 464 96 119 standing 137 468 91 128 standing 72 456 65 120 waiting 122 389 63 85 standing
39065.jpg r_set 760 414 105 116 moving 806 452 63 122 standing 701 466 78 138 moving 713 372 57 97 moving 597 381 49 105 moving 542 327 35 159 setting 368 459 52 132 standing 404 406 40 138 standing 398 387 39 102 standing 103 467 87 147 standing 82 381 74 112 standing 43 440 55 130 standing
51955.jpg l-pass 1031 435 40 120 standing 846 485 55 114 standing 866 399 37 102 standing 623 450 55 120 standing 619 421 43 125 blocking 625 415 41 108 standing 543 456 44 130 standing 340 487 66 142 moving 393 435 58 103 standing 285 431 43 106 digging 318 378 41 103 standing 135 457 58 106 moving
63655.jpg l_set 560 397 54 147 setting 763 356 27 116 standing 745 388 46 142 standing 742 450 61 167 standing 1090 407 83 122 moving 974 365 51 127 standing 1009 440 85 153 moving 636 373 37 120 standing 478 354 79 102 moving 434 382 51 110 standing 379 495 89 142 moving 247 444 102 117 moving
73435.jpg l-spike 1017 366 78 125 standing 926 441 69 153 standing 768 334 72 127 standing 648 414 69 130 standing 514 233 76 197 blocking 169 370 55 145 standing 368 424 63 158 standing 288 370 57 151 standing 317 342 41 130 standing 456 343 48 137 standing 380 236 78 180 spiking
73630.jpg r-pass 1044 392 75 153 standing 876 440 71 153 digging 973 339 71 134 standing 732 370 109 148 moving 826 390 81 126 standing 789 477 112 150 standing 618 455 66 161 standing 626 423 66 141 standing 236 360 82 112 moving 110 447 83 152 standing 79 394 56 121 standing 398 349 87 108 moving
73540.jpg r-pass 54 417 63 128 moving 284 470 105 132 moving 423 326 66 118 moving 326 348 54 125 moving 868 499 70 110 falling 678 453 43 150 standing 689 416 34 148 standing 749 347 57 123 standing 740 498 37 123 standing 934 389 55 136 standing 1046 391 90 145 standing 1030 333 63 140 standing
73355.jpg l-pass 956 397 57 129 standing 834 438 78 129 standing 686 359 59 119 standing 579 399 65 119 standing 503 312 41 162 blocking 501 308 25 150 blocking 463 343 34 120 standing 417 385 61 108 standing 364 358 46 116 setting 313 428 70 121 standing 219 373 41 109 standing 160 411 61 124 standing
39180.jpg r_spike 689 412 81 154 spiking 686 333 56 121 standing 815 459 91 132 standing 594 429 84 119 standing 762 376 49 123 standing 753 461 46 98 standing 29 477 95 142 standing 174 361 88 105 standing 355 387 51 114 standing 529 370 41 210 blocking
73575.jpg r_set 1063 387 101 146 standing 1047 321 71 109 standing 827 506 109 158 moving 767 501 111 103 falling 742 316 56 178 setting 678 338 56 141 standing 472 337 52 135 standing 526 375 43 150 standing 536 429 52 160 standing 270 351 54 131 standing 175 444 75 165 standing 1 416 54 129 standing
73610.jpg r_spike 990 407 66 162 standing 933 329 79 128 moving 878 450 56 145 standing 822 391 70 151 standing 749 419 70 155 jumping 719 406 45 124 moving 172 377 85 109 digging 19 410 53 111 digging 46 467 104 145 digging 621 375 60 204 blocking 598 385 77 170 jumping 377 366 90 106 digging
63680.jpg l-spike 531 300 73 107 spiking 646 294 39 146 blocking 642 367 47 143 blocking 671 460 84 135 standing 567 382 48 126 standing 513 462 58 139 moving 468 391 54 101 standing 466 434 67 126 standing 373 426 43 135 standing 902 368 64 107 standing 1077 436 54 107 waiting 970 449 73 137 standing
43825.jpg l_set 182 479 109 156 moving 45 406 86 146 moving 312 297 82 111 moving 448 344 65 163 setting 517 326 54 161 setting 259 367 60 116 standing 615 406 39 133 standing 824 333 64 99 standing 954 436 56 126 standing 1095 392 56 116 waiting 596 364 50 128 blocking 603 343 47 111 blocking
52110.jpg r_spike 974 388 64 125 moving 699 327 37 101 standing 662 398 55 106 standing 735 348 89 210 spiking 749 396 91 115 standing 530 354 45 206 blocking 549 361 42 167 blocking 462 383 75 112 standing 239 350 57 102 standing 149 452 64 141 standing 49 405 58 108 standing 684 456 59 94 waiting
34085.jpg r-pass 1022 539 67 143 standing 1000 438 45 90 standing 954 406 45 101 digging 818 460 52 116 standing 641 427 33 109 standing 570 417 39 137 blocking 549 421 22 116 standing 536 457 32 129 standing 350 414 37 92 standing 278 500 62 107 waiting 130 404 47 103 standing 1042 471 65 109 standing
43625.jpg l_set 232 520 82 148 moving 163 363 50 105 moving 314 358 65 107 moving 397 414 54 176 setting 493 407 41 144 standing 392 348 45 112 moving 1198 430 60 118 waiting 1094 501 75 118 standing 746 460 60 126 standing 717 411 47 131 standing 730 387 41 128 standing 972 395 65 97 standing
48645.jpg r_spike 896 380 65 136 standing 841 463 58 159 standing 809 421 58 117 standing 810 364 80 110 standing 753 277 41 139 spiking 698 406 60 150 standing 525 419 60 134 standing 607 364 41 133 standing 600 281 38 144 blocking 250 471 85 125 waiting 232 359 57 102 standing 74 435 66 119 digging
34315.jpg r_spike 841 424 65 128 standing 857 413 58 117 standing 765 408 106 153 spiking 728 491 83 88 waiting 718 404 72 119 standing 660 379 54 125 standing 590 382 49 218 blocking 512 395 46 111 moving 311 376 71 99 standing 254 472 80 133 standing 84 429 72 131 standing
39030.jpg r-pass 843 421 37 94 standing 761 497 47 84 standing 665 520 84 67 falling 692 405 35 97 standing 573 431 39 101 standing 440 433 32 101 standing 358 466 37 137 standing 357 443 43 112 standing 337 426 39 99 standing 174 463 43 129 standing 63 468 56 103 standing 63 405 35 109 standing
44680.jpg r_set 1023 399 102 132 moving 832 331 92 102 moving 897 461 73 143 standing 805 520 96 159 moving 693 417 82 166 standing 694 383 64 169 setting 525 461 62 132 standing 545 392 59 166 standing 553 336 52 138 standing 264 370 44 127 standing 196 453 72 164 standing 102 403 69 145 standing
36185.jpg l-pass 302 392 66 95 falling 95 430 60 152 standing 354 441 92 157 standing 563 386 72 126 standing 688 454 43 154 standing 656 426 64 145 standing 766 449 48 167 standing 756 395 35 151 standing 791 356 40 132 standing 899 466 68 137 standing 1041 412 70 134 standing 987 375 44 137 standing
52225.jpg r-pass 107 371 38 123 standing 259 410 48 137 standing 283 401 40 119 standing 334 426 74 134 moving 383 384 65 130 moving 448 344 38 117 moving 514 417 57 150 standing 521 410 41 130 standing 802 360 69 105 standing 967 373 44 114 standing 875 438 55 117 standing 672 365 51 141 setting
43660.jpg l-spike 137 447 79 146 moving 217 366 43 118 standing 340 368 47 124 standing 392 463 58 133 standing 454 395 58 124 standing 575 303 47 165 blocking 865 456 64 109 standing 931 363 56 99 standing 1020 459 62 99 digging 1050 411 56 88 waiting 425 287 60 126 spiking
52015.jpg l-spike 1018 423 63 95 standing 972 466 62 96 digging 900 377 54 97 standing 684 473 72 124 standing 584 299 43 167 blocking 517 384 37 126 standing 487 288 44 131 spiking 418 422 54 114 standing 413 472 71 153 moving 329 418 58 110 standing 367 371 34 113 standing
63615.jpg l-pass 838 408 37 116 standing 801 427 54 123 standing 765 386 37 123 standing 719 434 60 137 standing 701 376 51 108 standing 655 369 24 130 standing 621 391 24 119 standing 580 417 52 120 standing 505 379 51 99 standing 493 465 74 108 digging 366 403 54 84 standing 234 454 54 92 standing
44565.jpg l-pass 515 475 58 127 standing 486 352 41 111 standing 458 415 65 123 standing 361 384 38 114 standing 244 425 68 119 standing 275 496 80 82 digging 720 407 58 142 blocking 785 401 26 86 standing 772 438 41 119 standing 928 454 37 117 standing 1121 372 32 102 standing 1141 438 43 120 standing
43850.jpg l-spike 382 333 71 199 spiking 417 313 55 117 moving 464 372 37 127 standing 479 358 27 123 standing 511 336 61 199 blocking 611 351 58 100 standing 246 368 44 113 standing 148 410 103 128 moving 920 375 71 85 digging 944 447 52 114 digging 793 353 61 97 standing
36105.jpg r-pass 959 449 57 127 digging 841 390 86 137 standing 767 406 84 163 setting 731 381 74 126 standing 696 405 60 155 standing 662 459 58 152 standing 571 437 68 166 standing 593 414 53 180 standing 443 405 75 127 standing 368 429 46 175 standing 198 375 56 123 moving 0 452 57 152 moving
36265.jpg r-pass 855 365 74 100 standing 606 378 65 109 standing 543 402 72 135 standing 518 374 51 156 standing 223 404 60 130 standing 1010 470 51 90 digging 1035 420 62 109 standing 295 441 91 135 standing 166 366 70 121 standing 310 400 35 137 standing 403 329 58 114 standing 460 356 37 121 standing
44785.jpg l_set 41 471 121 168 moving 376 326 45 185 setting 409 302 42 116 moving 463 331 55 138 standing 533 392 53 139 moving 714 410 49 134 standing 719 345 36 107 standing 711 373 51 128 standing 1056 351 54 112 standing 1217 396 63 144 standing 1107 467 102 137 standing
44600.jpg l_set 386 337 70 101 moving 241 484 96 125 moving 264 425 39 115 standing 245 385 62 111 standing 512 389 58 160 setting 546 371 49 170 setting 981 483 78 117 digging 1117 444 60 105 digging 923 387 43 107 standing 663 445 50 141 standing 655 413 50 150 blocking 674 381 39 113 standing
34190.jpg l-pass 274 456 67 146 standing 182 384 90 154 setting 439 374 40 108 standing 586 466 41 147 standing 679 399 36 123 standing 926 472 42 126 standing 882 409 38 131 standing 1120 482 70 132 moving 1200 450 77 124 standing 1189 411 45 113 moving 947 353 55 88 moving 643 359 38 93 standing
39150.jpg r_set 829 415 92 142 moving 780 405 51 123 standing 774 337 64 103 moving 716 339 53 169 setting 553 381 54 131 standing 873 539 79 165 moving 437 440 63 168 standing 456 406 58 142 standing 430 380 77 106 standing 140 348 63 130 standing 61 450 81 162 standing 43 414 74 144 standing
43720.jpg r-pass 688 430 114 62 falling 701 402 84 131 standing 952 454 65 173 standing 1002 343 97 120 moving 943 350 65 141 standing 705 304 54 103 standing 511 314 48 143 standing 506 361 45 152 standing 461 417 60 154 standing 230 321 39 131 standing 193 401 65 161 standing 152 350 88 146 standing
36160.jpg r_spike 962 405 71 149 standing 914 353 51 142 moving 813 454 94 132 standing 758 355 58 134 standing 699 408 111 187 spiking 658 407 49 151 standing 524 386 75 128 standing 595 392 49 213 blocking 599 358 49 219 blocking 225 450 111 138 standing 24 415 83 157 standing 260 339 88 123 standing
34140.jpg r_spike 710 323 60 99 spiking 692 387 37 116 standing 895 374 34 110 standing 794 420 51 105 standing 822 483 77 136 moving 826 435 54 128 standing 618 314 41 123 blocking 600 421 38 117 standing 560 478 61 100 standing 347 384 57 88 standing 282 425 41 91 standing 301 461 57 122 standing
52080.jpg r_set 708 364 48 154 setting 694 322 48 107 moving 964 368 58 97 moving 813 440 73 118 moving 968 537 118 150 moving 436 350 47 107 blocking 424 399 52 139 standing 427 433 26 163 standing 166 440 58 160 standing 153 352 60 118 standing 39 399 62 126 standing
36050.jpg r_set 614 340 83 138 setting 754 386 80 114 standing 995 391 93 108 moving 834 436 58 128 standing 654 420 55 147 standing 613 378 54 125 standing 181 374 41 139 standing 278 421 69 148 standing 254 374 88 122 standing 522 371 40 153 standing 500 340 35 127 standing 474 399 46 162 standing
34370.jpg r-pass 962 394 63 158 setting 834 382 57 120 standing 729 467 66 148 standing 724 449 44 125 standing 720 375 43 120 standing 594 387 52 130 standing 468 409 49 123 standing 377 435 52 154 standing 411 378 44 119 standing 255 373 32 122 standing 161 433 38 158 standing 31 393 72 137 standing
73450.jpg r-pass 946 357 52 110 digging 869 398 73 143 standing 683 295 51 158 setting 594 416 78 111 standing 448 335 64 125 moving 464 307 38 133 standing 327 315 46 135 standing 376 342 52 134 standing 319 410 69 145 standing 209 391 51 135 standing 224 338 48 116 standing 40 375 56 118 standing
34290.jpg r_set 951 512 132 149 moving 940 406 63 112 moving 822 394 67 109 standing 774 446 67 128 moving 632 359 34 161 setting 464 456 53 158 standing 494 418 39 144 standing 505 389 32 112 standing 251 386 51 107 standing 152 455 55 147 standing
44815.jpg l-spike 1123 463 62 122 digging 1086 408 56 84 digging 984 358 56 103 waiting 745 356 54 103 digging 603 348 39 188 blocking 477 369 47 129 standing 427 437 50 116 standing 431 317 43 118 standing 298 363 88 180 spiking 331 382 32 124 standing 227 402 52 122 standing
35970.jpg l-pass 122 471 42 123 standing 260 456 40 106 standing 302 482 65 106 digging 407 399 28 88 standing 466 437 36 96 moving 627 452 39 113 standing 698 452 43 107 blocking 708 435 25 103 standing 717 421 36 88 standing 906 488 42 100 standing 897 427 33 102 standing 1177 432 49 106 standing
48470.jpg l-pass 137 439 63 130 standing 227 412 48 96 standing 405 474 74 150 moving 523 447 65 136 standing 403 414 60 120 moving 293 379 58 114 digging 672 441 63 137 blocking 664 404 51 131 blocking 689 399 44 119 standing 916 472 37 123 standing 946 381 32 114 standing 1228 416 49 136 standing
34125.jpg r_set 982 525 91 131 moving 915 448 60 126 moving 976 387 41 102 standing 890 412 33 100 standing 725 407 38 106 standing 679 360 37 136 setting 558 470 46 141 standing 581 432 35 127 standing 587 412 38 68 standing 347 391 38 93 standing 288 476 57 106 standing 268 427 43 119 standing
36015.jpg l_set 580 357 47 158 setting 505 366 66 161 jumping 428 354 37 101 standing 92 482 97 150 moving 169 429 32 130 standing 194 409 83 107 moving 634 427 42 129 standing 649 385 37 90 standing 645 415 37 111 standing 1066 438 56 106 waiting 839 409 58 107 standing 851 488 65 107 waiting
44625.jpg l-spike 414 444 78 163 spiking 220 407 41 146 standing 211 373 54 109 standing 335 427 93 130 standing 416 328 54 116 moving 453 392 54 145 standing 555 409 53 162 standing 549 381 37 168 standing 634 364 54 109 standing 842 379 60 110 standing 983 402 68 102 standing 978 488 102 107 standing
48615.jpg r_set 727 365 50 135 setting 815 333 53 116 standing 983 361 74 112 moving 1021 534 135 148 moving 718 325 67 98 moving 629 399 53 142 standing 187 347 40 117 standing 93 424 49 165 standing 439 418 56 173 standing 477 345 35 138 standing 470 369 35 161 standing 4 393 74 130 standing
63495.jpg l-pass 979 444 41 85 standing 863 432 29 108 standing 734 455 33 109 standing 693 430 44 124 blocking 718 408 28 85 standing 483 488 67 109 standing 476 449 48 92 standing 367 440 39 80 digging 301 459 38 76 digging 279 495 44 105 standing 170 454 39 97 standing 1173 470 52 130 standing
43890.jpg r-pass 1139 409 125 83 falling 961 468 93 85 digging 745 364 63 124 standing 618 320 57 113 standing 587 419 63 136 standing 531 455 79 142 moving 373 401 58 126 standing 364 337 43 128 standing 408 355 24 147 standing 261 390 48 153 standing 118 403 77 141 standing 102 374 28 134 standing
73300.jpg l_set 1091 480 51 133 standing 1077 404 59 134 standing 931 362 52 119 standing 710 465 50 128 standing 689 405 47 130 standing 705 367 37 113 standing 441 389 54 122 standing 343 478 82 105 falling 301 377 54 117 standing 263 342 59 91 moving 186 443 71 124 moving 255 499 80 159 moving
39245.jpg r_set 62 409 114 131 moving 215 447 80 134 standing 222 365 94 103 standing 495 454 52 137 standing 538 389 37 142 blocking 619 335 41 165 setting 655 361 52 122 jumping 746 525 66 167 moving 806 415 54 106 standing 838 377 66 113 moving 970 405 65 127 moving
51985.jpg l_set 199 525 115 148 moving 152 443 92 111 moving 281 401 67 102 moving 400 348 51 100 standing 538 401 55 168 setting 483 402 52 112 moving 674 471 43 111 standing 925 493 69 112 standing 880 391 54 94 standing 1025 443 51 110 standing 650 415 49 130 standing 652 395 52 131 standing
34155.jpg l-pass 770 478 67 131 standing 753 400 41 122 standing 732 359 60 101 standing 834 444 43 105 standing 852 444 65 131 standing 903 397 43 103 standing 672 370 37 97 moving 628 410 54 112 standing 568 466 86 129 standing 376 365 54 124 digging 321 459 75 129 standing 289 429 58 92 standing
34255.jpg r-pass 805 384 43 92 digging 914 419 65 88 falling 838 445 77 112 standing 773 466 86 126 standing 465 340 48 143 standing 401 380 43 107 standing 377 382 35 131 standing 274 424 54 120 standing 232 378 39 118 standing 147 431 60 146 standing
52265.jpg r_set 974 379 50 121 moving 880 525 89 152 moving 822 435 61 136 standing 806 350 70 110 moving 661 405 73 136 standing 685 320 50 132 setting 285 425 50 158 standing 158 402 59 126 standing 223 344 40 119 standing 504 415 45 164 standing 524 375 50 153 standing 540 344 50 141 standing
34235.jpg l-spike 461 324 83 122 spiking 490 427 58 103 digging 406 454 58 105 digging 361 399 49 99 moving 228 458 83 128 standing 600 330 52 156 blocking 891 491 63 116 standing 930 393 40 102 standing 1043 435 58 89 standing 1027 478 57 125 standing
52205.jpg l-spike 1030 468 87 120 digging 990 381 62 107 standing 836 347 49 98 standing 651 370 50 113 standing 538 354 56 196 blocking 539 347 50 167 blocking 410 395 71 118 standing 286 364 87 192 spiking 437 330 68 107 standing 298 411 55 113 moving 203 400 76 129 moving 112 376 60 136 standing
63530.jpg l_set 583 375 75 180 setting 532 423 62 114 standing 389 512 54 139 moving 250 466 75 120 moving 296 404 43 101 standing 416 406 43 97 moving 681 475 69 146 standing 677 427 45 120 standing 687 393 47 92 standing 901 404 54 109 standing 1020 472 60 137 standing 1006 442 47 94 standing
44645.jpg r-pass 980 367 62 124 standing 797 485 62 113 waiting 765 392 98 125 standing 699 352 52 122 standing 575 432 71 189 setting 542 443 71 138 standing 476 441 31 161 standing 422 379 60 148 standing 435 331 53 132 standing 293 422 64 161 standing 166 412 64 147 standing 177 367 80 129 standing
43790.jpg l-pass 1205 372 57 132 standing 990 328 45 121 standing 995 422 55 135 moving 712 402 62 140 standing 706 364 59 141 standing 712 339 45 123 standing 609 401 60 152 standing 373 357 52 146 standing 404 294 55 112 standing 254 433 75 135 digging 272 460 67 148 moving 271 352 58 120 standing
48580.jpg r-pass 955 368 37 120 moving 904 432 71 105 standing 795 343 65 112 spiking 743 445 81 127 standing 461 361 34 119 standing 467 351 37 114 standing 335 418 52 143 standing 334 384 69 117 standing 357 352 63 107 standing 240 352 52 122 standing 50 384 41 110 standing
48565.jpg l-spike 919 349 44 99 standing 1015 397 55 107 digging 1024 446 50 108 digging 791 458 80 119 digging 531 276 45 171 blocking 392 288 62 114 spiking 319 425 49 146 standing 305 362 40 109 standing 124 381 48 109 waiting 406 398 80 98 waiting
73605.jpg r_spike 963 403 57 156 standing 944 326 55 127 standing 860 451 80 145 moving 810 394 72 150 standing 715 406 106 164 spiking 691 398 43 133 standing 597 366 44 206 blocking 597 364 51 181 standing 414 359 55 116 standing 195 373 60 106 standing 79 452 69 154 standing
52175.jpg l_set 1075 471 86 134 moving 1099 393 55 130 standing 910 340 53 108 standing 660 426 57 137 standing 641 386 57 143 standing 657 351 38 125 standing 551 381 47 160 moving 429 337 51 130 standing 321 346 52 181 setting 233 352 43 125 standing 221 476 94 175 standing 108 394 114 130 moving
36025.jpg r-pass 1053 431 55 104 waiting 846 475 66 102 standing 774 448 95 63 falling 612 394 60 137 standing 556 408 48 131 standing 526 334 45 156 jumping 466 342 33 103 standing 251 390 87 113 moving 201 475 66 145 standing 178 417 50 130 standing
43750.jpg r-pass 1048 333 55 119 standing 998 340 35 131 standing 884 426 63 148 moving 729 360 51 133 standing 521 413 73 133 standing 562 337 60 125 moving 572 310 31 124 standing 404 408 93 131 moving 331 335 43 113 standing 809 310 45 107 digging 272 378 77 127 standing
43580.jpg l-pass 1133 436 52 131 standing 1190 373 47 112 standing 927 456 42 107 standing 728 414 53 134 standing 772 438 46 120 standing 790 406 46 127 standing 515 466 80 137 standing 283 473 58 139 standing 454 408 61 137 standing 338 380 43 110 standing 501 359 52 116 standing 271 417 45 94 digging
39205.jpg r-pass 872 467 68 137 standing 826 460 63 116 standing 871 420 41 145 digging 775 368 60 123 standing 682 478 75 138 moving 662 426 55 119 standing 615 430 27 175 blocking 560 437 52 160 standing 468 393 60 110 moving 299 359 57 107 standing 131 453 81 157 moving 18 406 121 122 moving
36225.jpg l_set 1140 397 60 130 standing 959 362 43 117 standing 673 336 58 123 standing 680 374 53 126 standing 511 354 58 185 setting 551 363 38 108 moving 409 338 55 84 moving 330 368 52 128 standing 144 383 112 119 moving 46 472 121 154 moving 678 406 53 147 standing 1002 468 67 122 digging
52135.jpg l-pass 1016 415 52 137 standing 848 368 45 135 standing 801 442 52 131 standing 688 433 48 141 standing 719 383 41 129 standing 731 353 45 126 standing 576 431 63 148 standing 616 412 44 163 standing 456 347 64 190 setting 343 385 45 106 moving 271 437 82 140 standing 68 396 63 127 standing
73490.jpg r_set 637 291 56 175 setting 761 337 88 147 moving 857 472 97 155 moving 981 402 81 153 standing 921 303 72 140 moving 1012 379 126 139 moving 160 348 57 118 standing 56 445 76 163 standing 440 418 57 165 standing 444 357 53 125 standing 428 388 45 164 standing
43675.jpg r-pass 975 447 69 103 standing 973 396 48 84 digging 866 376 64 92 falling 798 463 80 120 standing 504 377 33 114 standing 373 447 56 133 standing 407 400 56 122 standing 422 369 41 116 standing 295 373 45 129 standing 159 430 45 133 standing 147 380 30 120 standing
44740.jpg l-pass 966 415 39 137 standing 885 364 47 112 standing 843 382 40 143 standing 728 423 51 151 standing 723 373 43 117 standing 706 341 35 123 standing 588 309 57 127 standing 534 314 50 130 standing 527 374 67 119 digging 379 399 70 139 standing 387 362 72 112 standing 93 417 54 132 standing
52025.jpg r-pass 916 463 75 99 digging 880 386 45 94 digging 976 412 52 111 digging 689 485 101 114 digging 377 446 62 158 standing 437 316 47 143 spiking 458 378 35 150 standing 275 418 54 109 standing 321 376 41 99 standing 338 415 48 131 standing 521 337 48 131 blocking
48520.jpg l_set 1098 473 67 122 standing 1143 421 58 116 standing 1021 353 75 109 standing 745 442 57 122 standing 709 399 47 127 standing 726 366 37 131 standing 468 373 50 144 standing 301 327 62 98 moving 263 360 67 119 moving 228 365 48 172 setting 136 387 45 127 standing 106 487 92 167 moving
44710.jpg r_spike 926 418 42 115 standing 794 419 48 157 standing 823 387 56 123 standing 696 463 62 165 standing 696 407 59 117 standing 729 277 55 137 spiking 628 300 32 184 blocking 646 279 30 157 blocking 518 440 68 128 standing 269 358 64 100 moving 296 452 85 137 standing 127 432 77 137 standing
43865.jpg r-pass 926 436 50 118 standing 886 380 126 86 falling 757 360 56 109 standing 604 352 58 99 standing 500 427 39 137 standing 500 411 47 129 standing 436 435 39 135 standing 407 375 50 139 standing 433 352 37 129 standing 423 321 37 124 standing 195 402 64 137 standing 160 382 41 120 standing
36255.jpg l-spike 1042 460 57 100 waiting 1050 416 57 86 waiting 887 362 48 100 standing 616 368 46 96 standing 559 367 37 158 blocking 573 366 35 136 blocking 488 355 52 116 standing 427 324 46 110 standing 345 409 41 130 standing 285 367 62 171 spiking 258 366 32 117 moving
44865.jpg l_winpoint 107 412 66 165 standing 226 396 52 162 standing 250 392 98 143 standing 331 430 79 154 standing 376 370 70 160 standing 402 357 56 145 standing 663 409 77 162 standing 669 452 89 162 standing 769 349 59 127 standing 903 335 41 130 standing 959 441 62 140 standing 1017 391 55 94 falling
39300.jpg r_winpoint 946 390 65 126 standing 895 375 51 124 standing 834 399 54 141 standing 774 420 60 122 standing 740 395 90 108 standing 790 379 25 100 standing 616 360 28 116 standing 582 357 50 132 standing 469 410 40 137 standing 320 415 58 142 standing 275 420 70 121 standing 252 362 65 128 standing
43110.jpg r_winpoint 644 434 84 129 standing 120 439 60 142 standing 182 429 49 125 standing 395 431 58 143 standing 345 465 66 151 standing 311 442 62 123 standing 792 431 48 130 standing 935 437 75 126 standing 821 477 75 128 standing 861 435 47 121 standing 878 454 73 132 standing
36330.jpg l_winpoint 1003 383 62 157 standing 953 353 48 134 standing 930 404 58 170 standing 805 327 42 148 standing 510 335 66 144 standing 470 354 65 164 standing 418 395 62 171 standing 347 373 59 150 standing 344 342 71 148 standing 163 625 172 71 falling
30570.jpg r_winpoint 1008 419 79 142 standing 1038 351 64 119 standing 980 390 59 143 standing 824 418 57 157 standing 852 376 59 138 standing 784 404 63 119 standing 566 433 52 177 standing 445 473 61 187 standing 307 419 72 158 standing 349 393 40 135 standing 420 327 55 133 standing 242 504 118 54 falling
47985.jpg r_winpoint 216 406 64 122 standing 470 374 108 207 standing 446 304 54 177 standing 714 315 59 190 standing 834 272 49 172 standing 718 227 52 163 standing 1111 369 111 202 standing 1090 343 84 194 standing 1163 324 62 193 standing 1217 328 57 174 standing 1237 372 41 171 standing
48690.jpg r_winpoint 984 416 46 141 standing 1011 385 45 140 standing 926 318 46 154 standing 898 341 55 145 standing 793 403 59 164 standing 790 360 66 158 standing 639 316 44 141 standing 588 308 37 148 standing 570 357 38 158 standing 288 424 58 177 standing 272 322 52 136 standing 222 520 52 101 falling
51225.jpg r_winpoint 1008 331 58 157 standing 883 391 67 144 standing 845 326 64 162 standing 773 330 70 166 standing 707 366 64 193 standing 697 359 64 169 standing 451 328 54 173 standing 450 290 61 161 standing 361 426 65 146 standing 288 556 135 77 falling 278 333 90 162 standing 180 328 60 162 standing
43995.jpg r_winpoint 390 430 60 194 standing 430 275 76 161 standing 368 297 81 177 standing 147 394 126 189 standing 102 411 95 95 falling 839 337 95 165 standing 903 315 77 160 standing 1055 373 51 162 standing 1113 340 59 170 standing 1011 356 66 180 standing 1013 300 53 170 standing
34410.jpg r_winpoint 772 401 37 126 standing 731 393 43 124 standing 688 435 83 125 standing 685 428 52 140 standing 625 399 46 117 standing 1167 485 97 130 moving 419 407 55 131 standing 374 381 44 122 standing 326 438 49 149 standing 226 389 54 126 standing 148 441 36 152 standing 54 399 90 133 standing
42390.jpg l_winpoint 1017 447 102 125 standing 1023 375 81 120 standing 905 343 56 121 standing 740 443 118 79 falling 637 405 47 154 standing 603 442 55 155 standing 465 354 48 133 standing 417 361 79 143 standing 360 413 56 155 standing 347 387 39 152 standing 229 397 66 150 standing 217 360 84 147 standing
52335.jpg r_winpoint 1004 386 60 154 standing 927 434 49 147 standing 890 341 49 131 standing 851 348 45 148 standing 805 365 40 149 standing 786 402 46 155 standing 686 424 41 171 standing 632 400 69 172 standing 618 351 51 153 standing 368 437 56 172 standing 356 330 54 140 standing 103 413 42 131 standing
46140.jpg r_winpoint 928 367 70 132 standing 920 342 73 119 standing 838 410 65 127 moving 760 364 57 185 standing 685 327 37 147 standing 659 339 63 122 standing 470 340 52 149 standing 504 326 47 138 standing 404 381 54 153 standing 361 395 60 89 falling 240 364 81 137 standing 249 330 40 133 standing
