22330.jpg r-pass 1220 768 102 102 falling 1328 685 68 151 digging 1204 583 81 169 moving 1008 551 72 150 standing 1071 556 80 168 moving 1019 493 49 152 standing 820 655 56 160 standing 676 557 66 153 standing 718 503 52 138 standing 480 515 62 134 standing 464 642 54 169 standing 387 580 49 176 standing
20410.jpg r_set 1336 572 73 227 setting 1225 527 73 160 standing 1044 505 81 143 standing 893 599 74 172 standing 979 737 78 204 standing 933 489 53 134 moving 344 702 62 155 standing 276 588 55 171 standing 333 529 66 120 standing 684 619 44 172 standing 694 579 54 150 standing 680 534 52 110 standing
29335.jpg l-pass 1743 614 76 147 standing 1522 626 63 164 standing 1425 582 59 115 waiting 1165 663 43 189 standing 1157 610 59 179 standing 1172 535 42 153 standing 1072 682 74 153 standing 796 633 64 171 standing 790 624 60 123 digging 687 506 54 151 standing 470 599 67 157 standing 376 688 59 160 standing
40750.jpg l-spike 571 691 67 163 digging 670 566 74 160 spiking 700 497 57 134 moving 766 703 75 148 standing 771 607 52 119 moving 801 736 79 195 standing 801 738 84 194 moving 964 551 33 207 blocking 976 626 47 212 blocking 995 546 74 137 standing 1313 558 61 118 waiting 1457 695 67 146 standing 
22430.jpg l-spike 1436 556 62 149 waiting 1335 656 62 157 waiting 1255 527 56 111 waiting 944 577 47 212 blocking 939 522 45 194 blocking 940 485 50 142 standing 778 575 70 179 spiking 811 614 75 116 moving 674 434 52 125 moving 617 524 78 122 moving 506 646 110 152 moving 556 571 84 147 standing
29380.jpg l-spike 1439 605 76 144 waiting 1349 756 104 151 digging 1202 588 82 101 digging 932 693 64 189 standing 905 541 48 194 blocking 909 521 64 160 blocking 780 540 82 174 spiking 681 706 99 137 standing 528 603 84 128 moving 613 515 61 134 moving 357 612 58 147 standing 412 790 73 172 moving
20305.jpg l-pass 1470 705 80 173 standing 1520 593 83 157 standing 1410 530 92 123 waiting 1169 651 55 183 standing 1144 583 65 168 standing 1149 493 44 154 standing 1077 631 57 141 standing 769 539 88 141 standing 665 699 67 185 standing 504 604 117 129 digging 420 606 85 179 standing 705 440 53 122 standing
29205.jpg l-spike 1371 559 72 144 standing 1266 687 107 157 digging 1142 577 82 124 digging 1039 680 102 174 standing 822 511 50 177 blocking 829 465 49 205 blocking 720 436 66 164 spiking 683 690 98 146 standing 662 609 74 132 standing 540 692 85 139 standing 450 714 62 158 standing 484 607 48 151 standing
17735.jpg l_set 1376 580 79 152 standing 1230 556 68 113 waiting 1279 710 97 145 standing 946 686 54 173 standing 926 593 54 151 standing 922 525 53 136 standing 752 596 42 188 setting 788 534 76 174 jumping 624 575 65 142 standing 636 504 72 110 moving 399 654 123 164 moving 501 770 108 170 moving
40730.jpg l_set 1378 676 54 149 standing 1353 598 93 155 standing 1225 584 52 127 standing 977 697 63 187 standing 974 626 62 143 standing 975 529 58 128 standing 822 625 46 190 setting 718 684 81 158 moving 628 575 76 128 moving 539 498 86 119 moving 400 660 80 138 moving 377 720 107 161 moving
22390.jpg l-pass 351 567 78 177 standing 499 653 63 177 standing 551 558 81 130 digging 638 426 57 125 standing 715 519 74 148 standing 998 610 66 150 standing 1079 494 49 158 standing 1081 554 61 176 standing 1109 583 55 177 standing 1395 629 68 169 standing 1356 503 58 141 standing 1519 577 100 168 standing
20335.jpg l_set 1321 522 73 126 waiting 1299 705 107 143 waiting 1486 571 70 157 standing 1021 642 69 162 standing 1013 590 64 136 standing 1014 491 52 128 standing 913 574 61 157 setting 844 592 57 187 moving 688 609 87 165 moving 651 447 81 112 moving 481 579 108 161 moving 550 537 89 120 moving
29275.jpg r-pass 457 708 64 155 standing 431 624 53 157 standing 527 585 68 136 standing 744 549 55 161 standing 805 637 85 160 standing 876 699 49 158 standing 994 588 77 170 standing 1123 614 119 96 falling 1195 576 77 103 waiting 1199 681 80 186 standing 1325 564 60 145 digging 1325 572 97 75 falling
17925.jpg r_spike 1255 631 81 170 standing 1265 542 85 152 moving 1189 579 80 137 standing 1158 693 54 175 standing 1042 608 82 113 waiting 1121 465 60 159 spiking 975 456 55 217 blocking 853 637 50 152 standing 564 541 92 122 waiting 598 715 83 158 standing 395 638 77 147 waiting
28950.jpg r-pass 1782 538 82 136 standing 1594 630 75 152 standing 1242 764 186 66 falling 1272 577 90 105 waiting 1221 622 100 134 moving 1178 587 62 133 standing 1105 622 54 168 standing 979 695 77 155 standing 1038 576 60 147 standing 838 565 37 135 standing 740 617 47 152 standing 652 702 62 170 standing
22195.jpg r-pass 1252 515 67 146 standing 1107 609 70 137 waiting 969 612 65 125 waiting 906 535 41 142 digging 712 507 57 155 standing 702 481 97 136 moving 628 509 43 152 standing 561 602 62 179 moving 475 532 72 125 moving 347 560 52 156 standing 312 599 67 157 standing 10 712 62 155 moving
22295.jpg r-pass 1312 695 92 142 falling 1369 694 65 110 falling 1352 562 99 157 standing 1208 472 69 137 standing 1117 632 115 123 falling 1105 567 77 117 waiting 971 545 57 139 standing 921 564 83 156 standing 826 638 61 156 standing 569 511 73 130 standing 455 622 78 161 standing 359 576 97 157 standing
29075.jpg l_set 331 657 66 160 standing 474 517 95 126 moving 523 582 52 142 standing 622 692 62 152 moving 535 805 97 184 standing 718 641 71 187 setting 881 534 45 153 standing 875 609 61 163 standing 882 685 51 205 standing 1158 600 82 92 waiting 1266 728 86 166 waiting 1394 623 67 151 waiting
20235.jpg r-pass 1615 817 86 236 moving 1493 695 79 192 digging 1256 542 60 152 standing 1150 709 79 196 standing 1127 629 71 178 standing 1077 505 51 157 standing 894 651 83 154 standing 740 559 39 154 standing 734 507 49 134 standing 655 693 63 171 standing 526 560 56 144 standing 472 610 67 180 standing
29125.jpg r_spike 1185 582 81 134 moving 1134 681 98 143 moving 807 698 90 162 moving 814 610 66 96 waiting 640 527 68 206 spiking 632 596 92 118 standing 576 593 50 148 standing 568 733 74 175 standing 445 631 57 132 waiting 269 637 58 144 waiting 295 834 78 185 moving 253 782 116 161 standing
17840.jpg r_spike 1496 570 85 161 standing 1406 613 54 163 standing 1413 575 90 118 moving 1257 453 56 156 spiking 1211 587 63 158 standing 1296 721 65 194 moving 983 649 60 142 waiting 1106 472 52 193 blocking 1103 444 52 186 blocking 721 536 84 123 standing 708 709 83 150 standing 542 632 82 136 waiting
29230.jpg r-pass 1046 612 80 115 falling 1095 682 95 190 standing 1296 630 68 164 standing 1265 596 154 94 falling 803 542 48 146 standing 821 534 70 120 standing 714 664 64 175 standing 562 680 53 160 standing 365 701 63 170 standing 454 584 53 149 standing 683 521 57 137 moving 643 583 71 127 standing
17755.jpg l-spike 1356 587 69 152 waiting 1153 559 80 119 waiting 1295 704 88 147 waiting 822 590 63 197 blocking 805 535 62 177 blocking 816 547 114 134 standing 719 592 81 138 standing 700 506 42 147 standing 452 620 85 144 waiting 513 562 130 205 spiking 575 612 58 144 standing 666 748 76 174 standing
28930.jpg r_spike 1721 620 87 156 standing 1368 667 87 171 standing 1231 575 52 160 standing 1218 543 51 125 standing 1173 605 57 150 spiking 1126 602 52 199 blocking 1081 600 50 152 moving 946 697 101 155 standing 753 556 85 130 standing 696 632 55 152 standing 642 713 68 164 standing
17780.jpg r-pass 1304 645 119 120 waiting 1191 712 115 122 falling 1135 560 83 125 moving 940 568 77 139 standing 795 653 75 151 moving 817 611 73 161 standing 720 712 55 175 standing 649 644 95 150 standing 717 590 43 157 standing 735 547 55 150 standing 501 642 42 143 standing 372 600 59 154 standing
17855.jpg r-pass 583 631 65 149 waiting 755 696 107 154 standing 848 531 65 123 waiting 969 646 103 119 standing 1167 498 45 139 standing 1166 494 50 158 standing 1256 516 87 123 standing 1218 600 95 149 waiting 1371 580 64 122 digging 1276 671 79 164 standing 1430 642 86 151 digging 1524 587 62 156 waiting
29210.jpg l-spike 1362 547 76 157 standing 1293 665 71 171 standing 1110 566 57 135 standing 1067 672 70 190 standing 809 496 32 170 blocking 806 446 46 179 blocking 723 467 54 158 spiking 666 681 101 155 standing 522 681 86 147 standing 671 587 59 132 standing 427 705 69 167 standing 465 594 46 156 standing
29245.jpg r_set 336 702 69 169 standing 415 596 44 157 standing 590 579 64 133 standing 725 536 70 152 standing 733 664 61 175 standing 620 695 60 157 standing 816 551 75 159 standing 872 542 68 117 waiting 1055 558 62 172 falling 1157 589 154 69 falling 1274 613 86 151 standing 1144 700 81 189 standing
22090.jpg l-pass 1326 556 99 175 standing 1279 643 81 169 standing 1182 663 55 180 standing 1183 580 99 157 digging 1174 524 69 147 waiting 1102 459 75 155 standing 1023 615 55 198 jumping 985 627 55 186 jumping 830 545 86 136 waiting 577 666 72 172 standing 510 531 95 119 standing 406 610 78 158 digging
29050.jpg l-pass 1414 640 71 154 standing 1325 709 74 165 standing 1288 593 72 117 standing 1003 671 46 188 standing 989 636 54 166 standing 1001 557 40 146 standing 936 721 43 150 standing 696 797 101 103 falling 667 656 83 146 moving 535 606 57 136 standing 562 529 60 153 standing 407 675 45 163 standing
22420.jpg l_set 1467 561 69 146 standing 1315 635 62 152 waiting 1276 515 65 122 waiting 970 612 68 178 blocking 969 576 48 157 blocking 966 482 54 133 standing 855 562 61 159 setting 786 592 62 188 moving 566 518 58 118 moving 586 425 95 114 moving 428 568 129 155 moving 504 647 59 159 standing
17730.jpg l_set 1382 573 64 152 standing 1247 550 67 120 waiting 1285 699 63 155 standing 971 666 50 177 standing 953 575 48 165 standing 948 520 48 138 standing 805 562 62 142 standing 771 584 58 186 setting 637 564 62 143 standing 615 498 82 112 moving 375 650 90 164 moving 446 761 136 179 moving
20355.jpg l-spike 1319 538 71 153 standing 1194 652 90 176 standing 1158 527 74 111 digging 859 488 68 151 standing 859 560 40 205 blocking 855 618 47 176 standing 750 646 75 206 jumping 691 646 62 147 moving 669 486 100 159 spiking 677 479 45 166 standing 568 545 88 122 standing 517 565 53 177 standing
40765.jpg r-pass 1404 619 90 142 digging 1382 705 79 114 falling 1241 562 99 99 digging 911 563 96 129 standing 830 622 58 149 standing 835 560 51 170 blocking 757 706 67 168 standing 725 635 60 129 standing 692 603 43 119 standing 657 523 56 124 standing 614 719 100 151 standing 502 657 47 146 standing
22080.jpg r_spike 332 617 72 154 waiting 492 518 62 125 standing 450 668 91 172 waiting 770 550 77 129 standing 916 574 71 193 blocking 936 602 49 197 blocking 1077 455 68 150 standing 1093 527 68 142 standing 1161 581 71 165 standing 1090 631 99 168 spiking 1246 548 64 153 standing 1235 641 63 163 standing
29165.jpg l_set 1275 605 55 145 standing 1166 652 65 158 standing 1111 575 70 138 standing 925 666 59 188 standing 858 613 63 162 standing 873 561 51 144 standing 767 677 58 181 standing 675 549 87 148 standing 600 697 127 80 falling 535 712 60 117 falling 472 653 137 132 digging 289 791 110 165 standing
20300.jpg l-pass 1480 710 90 172 standing 1507 597 53 169 standing 1410 526 88 125 waiting 1175 652 54 181 standing 1143 582 64 170 standing 1140 499 53 148 standing 1080 627 57 147 standing 767 531 64 150 standing 711 440 47 124 standing 663 703 56 184 standing 431 615 89 173 standing 504 604 100 130 digging
22170.jpg l-spike 7 714 88 164 standing 297 604 58 159 standing 405 694 92 202 moving 438 585 78 137 standing 516 532 62 128 standing 546 404 81 173 spiking 731 416 43 214 blocking 949 651 95 162 standing 1032 494 89 127 moving 1248 634 76 159 standing 1309 514 67 153 standing
28970.jpg r-pass 614 707 78 160 standing 699 627 75 153 standing 786 585 48 133 standing 990 576 76 159 standing 1057 619 60 178 standing 965 700 79 149 standing 1146 572 64 166 standing 1156 662 73 118 digging 1207 738 146 94 falling 1215 562 101 125 standing 1374 652 74 154 standing 1578 564 55 142 standing
22095.jpg l-pass 415 584 79 180 digging 500 514 84 136 standing 578 652 72 180 standing 835 536 107 136 standing 1033 677 56 159 standing 925 646 125 186 standing 1098 474 75 144 standing 1208 519 56 169 standing 1188 555 79 170 standing 1198 647 60 195 standing 1332 633 56 177 standing 1339 555 102 182 standing
17810.jpg r_set 592 702 72 158 standing 616 616 51 169 standing 576 573 66 134 waiting 944 556 58 155 standing 930 606 63 163 standing 936 707 66 179 standing 1154 651 72 177 standing 1186 736 87 195 standing 1221 506 70 117 moving 1226 559 72 183 setting 1310 661 104 84 falling 1438 598 86 163 standing
29370.jpg l_set 373 584 72 150 standing 538 602 46 128 standing 556 512 94 124 moving 807 619 75 143 standing 790 643 82 181 setting 976 540 43 134 standing 969 605 57 149 blocking 977 688 60 194 standing 1261 594 81 96 waiting 1386 742 78 166 waiting 1521 631 72 133 waiting 249 790 137 170 moving
17700.jpg l-pass 484 593 79 174 standing 743 639 80 113 moving 852 471 65 184 setting 925 494 88 137 moving 956 532 53 144 standing 957 661 81 146 moving 1149 503 41 150 standing 1145 574 67 158 standing 1160 622 56 174 standing 1335 508 74 145 standing 1399 655 73 158 standing 1440 559 67 159 standing
29105.jpg l-spike 336 881 87 197 standing 308 743 84 159 standing 289 643 59 153 standing 427 618 66 135 standing 489 465 94 183 spiking 573 774 81 194 standing 763 694 79 170 standing 656 493 53 185 blocking 647 508 65 213 blocking 918 567 82 124 digging 1138 711 86 168 standing 1192 567 83 146 standing
29140.jpg l-pass 315 795 67 190 standing 328 637 60 143 waiting 430 734 75 160 standing 520 674 72 75 falling 655 583 47 158 standing 623 695 91 158 standing 722 560 86 146 standing 719 591 43 168 standing 870 663 87 178 standing 917 591 49 135 standing 1061 646 87 161 standing 1184 583 58 143 standing
22230.jpg r_set 377 554 54 163 standing 449 502 95 107 standing 451 639 60 153 standing 690 677 86 147 standing 859 520 51 147 standing 866 532 46 165 standing 1034 537 67 159 standing 1027 580 74 164 standing 1173 421 52 131 standing 1270 533 76 159 standing 1294 633 103 147 digging 1437 514 103 149 moving
22280.jpg r-pass 476 580 59 166 standing 555 639 56 163 standing 624 530 95 108 waiting 890 661 111 129 waiting 1144 545 41 157 standing 1124 568 66 170 standing 1200 543 68 122 waiting 1257 489 96 118 waiting 1225 635 86 115 falling 1429 545 73 114 standing 1445 626 55 163 moving 1504 674 87 117 digging
17930.jpg r_spike 452 637 72 146 waiting 640 524 85 132 standing 630 705 88 158 standing 871 622 73 126 standing 1039 457 45 169 blocking 1027 458 58 194 blocking 1147 462 70 163 spiking 1089 611 99 114 standing 1173 673 63 181 standing 1236 572 77 143 standing 1308 520 45 148 standing 1301 627 79 165 standing
22260.jpg r_spike 389 595 76 162 standing 446 659 75 154 waiting 564 504 60 112 waiting 813 650 91 152 standing 1039 478 38 182 blocking 1023 562 59 167 blocking 1123 532 47 149 standing 1233 456 60 137 moving 1118 620 99 129 falling 1323 520 88 130 standing 1380 491 83 176 spiking 1442 643 92 169 standing
22265.jpg r_spike 418 603 70 151 waiting 484 639 68 167 standing 590 494 57 119 standing 847 633 79 158 standing 1071 457 55 199 blocking 1057 495 71 213 blocking 1135 528 62 139 standing 1250 474 63 129 moving 1146 637 98 112 falling 1358 516 81 135 standing 1386 465 70 214 spiking 1481 637 71 173 standing
20450.jpg r_spike 275 646 70 149 waiting 390 537 59 133 standing 428 729 71 167 standing 667 559 82 123 digging 863 580 59 215 blocking 855 603 68 233 blocking 991 523 54 138 moving 983 631 44 160 standing 955 636 109 194 spiking 1162 547 51 153 moving 1213 574 72 168 standing 1358 693 103 192 moving
22140.jpg l_set 1405 539 75 153 standing 1369 660 67 152 standing 1226 500 80 137 standing 967 628 58 172 standing 946 533 63 146 standing 936 491 52 143 standing 536 606 65 187 setting 513 517 61 118 standing 511 468 67 118 moving 358 593 91 165 moving 388 709 84 172 standing 269 658 71 174 standing
29015.jpg r_spike 429 740 84 161 waiting 392 660 71 161 standing 430 610 61 131 waiting 660 567 66 152 standing 735 642 103 139 standing 903 711 71 155 standing 993 623 68 167 standing 1046 624 82 157 standing 1046 547 58 141 standing 1201 682 61 177 standing 1251 603 67 180 setting 1332 591 45 148 standing
17890.jpg r_set 1357 557 56 162 standing 1242 697 67 171 standing 1232 581 61 179 setting 1172 498 60 127 moving 1117 583 83 126 standing 1075 600 73 162 standing 919 699 59 172 standing 913 555 47 164 standing 940 516 48 147 standing 589 552 70 132 standing 543 729 69 155 standing 439 609 62 166 standing
20365.jpg r-pass 422 588 59 166 standing 508 537 63 143 standing 637 498 73 139 standing 654 536 68 162 digging 553 643 86 154 standing 663 667 63 196 standing 771 632 101 172 standing 770 560 45 153 standing 772 526 49 126 standing 1084 534 55 125 falling 1239 564 84 126 digging 1143 645 100 159 digging
22385.jpg l-pass 1526 579 57 171 standing 1418 637 70 168 standing 1356 506 58 138 standing 1118 586 53 176 standing 1090 558 54 169 standing 1081 497 54 154 standing 988 592 78 166 standing 719 515 67 151 standing 654 428 64 125 standing 559 569 76 117 digging 519 658 48 173 standing 359 575 75 169 standing
28945.jpg r-pass 651 702 69 170 standing 726 617 66 156 standing 831 569 49 131 standing 979 693 76 157 standing 1108 621 59 169 standing 1043 574 70 150 standing 1224 623 78 134 moving 1189 575 53 148 standing 1260 562 86 119 waiting 1266 761 215 92 falling 1645 626 103 154 moving 1834 534 79 137 moving
41705.jpg r_spike 1332 627 60 160 standing 1151 640 99 167 standing 1058 542 65 139 standing 1080 523 68 140 standing 1261 489 43 175 spiking 1249 526 59 120 standing 974 520 66 172 blocking 965 490 62 168 blocking 753 628 77 151 standing 504 533 61 110 waiting 435 647 71 156 waiting 389 606 70 129 waiting
45660.jpg l_winpoint 874 651 89 159 moving 724 593 57 153 standing 781 624 37 114 standing 828 597 82 139 standing 889 632 82 120 standing 1048 645 51 168 standing 1088 591 60 159 standing 1188 591 62 163 standing 1342 674 59 190 standing 1381 570 50 132 standing 1469 584 65 180 standing 758 637 44 147 standing
32715.jpg l_winpoint 1291 600 60 95 falling 1228 670 52 149 standing 964 732 63 185 standing 945 590 63 146 standing 745 576 76 142 standing 708 604 45 156 standing 546 678 107 167 standing 527 640 68 160 standing 457 647 108 146 standing 420 671 73 155 standing 447 774 70 195 standing 298 767 77 143 standing
37125.jpg r_winpoint 1166 635 74 165 standing 1175 622 73 163 standing 1155 623 44 162 standing 1149 614 57 154 standing 1098 626 59 153 standing 822 605 45 133 standing 479 596 86 159 standing 454 575 74 135 standing 341 628 91 143 standing 271 699 53 160 standing 201 568 58 151 standing
33180.jpg l_winpoint 708 644 51 147 standing 682 649 65 151 standing 644 661 60 138 standing 638 646 59 145 standing 1030 563 76 136 standing 1148 532 77 130 standing 1061 589 65 171 standing 1101 654 92 159 standing 1183 684 110 174 standing 1385 715 51 176 standing
45120.jpg l_winpoint 571 621 49 137 standing 636 575 69 147 standing 646 642 81 145 standing 711 598 82 142 standing 763 557 71 137 standing 772 691 60 160 standing 907 550 59 159 standing 943 510 51 146 standing 981 680 83 182 standing 1134 636 51 147 standing 1204 578 114 56 falling 1355 526 49 155 standing
30600.jpg l_winpoint 1513 622 72 170 standing 1425 660 77 177 standing 1285 699 70 190 standing 1251 562 47 151 standing 977 593 44 162 standing 962 537 68 150 standing 665 587 60 170 standing 575 623 141 145 standing 590 619 50 142 standing 532 596 74 157 standing 544 582 70 160 standing 631 584 50 157 standing
33630.jpg r_winpoint 402 621 59 155 standing 569 589 43 133 standing 689 538 66 126 standing 793 559 72 138 standing 857 640 55 161 standing 635 694 56 152 standing 1089 652 87 183 standing 1050 572 55 164 standing 1081 612 63 159 standing 1133 592 53 153 standing 1171 635 82 167 standing 1200 613 55 156 standing
37770.jpg r_winpoint 1135 609 65 145 standing 1114 550 65 148 standing 1034 612 105 167 standing 984 595 70 153 standing 1005 555 48 168 standing 1006 537 47 140 standing 820 642 65 83 falling 761 688 87 73 falling 581 703 122 129 standing 583 567 41 137 standing 420 668 61 160 standing 395 593 82 161 standing
36510.jpg l_winpoint 1311 667 56 172 standing 1327 575 50 157 standing 1132 721 80 180 standing 1073 503 43 130 standing 873 537 55 131 standing 832 564 52 146 standing 653 602 63 144 standing 628 592 49 132 standing 575 661 93 166 standing 522 705 54 167 standing 566 612 81 113 standing 470 620 48 152 standing
35820.jpg r_winpoint 1135 648 79 144 standing 1145 587 86 184 standing 1107 610 79 157 standing 1046 650 109 163 standing 1047 599 63 162 standing 1086 616 43 162 standing 866 599 46 155 standing 810 669 66 190 standing 729 577 84 144 standing 621 562 61 167 standing 512 712 62 148 standing 423 645 67 163 standing
34245.jpg l_winpoint 1367 564 71 163 standing 1310 654 54 151 standing 1220 677 51 164 standing 1225 583 135 154 standing 1142 594 73 164 standing 1094 586 64 149 standing 506 654 55 130 standing 433 638 122 159 standing 393 646 93 156 standing 469 624 47 142 standing 434 604 47 141 standing 178 893 62 184 standing
44565.jpg r_winpoint 1238 623 90 193 standing 1214 623 72 146 standing 1262 579 60 154 standing 1204 545 76 149 standing 1073 564 59 156 standing 1054 588 67 194 standing 920 642 47 167 standing 869 684 92 163 standing 767 542 82 145 standing 686 669 50 151 standing 569 551 40 126 standing 427 677 67 125 falling
47205.jpg r_winpoint 1282 621 51 127 standing 1227 644 72 136 standing 1116 684 85 133 standing 1113 638 51 127 standing 1165 610 46 117 standing 1192 597 40 112 standing 975 638 38 127 standing 932 646 50 152 standing 810 570 62 69 falling 772 684 40 114 standing 657 597 37 101 standing 602 635 31 123 standing
34980.jpg l_winpoint 1461 610 73 160 standing 1284 597 64 155 standing 1170 582 50 144 standing 1016 787 75 175 standing 1005 744 53 185 standing 1158 1000 121 78 falling 782 712 56 160 standing 770 663 71 156 standing 772 613 55 155 standing 672 717 64 148 standing 625 684 63 141 standing 590 582 80 181 standing
41760.jpg r_winpoint 1278 630 43 155 standing 1242 515 80 161 jumping 1223 564 48 181 standing 1134 585 73 183 standing 1097 558 71 154 standing 1104 529 56 150 standing 798 600 57 137 standing 817 551 63 151 standing 807 517 72 147 standing 434 615 62 159 standing 420 544 53 125 standing 352 587 84 151 standing
40815.jpg l_winpoint 1456 668 55 157 standing 1393 583 66 160 standing 1269 552 92 117 waiting 985 618 63 156 standing 1004 593 64 153 standing 995 558 51 139 standing 586 641 111 139 standing 637 616 51 156 standing 607 601 110 137 standing 542 629 80 151 standing 531 620 56 148 standing 565 613 63 142 standing
