35056.jpg l-pass 1633 594 83 202 standing 1690 485 97 198 standing 1376 456 79 187 waiting 1034 538 87 221 standing 1069 505 50 201 standing 1071 442 53 162 standing 910 598 81 209 standing 658 479 88 197 standing 867 497 63 223 setting 298 517 74 191 standing 63 621 104 235 standing
25753.jpg r_spike 1472 513 93 160 waiting 1235 532 107 184 standing 1095 680 108 188 standing 1259 473 75 160 standing 1095 335 112 146 spiking 1035 467 87 219 jumping 845 614 154 180 waiting 929 439 60 198 blocking 952 324 40 218 blocking 497 621 95 164 digging 342 568 90 184 standing 443 471 62 122 digging
10464.jpg r-pass 1633 633 87 187 waiting 1568 595 85 115 falling 1496 513 89 129 setting 1317 442 56 162 moving 1246 394 92 150 standing 1095 459 90 163 standing 878 565 51 197 standing 870 500 60 193 standing 857 473 47 174 standing 477 473 67 191 standing 377 610 99 195 standing 263 502 93 198 standing
23470.jpg r_spike 1471 474 64 169 standing 1212 432 87 172 moving 1187 605 119 200 moving 1042 475 75 195 standing 1083 295 80 207 spiking 1177 307 62 134 standing 905 330 75 220 blocking 916 329 62 192 blocking 762 559 86 177 moving 535 426 97 152 standing 430 612 117 187 waiting 280 527 87 193 waiting
25788.jpg l-pass 1452 561 82 162 standing 1352 461 67 138 waiting 1183 552 60 187 standing 1047 584 56 194 standing 1026 486 61 200 standing 1025 442 64 161 standing 804 405 80 139 standing 845 377 62 142 standing 567 611 127 212 standing 651 588 81 172 standing 392 592 132 110 digging 469 444 65 150 moving
37300.jpg r_spike 1405 655 123 203 moving 1313 550 135 145 moving 1142 709 134 187 moving 1012 492 110 218 spiking 1121 485 77 167 standing 1135 414 100 135 moving 875 591 61 229 blocking 892 465 47 282 blocking 873 460 72 153 standing 339 651 94 184 waiting 282 551 87 179 standing 350 521 77 135 waiting
37195.jpg l_set 1588 670 120 202 waiting 1359 554 85 166 standing 1326 491 70 140 standing 985 612 71 193 standing 980 550 66 161 standing 949 489 109 133 standing 840 560 84 243 setting 692 662 115 196 standing 650 384 89 135 moving 469 480 84 154 standing 388 575 78 172 moving 276 672 160 213 moving
37200.jpg l_set 306 690 157 198 moving 414 571 143 164 moving 515 473 56 163 standing 696 391 63 127 moving 842 557 78 248 setting 734 634 118 229 standing 977 632 69 204 standing 972 563 73 190 standing 954 477 98 144 standing 1344 493 88 150 waiting 1424 541 89 167 standing 1578 656 117 212 standing
37320.jpg l-pass 1291 598 63 205 standing 1174 574 111 149 waiting 1210 498 81 157 waiting 1027 440 77 162 standing 996 563 64 199 standing 1010 680 87 214 standing 859 583 72 182 standing 872 516 97 235 standing 782 478 109 145 waiting 301 568 68 185 standing 366 637 84 197 standing 374 569 107 76 falling
25733.jpg r_set 370 536 75 175 waiting 454 467 50 165 standing 484 599 70 188 waiting 890 590 128 189 waiting 914 479 75 190 blocking 916 450 55 173 standing 1144 541 111 173 standing 1186 360 68 205 setting 1253 400 115 132 moving 1463 552 124 162 moving 1546 510 89 158 standing 1416 724 172 178 moving
25843.jpg l-spike 540 552 161 89 falling 669 507 108 109 moving 669 572 92 156 waiting 713 581 138 207 spiking 834 455 100 173 standing 759 375 68 156 standing 952 533 65 214 standing 960 522 51 276 blocking 1043 434 95 144 moving 1388 472 66 135 digging 1383 655 129 198 waiting 1573 517 109 143 waiting
57786.jpg l-spike 1490 627 89 196 waiting 1477 447 66 145 waiting 1681 528 78 179 waiting 1006 551 71 190 standing 921 327 89 256 blocking 942 314 60 230 blocking 736 285 93 227 spiking 676 496 74 180 standing 808 493 67 219 standing 712 639 127 200 moving 543 639 121 232 standing 371 494 104 146 standing
10569.jpg l_set 1491 489 59 192 standing 1405 500 105 178 standing 1449 610 64 190 standing 1029 557 63 201 standing 1037 520 55 198 standing 997 452 85 166 standing 848 610 77 203 standing 722 651 86 208 moving 353 596 112 231 digging 398 490 95 170 standing 374 450 99 174 standing 645 395 64 143 moving
10664.jpg r_set 357 650 101 192 waiting 317 498 64 197 standing 517 443 60 173 standing 890 466 50 193 standing 884 499 71 207 blocking 884 610 79 188 standing 1084 561 86 193 standing 1144 445 76 209 setting 1164 420 124 134 moving 1476 545 97 176 moving 1606 573 87 189 standing 1250 705 201 188 moving
57756.jpg l_set 1691 496 65 187 standing 1445 474 69 168 standing 1576 618 76 199 standing 993 576 80 202 standing 984 507 72 202 standing 986 423 84 166 standing 787 450 129 238 jumping 721 504 66 262 setting 518 374 88 138 moving 378 514 127 165 moving 384 470 64 165 standing 317 688 123 216 standing
23670.jpg l-spike 1579 486 90 170 waiting 1381 603 112 178 waiting 1291 409 96 152 moving 1102 602 154 165 digging 935 284 71 287 blocking 805 307 99 159 spiking 831 490 59 189 standing 787 513 113 146 waiting 579 425 91 179 moving 636 524 76 205 standing 474 577 71 219 moving 931 279 60 243 blocking
37290.jpg r_set 1232 395 85 146 standing 1409 535 92 151 standing 1258 738 178 190 moving 1471 698 92 232 moving 1070 562 115 241 standing 1111 417 71 206 setting 857 620 64 200 standing 869 546 77 213 standing 868 465 67 157 standing 344 650 97 194 waiting 280 542 112 186 standing 333 524 87 101 waiting
23495.jpg l-pass 262 505 70 198 standing 401 568 96 192 standing 682 470 91 212 setting 672 465 63 165 standing 811 445 125 151 standing 848 384 69 171 moving 1003 479 56 191 standing 1012 415 83 147 standing 1036 536 70 179 standing 1209 442 88 187 standing 1476 520 69 155 standing
25963.jpg r_spike 1166 584 98 192 standing 1144 462 71 175 standing 964 468 125 257 spiking 1000 504 79 165 standing 902 450 87 177 standing 779 544 70 225 blocking 798 449 51 258 blocking 386 624 73 172 waiting 320 480 105 143 standing 138 564 83 183 waiting
23720.jpg r_set 1494 511 140 173 moving 1428 631 92 207 standing 1275 603 128 197 moving 1196 343 73 223 setting 1085 370 120 127 moving 1071 394 57 173 standing 849 414 63 170 standing 845 489 78 198 standing 814 538 53 192 standing 458 423 125 185 standing 422 491 51 191 standing 318 567 91 202 waiting
37360.jpg r-pass 349 538 75 199 standing 421 620 172 93 falling 367 647 153 223 standing 851 539 89 178 waiting 868 488 74 189 standing 780 410 69 153 moving 975 434 116 149 standing 983 481 69 183 standing 992 656 151 184 waiting 1194 504 74 159 standing 1331 624 99 181 waiting 1452 604 98 120 falling
25818.jpg l_set 1552 532 76 154 waiting 1403 462 68 140 waiting 1358 612 74 207 standing 995 585 87 175 standing 989 481 68 201 blocking 959 438 97 141 standing 751 458 85 157 moving 719 367 69 124 moving 690 504 80 219 setting 599 575 172 89 falling 589 447 59 165 standing 486 675 131 223 standing
23755.jpg r_spike 1455 598 119 169 moving 1265 405 73 137 moving 1175 545 87 198 standing 1015 548 157 218 spiking 1045 491 99 189 standing 1034 414 70 155 standing 888 508 79 276 blocking 880 466 80 267 blocking 790 491 77 155 standing 435 421 127 167 standing 265 637 95 198 waiting 183 535 105 174 waiting
23445.jpg r_set 1492 663 140 211 moving 1433 498 66 167 waiting 1444 448 100 171 moving 1203 396 126 152 moving 1138 480 95 190 standing 1080 270 57 203 setting 866 557 59 182 standing 856 479 67 190 standing 862 440 51 169 standing 401 640 122 176 waiting 437 427 67 161 standing 292 507 75 188 standing
37345.jpg l-spike 1367 536 60 167 waiting 1317 604 61 212 standing 1239 482 65 153 standing 1005 638 123 189 standing 992 523 64 184 standing 977 445 84 156 digging 895 504 69 206 standing 861 462 70 246 spiking 733 415 76 125 standing 445 632 152 93 falling 309 548 83 194 standing 301 652 127 234 standing
37165.jpg l-pass 1457 624 87 218 standing 1202 517 94 170 standing 1138 642 87 140 standing 1038 622 65 213 standing 1026 542 134 170 standing 1035 471 66 191 standing 896 621 77 198 standing 831 604 143 196 standing 404 530 85 139 waiting 341 606 100 136 digging 316 641 81 217 standing 699 414 77 158 standing
35081.jpg l_set 1657 500 91 180 waiting 1476 582 66 193 waiting 1325 447 90 167 waiting 983 432 80 188 standing 958 526 48 178 blocking 968 550 70 227 blocking 847 479 65 244 setting 739 492 99 215 standing 697 595 122 192 standing 562 348 111 148 moving 364 510 173 175 moving 254 659 122 197 moving
23575.jpg l-spike 1607 467 97 171 waiting 1591 608 136 181 moving 1358 436 67 158 waiting 1164 441 86 169 moving 950 520 68 273 blocking 914 474 102 264 blocking 763 558 107 197 digging 697 535 131 259 spiking 689 534 75 192 standing 727 383 70 179 standing 562 535 68 198 standing 340 509 76 209 standing
23690.jpg r-pass 1639 494 81 191 standing 1326 627 104 163 waiting 1116 519 158 249 setting 1204 412 78 158 standing 952 383 59 166 standing 925 359 51 182 standing 834 485 61 204 standing 767 502 113 154 standing 798 391 80 127 standing 631 519 115 196 standing 651 397 84 188 standing 420 529 75 217 standing
30295.jpg r_set 1507 536 80 167 moving 1394 486 97 147 moving 1282 607 104 179 moving 1322 390 109 136 moving 1143 366 57 201 setting 998 533 72 184 moving 813 580 113 196 standing 826 500 78 178 standing 837 437 64 155 standing 395 610 80 172 standing 338 469 68 153 standing 188 544 61 179 standing
10629.jpg r-pass 430 612 88 209 standing 430 465 54 189 standing 646 455 133 155 standing 887 435 40 174 standing 871 467 49 179 standing 817 559 69 187 standing 958 358 77 228 setting 1142 422 96 161 standing 1057 461 86 181 standing 1032 558 91 180 standing 1416 568 76 180 standing 1609 491 53 190 standing
10499.jpg r_set 283 657 108 178 waiting 311 533 91 188 waiting 482 462 77 152 standing 861 496 60 174 standing 860 539 77 199 standing 866 612 74 182 standing 1203 493 72 191 standing 1178 526 112 210 setting 1307 404 123 144 moving 1525 454 63 173 standing 1638 588 89 102 falling 1432 717 177 199 moving
23535.jpg l_set 522 521 92 187 digging 193 630 110 224 standing 376 494 86 196 standing 546 473 65 155 standing 706 335 61 140 standing 858 472 68 203 standing 961 437 111 164 waiting 992 486 76 197 standing 1016 537 76 202 standing 1440 377 64 176 standing 1532 463 86 198 standing 1576 628 87 189 standing
26003.jpg r-pass 317 531 96 204 standing 494 478 65 177 standing 592 594 93 180 standing 728 446 90 159 standing 804 540 117 171 standing 844 562 87 214 standing 1005 462 89 154 standing 990 617 118 115 falling 1010 735 155 132 falling 1111 516 81 194 standing 1169 487 101 174 standing 1542 540 93 166 standing
30320.jpg r_spike 202 542 76 162 standing 319 471 63 114 standing 378 649 97 150 waiting 784 571 119 190 standing 885 338 44 228 blocking 870 356 62 232 blocking 959 515 82 195 standing 1110 639 140 213 moving 1100 328 116 160 spiking 1263 479 103 153 standing 1202 491 61 168 standing 1481 513 60 144 waiting
10524.jpg r_spike 297 546 107 168 waiting 372 649 107 184 standing 531 456 82 165 standing 790 483 65 155 moving 896 518 69 288 blocking 901 562 68 278 blocking 1126 425 82 148 moving 1092 554 92 183 standing 1068 595 152 210 spiking 1346 509 126 180 moving 1549 571 116 127 moving 1554 640 156 187 moving
37245.jpg r-pass 498 491 61 166 standing 629 532 91 196 standing 651 620 76 188 standing 616 641 95 233 standing 750 671 83 229 standing 791 461 95 175 moving 962 679 138 198 standing 1070 620 82 221 standing 1173 422 78 160 standing 1249 500 105 158 moving 1386 726 133 176 digging 1607 611 93 167 waiting
23780.jpg l-pass 240 530 84 177 digging 323 593 105 231 standing 438 487 126 143 falling 747 503 105 168 standing 904 629 75 247 standing 834 663 97 230 standing 1019 417 106 189 standing 1029 503 83 208 standing 1089 700 89 238 standing 1171 581 77 228 standing 1334 398 55 172 standing 1377 574 94 187 standing
25858.jpg r-pass 550 488 91 174 standing 566 513 71 171 moving 625 587 83 137 waiting 709 391 66 168 standing 773 488 117 177 standing 819 627 88 219 standing 906 532 136 289 blocking 928 567 123 239 jumping 1122 433 117 158 standing 1319 488 135 136 digging 1350 623 86 222 standing 1613 551 107 149 waiting
35101.jpg l-spike 514 639 106 217 standing 528 574 72 184 standing 666 485 80 179 standing 785 493 114 220 standing 734 562 133 196 standing 712 281 85 200 spiking 909 365 54 195 blocking 907 466 48 244 blocking 894 558 153 185 standing 1330 441 70 151 standing 1308 594 93 168 standing 1679 535 88 168 waiting
37210.jpg l-spike 455 683 111 196 standing 583 544 90 186 standing 522 471 65 176 standing 721 385 74 152 moving 796 650 127 178 standing 786 547 108 254 spiking 959 489 80 154 standing 959 543 60 251 blocking 1383 498 77 145 standing 1505 562 107 150 waiting 1549 660 92 206 standing
23605.jpg l-pass 1386 558 77 187 standing 1527 408 78 178 standing 1131 424 80 153 standing 956 466 125 156 standing 1054 637 88 241 moving 985 591 88 234 standing 849 629 104 219 standing 726 562 70 202 standing 817 518 88 169 standing 811 479 98 121 digging 585 553 76 212 standing 290 510 60 225 standing
25908.jpg r-pass 6 526 51 198 standing 53 618 100 190 standing 425 466 41 149 standing 427 520 44 203 standing 436 578 59 224 standing 814 614 98 230 standing 885 735 138 214 standing 1139 617 135 215 standing 908 381 66 149 standing 1185 410 58 165 standing 1672 470 81 174 digging
10544.jpg l-pass 1577 585 110 205 standing 1384 603 95 186 standing 1272 514 100 198 standing 1039 658 67 208 standing 1064 561 116 180 standing 1032 468 95 167 standing 959 653 45 228 standing 902 649 93 204 standing 660 453 113 153 standing 497 447 124 193 setting 351 465 128 196 digging 442 630 100 215 waiting
25988.jpg r-pass 291 539 69 203 standing 474 480 87 160 standing 572 603 88 171 waiting 759 466 60 143 standing 855 509 76 218 standing 877 560 68 204 standing 989 455 84 169 standing 988 581 77 159 digging 1093 527 89 183 standing 1165 491 104 170 standing 1109 679 168 102 falling 1685 516 92 163 standing
10689.jpg r_spike 1586 584 79 173 waiting 1363 591 93 185 standing 1296 582 96 216 standing 1021 562 134 260 spiking 1007 611 73 211 standing 1116 429 75 163 standing 496 463 93 173 standing 316 680 120 205 waiting 294 525 116 170 waiting 851 501 75 153 moving 941 550 68 268 blocking 919 503 86 263 blocking
23650.jpg l_set 1498 455 73 178 waiting 1430 560 85 179 waiting 1317 439 81 143 waiting 983 583 85 188 standing 955 495 67 180 standing 930 412 87 156 standing 805 538 79 181 standing 817 391 56 254 setting 726 367 107 145 moving 571 538 69 205 standing 508 608 110 233 standing 366 451 108 211 moving
