32185.jpg r_set 156 329 60 134 standing 438 407 52 201 standing 478 337 46 159 blocking 984 284 80 133 moving 1066 338 109 171 moving 857 498 120 201 moving 823 392 72 172 standing 634 297 53 198 setting 682 335 88 147 moving 27 430 99 181 waiting
28555.jpg l_set 52 433 50 164 standing 159 395 72 133 standing 491 412 64 148 standing 502 348 45 117 digging 646 330 56 109 moving 669 367 47 147 standing 756 385 43 133 standing 774 404 52 150 standing 1058 351 52 117 standing 1097 382 76 143 moving 1075 447 66 143 standing
23015.jpg r_spike 23 385 71 129 waiting 154 453 73 139 waiting 210 335 73 114 waiting 374 343 80 114 waiting 599 330 35 225 blocking 798 378 77 179 spiking 889 413 94 122 moving 1060 366 65 141 digging 963 342 60 133 standing 716 389 82 131 digging 718 334 73 103 standing
28670.jpg r_set 812 491 106 176 moving 894 433 85 147 moving 966 339 63 130 moving 1005 379 85 150 moving 663 320 54 178 setting 664 398 66 141 standing 1 410 72 145 standing 220 359 49 85 standing 210 430 52 164 standing 529 356 34 148 blocking 511 387 49 154 standing 488 427 49 159 standing
58555.jpg l_set 177 385 96 160 moving 275 506 124 202 moving 309 369 57 134 standing 732 444 55 166 standing 723 353 68 155 standing 541 389 81 169 standing 977 362 57 145 standing 1208 389 65 160 standing 1162 487 88 172 standing 440 347 57 142 digging 514 360 53 209 setting
22945.jpg r-pass 884 399 77 131 standing 973 350 57 131 waiting 313 413 65 165 standing 248 365 71 141 standing 400 385 58 136 standing 448 300 49 120 standing 724 334 66 103 standing 589 330 51 122 digging 553 388 38 144 standing 543 371 55 147 standing 481 398 41 147 standing
28760.jpg l-spike 604 354 63 120 moving 147 367 58 146 standing 223 378 53 158 standing 408 317 71 114 standing 457 367 42 119 standing 909 344 58 127 standing 237 393 78 182 digging 530 357 53 215 blocking 1018 471 75 131 waiting 1033 381 58 146 waiting
35165.jpg l_set 364 322 54 167 digging 548 334 61 125 standing 629 350 55 133 standing 111 445 66 181 standing 180 402 51 137 waiting 444 453 109 80 falling 736 371 55 142 standing 725 347 37 125 standing 856 459 106 168 moving 908 444 68 148 standing 971 384 63 153 standing 1070 371 72 144 standing
34310.jpg r-pass 144 375 72 152 standing 322 401 44 180 standing 297 317 48 142 standing 473 327 48 136 standing 629 420 70 177 standing 864 362 92 181 setting 818 363 70 160 digging 759 350 52 149 standing 937 333 74 135 standing 1218 357 60 160 moving 890 443 67 181 standing
29195.jpg r_spike 1 425 68 115 waiting 61 439 89 172 waiting 175 337 83 130 waiting 552 406 85 157 standing 752 410 74 173 standing 850 422 54 187 standing 1000 422 86 158 standing 883 343 62 157 standing 915 323 98 166 spiking 1007 311 77 150 standing 638 303 63 185 blocking
26980.jpg r_set 922 467 114 184 moving 831 311 52 145 standing 989 370 102 116 moving 1074 404 120 154 moving 583 406 80 127 standing 553 350 44 156 spiking 220 357 58 122 standing 67 381 57 139 standing 75 406 71 156 standing 450 419 54 148 standing 478 371 57 151 blocking
44390.jpg l_set 291 472 71 167 moving 387 393 71 175 setting 330 357 120 155 standing 444 299 80 117 moving 582 328 58 160 standing 499 461 97 75 falling 766 321 47 150 standing 756 371 46 153 standing 776 425 57 175 standing 1023 330 70 142 standing 1102 455 92 156 standing 1242 387 32 156 standing
44340.jpg l-spike 221 466 94 184 moving 344 406 103 144 standing 379 316 60 118 standing 531 424 65 161 standing 430 300 71 131 spiking 523 311 45 154 blocking 857 442 54 137 waiting 1004 370 58 133 waiting 832 347 52 103 waiting
35120.jpg r_spike 751 459 60 171 standing 809 425 45 140 standing 869 395 65 144 standing 918 363 54 119 standing 730 387 56 132 standing 472 412 87 116 standing 720 265 46 169 spiking 604 278 59 172 blocking 171 392 69 120 waiting 267 350 57 112 waiting 253 458 97 132 waiting
28690.jpg l-pass 108 424 60 125 digging 206 448 88 153 digging 336 377 97 127 digging 546 441 99 139 standing 623 342 68 170 blocking 717 385 60 137 standing 772 359 61 134 standing 840 470 77 184 standing 885 430 58 142 standing 936 385 52 153 standing 990 345 77 127 standing
28870.jpg r_spike 66 450 68 164 standing 103 368 55 113 standing 335 377 57 147 waiting 363 452 79 161 moving 390 402 63 139 waiting 1155 378 68 173 standing 903 432 79 162 standing 869 343 54 147 standing 686 427 48 161 standing 717 385 69 162 standing 675 376 49 154 spiking
29020.jpg l-pass 124 387 52 118 falling 318 402 80 154 standing 386 302 56 160 setting 493 432 99 158 moving 586 378 62 137 standing 872 455 69 184 standing 972 366 60 161 standing 710 378 52 161 standing 683 367 43 146 standing 835 326 54 137 standing 894 414 47 143 moving
34110.jpg r-pass 179 421 57 118 waiting 273 418 39 135 standing 1060 388 34 141 standing 577 395 42 114 standing 487 436 41 143 standing 485 383 37 100 standing 717 402 82 110 standing 882 454 45 112 digging 929 472 64 128 digging 932 378 46 113 standing 148 351 57 122 standing
27180.jpg r_spike 174 418 109 174 moving 237 311 74 139 standing 451 340 82 147 waiting 610 361 49 205 blocking 717 282 60 168 standing 745 361 60 141 standing 811 343 82 188 spiking 938 416 88 148 waiting 999 359 78 162 digging 1085 316 107 125 moving
32210.jpg r_spike 904 215 85 168 spiking 794 426 71 195 standing 648 236 34 210 blocking 135 361 72 119 waiting 161 408 72 158 waiting 496 387 72 142 moving 935 395 65 154 standing 901 336 51 167 standing 986 325 61 151 standing 707 325 55 126 standing 237 302 80 108 waiting
27085.jpg l-spike 110 374 56 150 standing 258 329 103 170 spiking 443 351 50 137 digging 434 313 74 129 standing 727 313 74 137 standing 1046 367 60 137 waiting 976 437 82 129 waiting 958 325 49 113 waiting 546 294 60 217 blocking 341 448 100 137 waiting
34210.jpg r-pass 50 434 80 172 standing 127 356 68 143 standing 266 313 78 145 standing 1066 430 60 150 standing 821 432 68 154 standing 821 375 86 131 standing 727 359 70 131 standing 943 322 56 197 spiking 624 415 41 154 standing 651 390 50 185 standing 1145 412 101 133 digging
22855.jpg r-pass 213 393 98 119 moving 288 427 119 132 moving 363 335 62 108 standing 588 420 96 149 standing 609 368 68 138 standing 585 335 53 130 standing 820 362 43 153 standing 767 488 60 190 standing 797 311 74 144 standing 1102 422 68 144 digging 1095 360 82 155 standing 961 411 97 163 digging
35145.jpg l-pass 251 443 82 148 standing 203 396 60 135 standing 344 353 58 120 standing 501 450 69 73 falling 657 350 38 131 standing 764 382 56 131 standing 746 339 56 124 standing 980 368 56 120 waiting 970 393 73 150 standing 851 426 54 129 standing 876 450 94 171 standing 642 348 38 111 standing
22920.jpg l_set 1141 362 75 145 digging 1052 440 75 147 standing 845 357 64 142 standing 664 313 56 130 standing 642 403 60 165 standing 565 303 53 196 setting 466 379 70 159 standing 406 291 51 112 moving 349 324 68 138 standing 225 369 98 131 moving 194 455 116 177 moving
32275.jpg l_set 7 427 126 186 moving 140 322 90 161 standing 354 322 73 158 standing 475 256 77 122 moving 557 305 69 220 setting 809 374 43 197 standing 794 328 62 197 blocking 844 290 43 143 standing 1090 289 88 158 standing 1176 424 86 163 waiting
70160.jpg l-pass 93 426 58 150 standing 317 392 54 124 standing 512 461 101 150 moving 634 424 43 150 standing 526 362 54 124 moving 568 401 43 161 standing 970 459 131 148 moving 999 380 69 150 standing 736 357 54 133 standing 813 367 47 118 standing 852 500 65 171 moving 276 439 47 161 digging
27140.jpg r_set 955 365 83 49 falling 1006 353 103 142 moving 860 398 80 148 standing 637 272 66 150 spiking 681 364 91 150 standing 746 447 97 176 standing 82 326 55 119 standing 87 393 65 168 standing 430 325 60 148 blocking 422 350 46 170 standing 394 393 57 162 standing
32305.jpg l-spike 471 184 62 171 spiking 519 317 62 150 standing 609 207 50 229 blocking 667 376 88 190 standing 361 313 62 107 standing 312 393 122 178 standing 149 405 64 201 standing 138 317 84 144 standing 1009 410 77 152 standing 1139 350 80 156 digging 963 283 65 139 digging
29060.jpg l_set 169 347 74 144 standing 67 440 116 185 standing 448 316 96 113 moving 400 325 49 130 standing 377 406 77 175 moving 332 361 75 154 digging 801 339 43 105 standing 766 376 60 156 standing 801 410 77 178 moving 1145 330 57 148 standing 1128 452 77 167 standing
20980.jpg l-spike 223 430 50 133 standing 1023 469 71 141 moving 1074 426 82 133 standing 990 362 86 135 standing 822 407 92 124 standing 391 458 41 163 standing 340 370 56 131 standing 553 395 67 133 standing 602 376 101 190 spiking 595 440 73 126 standing 730 385 67 208 blocking 747 370 37 197 blocking
22930.jpg l-spike 795 348 52 126 standing 1012 435 58 142 standing 276 443 113 176 moving 431 297 75 116 moving 347 322 66 133 standing 516 379 58 154 standing 471 340 106 167 spiking 594 330 58 199 blocking 619 320 63 131 standing 268 364 44 133 standing 1079 362 55 139 waiting
29110.jpg l-spike 8 391 96 154 moving 141 431 82 170 moving 201 384 99 153 moving 338 352 64 133 standing 362 241 56 175 spiking 1119 385 70 148 standing 1001 436 60 152 standing 946 343 56 135 moving 580 273 70 233 blocking 453 390 66 123 digging
44335.jpg l-spike 386 307 80 120 moving 927 451 71 158 moving 216 471 131 195 moving 430 412 77 139 moving 471 275 64 171 spiking 574 301 43 163 blocking 578 431 67 143 standing 883 339 56 126 standing 1067 379 54 148 standing 588 317 57 154 standing
28885.jpg l-pass 512 439 91 165 moving 437 387 89 137 standing 461 357 73 118 standing 183 429 77 170 standing 167 431 58 133 digging 1003 340 54 158 standing 986 444 60 150 standing 823 374 63 150 standing 776 406 49 182 standing 223 358 69 146 digging
20930.jpg r_set 145 315 56 139 standing 100 431 52 173 standing 72 392 69 143 standing 459 408 41 161 standing 647 350 37 133 standing 485 371 28 154 standing 736 384 60 158 standing 966 430 77 169 standing 1032 415 52 150 standing 1070 315 58 139 standing 846 323 75 100 digging
21000.jpg l-pass 174 430 64 141 waiting 265 376 60 124 waiting 374 435 72 173 digging 451 458 105 161 standing 526 395 67 141 standing 461 388 72 137 standing 653 421 65 158 standing 657 392 56 163 standing 755 401 102 117 standing 890 454 60 136 standing 936 345 83 141 standing 995 382 99 153 standing
35210.jpg l-spike 230 379 90 169 jumping 387 348 65 120 standing 514 369 58 105 standing 556 380 56 146 standing 539 418 58 150 standing 756 393 60 120 moving 657 424 50 143 standing 702 446 71 171 moving 1033 380 67 126 waiting 1088 473 92 141 standing 1164 391 92 161 standing
29005.jpg l-spike 292 415 65 156 standing 369 350 45 126 standing 552 345 52 175 jumping 625 292 62 178 jumping 642 395 75 143 waiting 730 322 84 141 standing 806 466 96 184 standing 896 421 86 154 standing 1025 350 107 152 moving 80 387 79 143 standing 529 447 54 169 standing
28945.jpg l-spike 231 427 73 167 standing 322 371 75 139 standing 367 348 54 122 standing 507 298 54 137 standing 469 391 79 161 spiking 440 412 62 126 moving 664 378 62 214 blocking 956 340 90 137 standing 1197 378 67 148 standing 1148 485 80 143 waiting 701 335 58 120 standing
28925.jpg l_set 134 445 131 172 moving 251 394 76 137 moving 304 347 52 141 moving 405 427 94 174 moving 452 314 94 109 moving 557 328 62 197 setting 778 326 58 125 standing 769 375 43 139 standing 753 426 68 166 standing 1042 337 68 144 standing 1141 446 82 150 standing
28965.jpg r-pass 766 309 116 170 setting 639 357 63 131 moving 1025 333 66 144 standing 1000 426 77 158 standing 563 406 66 144 standing 536 424 49 154 standing 433 460 66 193 standing 417 306 51 147 standing 364 388 73 155 standing 343 361 57 116 standing 237 415 66 170 standing 197 364 61 145 standing
27100.jpg r-pass 127 424 99 150 standing 202 388 101 131 moving 237 334 65 126 standing 257 309 50 120 standing 346 361 45 161 standing 502 308 86 139 standing 733 390 73 150 standing 845 342 67 137 standing 751 286 56 146 digging
58515.jpg l-pass 605 423 83 123 digging 268 412 93 135 waiting 381 387 63 109 moving 463 454 72 137 standing 698 449 60 175 standing 795 360 44 140 standing 824 405 37 151 standing 972 481 70 161 moving 953 384 63 137 standing 1075 411 70 153 standing 819 470 70 166 standing
50060.jpg l-pass 221 413 72 127 standing 315 367 65 158 setting 407 392 66 116 standing 479 356 77 110 standing 486 447 80 164 standing 617 397 38 134 standing 709 463 71 162 standing 698 399 44 123 standing 716 371 51 139 standing 967 455 52 127 standing 940 375 38 136 standing 1138 396 51 142 standing
50025.jpg l-spike 143 427 50 135 standing 284 409 50 141 standing 318 392 58 109 moving 431 449 77 160 standing 516 364 62 92 waiting 643 340 65 169 spiking 718 325 58 167 blocking 738 381 65 118 standing 735 464 43 141 standing 952 461 52 114 digging 946 412 58 109 digging 1198 430 58 143 standing
32155.jpg r-pass 1077 379 60 169 standing 964 323 47 141 standing 818 463 94 192 standing 829 430 69 75 moving 581 368 48 133 standing 766 395 50 150 standing 149 440 62 165 standing 225 357 54 126 standing 499 342 45 148 blocking 495 362 64 169 blocking 462 398 43 167 standing
34285.jpg r_spike 946 423 65 137 standing 733 362 69 133 standing 794 379 55 139 standing 809 385 85 172 standing 884 337 52 122 standing 614 326 86 213 spiking 420 351 66 110 digging 271 340 57 114 digging 116 376 72 134 waiting 254 426 75 156 standing
50285.jpg l-pass 1104 433 61 141 standing 1026 330 68 144 standing 817 333 40 103 standing 797 373 49 142 standing 798 407 52 159 standing 679 410 61 161 standing 479 362 74 134 standing 437 299 49 125 standing 316 379 88 125 digging 196 381 77 153 standing 157 424 54 175 standing
35090.jpg r_set 676 369 54 133 standing 571 350 67 156 setting 195 352 79 112 moving 107 404 58 141 waiting 980 386 84 146 standing 857 445 69 146 standing 623 455 64 169 standing 948 345 71 135 standing 470 373 32 143 standing 454 419 56 152 standing 120 438 97 151 standing
34240.jpg r_set 5 377 107 158 standing 211 334 64 135 standing 399 332 43 152 standing 458 418 50 182 standing 495 385 58 172 standing 640 351 47 154 standing 787 475 96 207 standing 791 332 45 156 standing 825 314 62 160 standing 999 408 78 154 standing 1025 332 62 186 setting
20890.jpg r-pass 1026 440 63 110 digging 935 438 99 133 digging 944 328 68 125 standing 736 376 52 151 standing 682 314 60 125 standing 569 368 60 120 standing 140 410 69 116 waiting 265 401 49 128 standing 461 350 35 133 standing 479 368 54 147 blocking 462 406 55 153 standing
28630.jpg r-pass 21 415 51 142 standing 283 409 54 129 standing 338 432 77 144 standing 365 375 56 129 standing 408 359 37 125 standing 467 425 45 140 standing 738 434 66 131 standing 612 389 63 125 standing 916 392 79 119 standing 850 411 62 65 digging 161 344 32 115 moving
21050.jpg l_set 622 368 52 159 standing 178 494 89 189 moving 304 430 94 164 standing 284 319 52 199 setting 244 351 88 145 standing 381 311 63 113 moving 753 331 44 97 standing 749 390 52 148 standing 738 438 63 158 standing 1051 350 71 125 standing 1127 469 106 156 standing
28460.jpg r_set 1062 376 88 144 moving 966 419 71 151 standing 823 398 88 158 standing 623 402 49 137 standing 628 356 38 141 standing 907 277 52 181 spiking 290 392 57 153 standing 149 353 46 125 standing 178 368 66 148 standing 496 357 52 139 standing 512 384 48 156 standing 459 415 57 164 standing
44185.jpg l-spike 929 495 77 113 waiting 975 407 63 116 waiting 859 379 54 99 standing 656 368 43 114 standing 578 388 41 178 blocking 586 376 30 170 blocking 186 444 61 114 standing 375 430 40 120 standing 416 373 63 116 standing 411 388 61 178 spiking 524 379 30 110 standing 495 348 46 108 standing
44325.jpg l_set 414 314 96 107 moving 8 347 85 117 moving 1037 466 85 145 standing 695 432 57 159 standing 690 373 60 142 standing 702 328 46 85 standing 990 351 57 120 standing 541 323 57 208 setting 544 345 68 137 standing 266 494 76 183 moving 1205 397 71 148 waiting
26945.jpg r-pass 40 408 58 124 standing 223 357 44 111 standing 340 360 32 99 standing 509 363 39 100 moving 545 384 33 115 standing 570 371 44 115 blocking 652 389 35 116 standing 680 429 61 128 standing 1044 436 52 115 waiting 1013 400 43 94 waiting 1051 399 39 117 standing 960 382 47 77 falling
28795.jpg r-pass 793 475 133 72 falling 862 338 77 126 standing 985 356 60 142 standing 587 444 123 72 falling 522 448 77 168 standing 527 412 67 161 standing 399 360 49 142 standing 408 342 56 128 standing 291 396 72 156 standing 269 429 62 165 standing 152 369 56 142 standing 28 374 65 142 standing
44285.jpg l-pass 147 386 121 126 moving 406 454 81 169 standing 519 363 70 146 standing 576 343 74 117 standing 1162 386 45 162 standing 1015 437 40 153 standing 756 442 60 171 standing 749 393 38 157 standing 792 370 38 153 standing 601 433 106 146 moving 238 339 92 135 digging
28420.jpg r-pass 12 393 73 135 standing 415 431 50 158 standing 494 382 47 131 standing 376 384 56 116 standing 941 365 56 126 standing 833 353 94 111 standing 719 432 56 97 digging 611 417 54 124 digging 406 346 43 109 standing 220 374 56 92 waiting 178 440 80 160 moving
28730.jpg l_set 47 467 119 159 moving 189 370 102 142 moving 580 359 71 137 standing 1104 379 57 161 standing 1003 336 61 131 standing 1025 436 69 142 standing 753 340 41 125 standing 716 370 60 110 standing 730 413 58 167 standing 440 350 51 133 standing 478 333 86 100 moving 479 339 66 201 setting
28820.jpg r-pass 997 345 71 164 digging 877 314 82 159 standing 805 413 74 128 falling 656 460 99 74 falling 684 450 125 195 moving 567 390 57 170 standing 420 325 35 154 standing 397 354 44 172 standing 360 387 51 184 standing 93 412 91 178 standing 59 334 44 144 standing 25 353 82 162 standing
27230.jpg l-spike 1099 361 77 160 standing 631 302 60 190 blocking 712 297 77 135 standing 775 325 62 131 standing 795 382 77 135 standing 746 406 92 158 standing 51 353 67 146 standing 209 385 73 165 standing 320 353 65 139 standing 471 314 65 148 standing 532 317 80 173 spiking 538 337 54 178 spiking
44355.jpg l-pass 3 427 127 106 digging 140 368 74 117 moving 338 466 80 159 standing 443 340 66 106 standing 494 365 43 145 standing 585 333 41 108 standing 564 358 38 154 standing 563 428 85 158 standing 816 429 68 144 standing 847 403 82 68 falling 1006 365 61 145 standing
28680.jpg r_spike 7 416 77 141 waiting 142 458 108 148 waiting 252 363 65 117 standing 558 361 41 167 blocking 515 440 54 156 standing 650 322 85 170 spiking 712 362 41 142 standing 824 488 86 182 standing 882 440 92 142 moving 927 390 65 131 moving 966 316 57 134 moving
58385.jpg l_set 216 455 53 153 standing 292 418 56 112 standing 403 364 63 104 moving 321 528 102 163 moving 574 389 70 182 setting 673 429 44 128 blocking 693 490 58 130 standing 701 397 42 126 standing 881 407 57 119 standing 1121 449 58 151 moving 470 451 86 139 moving 1000 504 71 140 standing
58465.jpg r_set 753 352 52 165 setting 806 407 76 130 moving 935 449 44 153 standing 1019 402 85 142 moving 764 536 132 163 moving 648 446 81 151 jumping 291 461 53 160 standing 478 462 58 177 blocking 508 428 42 142 blocking 526 374 33 130 blocking 224 400 55 114 waiting 113 454 68 142 standing
22815.jpg r_set 565 381 43 150 digging 911 434 97 178 moving 983 418 99 146 moving 949 320 73 129 moving 762 275 45 137 moving 687 382 80 154 moving 478 397 62 167 blocking 502 378 39 169 blocking 157 441 58 156 waiting 85 373 75 139 waiting 147 317 69 137 waiting 471 342 41 126 blocking
50105.jpg l-spike 555 397 47 131 standing 454 387 58 127 waiting 404 372 62 115 waiting 285 373 49 123 standing 18 369 84 140 moving 778 419 60 152 standing 631 296 39 168 blocking 898 351 56 141 standing 998 459 77 133 standing 1079 403 58 133 waiting 484 274 47 139 spiking
27030.jpg l-pass 525 425 81 151 standing 169 390 72 161 standing 274 354 57 126 standing 1016 407 46 145 standing 344 316 43 109 digging 813 318 40 147 standing 782 361 30 131 standing 795 400 47 156 standing 882 344 46 132 standing 595 308 44 114 moving 1228 375 49 156 standing 560 337 42 145 standing
27195.jpg r-pass 80 396 79 115 waiting 267 332 100 116 standing 296 426 58 140 waiting 492 353 88 117 waiting 666 365 55 195 standing 966 418 58 135 digging 800 396 52 155 standing 781 360 84 136 waiting 761 335 50 99 waiting 1093 391 72 155 standing 1061 330 63 122 moving
22885.jpg l-pass 579 408 96 155 standing 464 321 64 182 setting 398 307 69 129 moving 310 434 75 172 standing 318 342 53 134 standing 348 376 53 139 standing 753 361 53 161 standing 745 323 48 134 standing 909 479 80 188 moving 857 401 75 161 moving 1107 420 59 161 standing 1226 351 53 161 standing
58495.jpg r_spike 209 421 90 126 digging 584 378 58 129 standing 270 468 90 143 moving 336 392 65 101 waiting 646 367 41 237 blocking 1017 414 45 143 standing 880 392 56 129 standing 907 470 52 135 standing 775 412 47 129 standing 786 351 55 198 spiking 797 419 52 182 standing
35065.jpg r-pass 91 416 65 122 waiting 122 342 58 117 standing 203 418 66 142 standing 426 423 51 150 standing 511 393 46 117 standing 644 495 137 100 falling 435 388 51 110 standing 712 388 69 120 standing 904 438 49 139 standing 1004 373 30 133 standing 891 367 52 113 standing
32240.jpg l-pass 677 378 85 161 standing 265 392 65 178 standing 248 372 131 117 falling 806 289 74 137 moving 814 319 96 120 moving 942 402 52 189 standing 975 330 52 156 standing 998 295 43 150 standing 1122 342 90 159 standing 1242 399 34 168 standing 380 305 107 137 standing
58425.jpg r-pass 230 429 56 110 waiting 280 488 61 140 waiting 367 438 53 150 standing 399 497 79 115 falling 413 370 63 120 standing 507 423 34 180 blocking 587 424 42 127 standing 691 401 96 92 standing 870 426 73 75 waiting 889 472 67 142 setting
34340.jpg r_spike 1125 357 117 148 moving 1032 314 103 114 moving 874 467 117 202 moving 843 390 44 160 standing 687 362 60 147 standing 662 295 54 169 spiking 490 412 75 152 waiting 110 376 66 145 waiting 205 413 85 167 standing 558 319 44 139 standing 583 331 50 192 blocking 277 324 70 121 digging
26990.jpg l-pass 286 381 49 102 waiting 89 396 69 130 waiting 123 416 65 147 waiting 472 426 63 150 standing 943 367 66 117 moving 796 331 58 127 moving 608 331 72 162 jumping 837 466 82 182 moving 592 317 52 175 jumping 1030 389 116 153 standing 506 370 46 151 digging
22780.jpg r-pass 1 322 54 139 standing 151 368 60 124 standing 264 384 45 137 standing 550 357 50 111 standing 672 308 58 118 standing 731 366 43 135 standing 890 319 54 114 standing 1005 424 82 111 standing 897 419 75 131 digging 440 387 75 144 blocking 474 345 48 152 blocking
34185.jpg r_spike 161 345 97 104 waiting 7 365 58 123 waiting 547 339 36 231 blocking 743 375 114 177 spiking 710 341 53 133 standing 1077 361 60 142 standing 937 495 69 158 standing 835 396 58 133 waiting
28340.jpg l-pass 998 429 46 118 standing 830 403 46 126 standing 812 380 34 118 standing 780 384 46 137 blocking 1214 394 53 130 standing 1193 357 81 121 standing 705 387 49 154 standing 560 375 49 114 moving 318 430 53 114 digging 183 402 48 123 standing 441 342 37 102 standing 347 384 55 98 standing
44125.jpg l-pass 238 467 67 86 digging 458 394 61 79 moving 580 443 57 112 standing 436 460 61 113 standing 269 403 46 93 moving 877 439 40 107 standing 868 378 40 95 standing 679 421 43 114 blocking 707 396 50 100 standing 706 379 39 98 standing 1056 424 40 100 waiting 406 359 30 88 standing
50320.jpg l_set 1142 392 72 141 waiting 899 334 66 134 standing 981 426 80 131 standing 659 413 48 151 blocking 659 368 51 119 blocking 677 325 48 130 standing 533 316 61 182 setting 366 404 77 162 moving 25 435 133 178 moving 126 382 105 125 moving 268 348 54 123 standing 375 299 77 110 standing
27185.jpg r_spike 953 406 65 150 standing 228 416 86 156 standing 471 354 86 119 standing 265 319 48 117 standing 808 345 62 178 jumping 758 361 57 133 standing 726 306 63 127 standing 1040 376 61 154 standing 2 390 89 131 waiting 1090 328 77 120 moving 629 334 49 181 standing
50240.jpg r-pass 502 427 75 164 standing 239 361 46 128 standing 699 378 43 144 standing 933 421 69 158 digging 1026 286 52 119 standing 853 311 58 122 standing 1079 415 49 147 standing 1091 353 55 147 standing 189 429 69 153 standing 180 419 57 131 standing 476 376 54 137 standing 454 345 57 116 standing
34280.jpg r_spike 140 438 126 148 moving 938 436 129 133 moving 422 345 41 120 standing 258 339 84 109 standing 92 373 71 133 standing 783 393 122 175 spiking 777 379 67 141 jumping 716 362 65 131 standing 877 319 45 139 moving 581 314 86 233 blocking
28400.jpg l-spike 443 333 65 111 jumping 392 452 91 154 standing 447 471 79 162 standing 329 311 75 147 spiking 273 364 65 111 standing 888 348 65 117 standing 1040 384 49 127 standing 856 444 57 117 waiting 603 444 60 139 standing 572 334 40 167 blocking 598 353 35 147 standing
28610.jpg l-spike 111 409 54 132 standing 897 357 65 122 standing 935 469 84 128 standing 644 382 82 122 standing 464 346 57 116 standing 443 397 61 103 digging 366 420 59 123 waiting 252 375 88 167 spiking 299 322 33 96 standing 542 376 39 182 blocking 1027 399 58 127 waiting
22975.jpg r-pass 119 362 47 145 standing 244 314 58 133 standing 281 383 57 145 standing 397 399 49 158 standing 502 368 36 142 standing 497 336 42 113 standing 607 307 46 144 standing 668 370 49 153 standing 699 423 68 160 standing 783 322 53 126 digging 879 389 61 138 standing 961 340 53 130 standing
58410.jpg l-spike 748 395 83 94 waiting 931 418 49 110 waiting 930 494 72 130 standing 597 407 54 106 standing 447 422 58 162 standing 289 467 48 136 standing 318 419 58 96 standing 407 384 58 199 spiking 543 387 52 212 blocking
28375.jpg l_set 230 392 83 131 moving 463 443 72 159 moving 468 331 55 104 moving 45 482 83 69 falling 322 361 88 118 standing 1022 371 68 128 standing 758 446 49 149 standing 758 392 54 124 standing 628 377 46 192 setting 975 449 69 123 waiting 1236 407 41 139 standing 786 364 37 122 standing
29165.jpg r_set 79 425 71 180 standing 185 346 53 134 standing 482 297 57 170 blocking 492 352 49 170 standing 462 397 49 175 standing 597 354 39 162 jumping 651 315 58 175 setting 717 398 100 180 moving 877 427 70 155 standing 936 315 64 152 standing 1059 370 133 159 moving
34145.jpg r_set 929 477 110 177 moving 1 436 42 180 standing 66 322 60 147 standing 632 364 51 123 standing 946 365 83 162 standing 357 423 58 169 standing 371 376 47 162 standing 798 502 69 145 waiting 745 314 55 177 setting
29130.jpg r-pass 229 388 67 153 standing 69 415 58 170 standing 968 365 88 135 standing 732 388 76 109 standing 347 357 41 149 standing 212 347 55 130 standing 251 329 56 125 standing 470 316 53 165 blocking 781 431 123 105 digging
31650.jpg l_winpoint 977 307 66 172 standing 899 347 92 196 standing 805 244 76 182 standing 736 282 60 170 standing 726 253 90 163 standing 1241 298 38 199 standing 378 250 67 217 standing 267 312 151 192 standing 189 311 119 194 standing 286 296 51 165 standing 328 275 97 165 standing
35265.jpg l_winpoint 456 323 50 203 standing 399 417 57 165 standing 403 363 58 131 standing 314 352 41 148 standing 287 375 43 169 standing 273 352 44 167 standing 1124 363 60 161 standing 1019 333 51 153 standing 1035 412 32 157 standing 781 433 64 189 standing 774 360 41 139 standing 694 394 67 155 standing
51000.jpg r_winpoint 360 403 74 92 falling 752 408 44 163 standing 715 428 47 164 standing 606 361 68 130 standing 925 433 104 161 moving 864 389 49 142 jumping 957 323 41 124 moving 1040 328 86 172 moving 1139 437 72 162 jumping 1140 407 71 137 standing 221 381 60 139 standing 226 450 82 157 standing
51645.jpg l_winpoint 345 380 87 148 standing 420 394 74 144 standing 454 372 54 141 standing 475 396 92 142 standing 542 381 67 139 standing 530 345 74 143 standing 743 410 48 151 standing 797 471 70 180 standing 845 400 60 135 standing 968 427 45 143 standing 989 355 56 149 standing 1155 371 76 146 standing
50385.jpg l_winpoint 43 335 72 155 standing 159 321 49 157 standing 138 342 121 220 standing 64 377 111 180 standing 41 361 46 171 standing 342 310 55 157 standing 393 315 77 153 standing 434 403 91 188 standing 684 393 69 165 standing 709 283 47 154 standing 864 363 67 174 standing
44970.jpg r_winpoint 1122 496 72 145 standing 1123 398 62 119 standing 849 448 90 155 standing 862 410 90 136 standing 907 370 38 135 standing 611 432 60 147 standing 554 383 46 134 standing 501 342 42 111 standing 366 428 87 65 falling 260 424 78 144 standing 420 492 70 165 standing
37470.jpg l_winpoint 103 332 50 152 standing 125 305 102 165 standing 98 362 111 163 standing 199 349 112 166 standing 274 321 52 149 jumping 318 322 50 167 standing 710 353 65 150 standing 742 365 60 163 standing 840 281 49 145 standing 795 439 66 196 standing 961 387 57 158 standing 1123 311 73 162 standing
45660.jpg r_winpoint 1082 410 55 145 standing 812 445 72 167 standing 903 358 73 140 standing 928 295 48 135 standing 857 317 62 165 standing 812 358 62 163 standing 644 315 51 152 standing 640 290 54 172 standing 510 366 72 141 standing 288 430 60 163 standing 297 322 44 135 standing 92 403 65 164 standing
34395.jpg l_winpoint 1079 354 48 159 standing 961 400 62 156 standing 920 305 39 153 standing 831 403 69 179 standing 685 361 55 160 standing 704 351 59 147 standing 545 326 55 148 standing 459 302 58 122 standing 437 348 59 164 standing 408 308 39 146 standing 142 411 84 177 standing 165 353 89 152 standing
43710.jpg r_winpoint 92 337 82 153 standing 285 337 66 148 standing 251 386 102 155 standing 392 312 76 149 standing 451 342 58 170 standing 454 393 83 166 standing 610 395 46 148 standing 658 319 69 159 standing 744 341 65 144 standing 792 367 98 156 moving 789 406 69 183 standing 1145 404 73 164 standing
38670.jpg l_winpoint 53 341 58 141 standing 206 353 57 160 standing 255 312 69 159 standing 295 371 59 167 standing 397 337 61 139 standing 380 390 76 182 standing 540 313 44 158 standing 485 313 82 132 standing 704 354 63 89 falling 902 370 75 160 standing 997 327 50 135 standing 756 432 66 185 standing
48990.jpg l_winpoint 1012 412 60 170 standing 1053 337 53 154 standing 967 403 57 162 standing 588 382 73 153 standing 607 355 71 152 standing 555 349 78 134 standing 534 388 63 135 standing 490 367 70 136 standing 275 445 102 163 standing
43185.jpg l_winpoint 788 350 47 140 standing 626 401 55 146 standing 610 313 46 122 standing 418 411 81 173 standing 345 349 59 153 standing 363 310 44 147 standing 215 330 41 137 standing 133 323 76 132 standing 69 378 92 168 standing 34 347 74 162 standing 70 350 47 147 standing 4 442 90 169 standing
49440.jpg r_winpoint 1154 430 79 190 standing 962 471 127 172 moving 1092 392 82 148 standing 1116 370 106 137 standing 989 402 79 162 standing 825 430 57 177 standing 800 441 49 175 standing 666 350 52 142 standing 486 433 72 165 standing 490 381 90 109 standing 205 415 53 160 standing
33000.jpg l_winpoint 994 315 52 151 standing 809 344 57 99 falling 750 353 56 151 standing 686 388 68 191 standing 616 336 78 111 falling 578 307 48 151 standing 353 375 115 174 standing 353 328 55 162 standing 338 313 46 142 standing 352 293 47 137 standing 276 329 60 163 standing 132 358 142 170 standing
